1 -0.1702 -0.0618 0.1623 21.0063511 105.6944134 20190811060556 
1 0.0196 -0.0413 -0.0319 21.0063511 105.6944134 20190811060556 
1 0.0314 -0.0011 -0.4638 21.0063511 105.6944134 20190811060556 
1 0.0137 0.1184 -0.0941 21.0063511 105.6944134 20190811060556 
1 -0.0740 -0.0161 0.1836 21.0063511 105.6944134 20190811060556 
1 -0.1123 0.0462 0.2125 21.0063511 105.6944134 20190811060556 
1 -0.2021 -0.0336 -0.0533 21.0063511 105.6944134 20190811060556 
1 -0.3353 0.0055 0.2674 21.0063511 105.6944134 20190811060556 
1 0.4415 0.1701 0.1207 21.0063511 105.6944134 20190811060556 
1 -0.2237 -0.0594 -0.1750 21.0063511 105.6944134 20190811060556 
1 0.2607 0.0901 0.0248 21.0063511 105.6944134 20190811060556 
1 -0.0679 -0.0446 0.1068 21.0063511 105.6944134 20190811060556 
1 -0.1641 0.1115 0.4418 21.0063181 105.6942268 20190811060556 
1 0.1349 0.0799 0.2948 21.0063181 105.6942268 20190811060557 
1 0.0416 -0.1041 0.2467 21.0063181 105.6942268 20190811060557 
1 0.1320 0.2500 -0.6272 21.0063181 105.6942268 20190811060557 
1 -0.0858 0.0138 -0.5117 21.0063181 105.6942268 20190811060557 
1 -0.0346 -0.0642 0.4786 21.0063181 105.6942268 20190811060557 
1 -0.0801 0.0380 0.3852 21.0063181 105.6942268 20190811060557 
1 0.0914 0.1363 0.1828 21.0063181 105.6942268 20190811060557 
1 -0.2312 0.2258 0.1041 21.0063181 105.6942268 20190811060557 
1 0.2372 -0.0005 -0.0837 21.0063181 105.6942268 20190811060557 
1 0.1420 0.1872 -0.4923 21.0063181 105.6942268 20190811060557 
1 -0.0939 0.0785 -0.1938 21.0063181 105.6942268 20190811060557 
1 -0.1282 0.0697 0.2152 21.0063181 105.6942268 20190811060557 
1 0.3238 0.2560 0.1651 21.0063181 105.6942268 20190811060557 
1 -0.0391 0.0766 -0.0312 21.0063181 105.6942268 20190811060557 
1 -0.0815 0.1153 -0.2492 21.0063181 105.6942268 20190811060557 
1 0.0248 0.1383 -0.4566 21.0063181 105.6942268 20190811060557 
1 0.0345 -0.0519 -0.2653 21.0063181 105.6942268 20190811060557 
1 -0.0311 0.1535 0.0224 21.0063181 105.6942268 20190811060557 
1 -0.0633 0.0877 -0.0625 21.0063181 105.6942268 20190811060557 
1 0.1075 0.0495 0.0916 21.0063181 105.6942268 20190811060557 
1 0.2270 0.1282 0.2676 21.0063181 105.6942268 20190811060557 
1 -0.3634 0.0195 0.2669 21.0063181 105.6942268 20190811060557 
1 0.0407 0.1692 0.1484 21.0063181 105.6942268 20190811060557 
1 -0.0567 0.0360 0.3455 21.0063181 105.6942268 20190811060557 
1 -0.0943 0.0816 0.4747 21.0063181 105.6942268 20190811060557 
1 0.0593 0.1360 0.2888 21.0063181 105.6942268 20190811060557 
1 0.0570 0.1210 0.1980 21.0063181 105.6942268 20190811060557 
1 -0.0708 0.1510 0.4117 21.0063181 105.6942268 20190811060557 
1 0.1057 0.0104 0.6362 21.0063181 105.6942268 20190811060557 
1 0.3252 0.2607 -0.0805 21.0063181 105.6942268 20190811060557 
1 0.0822 0.1880 -0.2141 21.0063181 105.6942268 20190811060557 
1 -0.1325 0.0039 0.2573 21.0063181 105.6942268 20190811060557 
1 0.2055 0.1759 -0.1372 21.0063181 105.6942268 20190811060557 
1 0.1069 0.2831 -0.6205 21.0063181 105.6942268 20190811060557 
1 -0.0544 0.1885 -0.1294 21.0063181 105.6942268 20190811060557 
1 -0.1158 0.0890 0.0848 21.0063181 105.6942268 20190811060557 
1 0.3837 0.2755 -0.6950 21.0063181 105.6942268 20190811060557 
1 -0.0025 0.1199 -0.9197 21.0063181 105.6942268 20190811060557 
1 -0.0954 0.2290 -0.6067 21.0063181 105.6942268 20190811060557 
1 0.0305 0.2069 -0.4632 21.0063181 105.6942268 20190811060557 
1 0.0076 0.0610 -0.6896 21.0063181 105.6942268 20190811060557 
1 0.0496 0.2225 -0.9841 21.0063181 105.6942268 20190811060557 
1 -0.2676 0.1691 -0.7695 21.0063181 105.6942268 20190811060557 
1 0.1526 0.1232 -0.4938 21.0063181 105.6942268 20190811060557 
1 -0.1547 0.1911 -0.9864 21.0063181 105.6942268 20190811060557 
1 0.0847 0.1175 -0.7985 21.0063181 105.6942268 20190811060557 
1 -0.3165 0.1216 -0.2553 21.0063181 105.6942268 20190811060557 
1 -0.0289 0.1670 -0.2223 21.0063181 105.6942268 20190811060558 
1 0.0511 -0.0335 -0.0406 21.0063181 105.6942268 20190811060558 
1 -0.0408 0.1588 0.0740 21.0063181 105.6942268 20190811060558 
1 -0.2243 -0.0126 0.1705 21.0062803 105.6940416 20190811060558 
1 -0.1204 -0.0527 0.4283 21.0062803 105.6940416 20190811060558 
1 0.1504 0.1039 0.7425 21.0062803 105.6940416 20190811060558 
1 -0.1187 0.0767 0.9761 21.0062803 105.6940416 20190811060558 
1 -0.3434 0.0129 1.3708 21.0062803 105.6940416 20190811060558 
1 0.4677 0.1461 1.6002 21.0062803 105.6940416 20190811060558 
1 0.0189 0.0558 1.2705 21.0062803 105.6940416 20190811060558 
1 -0.1765 -0.0858 1.2675 21.0062803 105.6940416 20190811060558 
1 0.2285 0.0696 1.1816 21.0062803 105.6940416 20190811060558 
1 0.1631 0.0579 1.4116 21.0062803 105.6940416 20190811060558 
1 -0.0829 0.1450 0.7666 21.0062803 105.6940416 20190811060558 
1 0.1324 0.1213 0.3336 21.0062803 105.6940416 20190811060558 
1 0.2524 0.1188 0.2288 21.0062803 105.6940416 20190811060558 
1 0.2126 0.1785 -0.0033 21.0062803 105.6940416 20190811060558 
1 0.1239 0.0760 -0.3437 21.0062803 105.6940416 20190811060558 
1 -0.1360 -0.0933 -0.3636 21.0062803 105.6940416 20190811060558 
1 0.2716 0.1559 -0.6196 21.0062803 105.6940416 20190811060558 
1 -0.0263 0.2090 -0.8025 21.0062803 105.6940416 20190811060558 
1 0.0484 0.0638 -0.4888 21.0062803 105.6940416 20190811060558 
1 0.0250 0.1413 -0.8379 21.0062803 105.6940416 20190811060558 
1 0.1071 0.0353 -0.8946 21.0062803 105.6940416 20190811060558 
1 -0.2805 0.1312 -0.9747 21.0062803 105.6940416 20190811060558 
1 0.1111 -0.0278 -0.9083 21.0062803 105.6940416 20190811060558 
1 -0.1188 -0.0620 -0.7893 21.0062803 105.6940416 20190811060558 
1 0.0424 0.1416 -0.8507 21.0062803 105.6940416 20190811060558 
1 -0.0073 0.0982 -0.8730 21.0062803 105.6940416 20190811060558 
1 -0.1709 -0.0577 -0.4050 21.0062803 105.6940416 20190811060558 
1 0.0429 -0.0144 0.0510 21.0062803 105.6940416 20190811060558 
1 0.0251 0.2158 -0.5193 21.0062803 105.6940416 20190811060558 
1 -0.0270 0.0002 -0.2366 21.0062803 105.6940416 20190811060558 
1 -0.0397 -0.0914 0.2765 21.0062803 105.6940416 20190811060558 
1 0.0886 0.0895 0.2063 21.0062803 105.6940416 20190811060558 
1 0.2454 0.0242 -0.2715 21.0062803 105.6940416 20190811060558 
1 -0.4350 -0.1018 0.2556 21.0062803 105.6940416 20190811060558 
1 0.0829 0.0931 0.3335 21.0062803 105.6940416 20190811060558 
1 0.0585 0.1225 -0.0570 21.0062803 105.6940416 20190811060558 
1 0.0066 -0.2746 0.6143 21.0062803 105.6940416 20190811060558 
1 0.2250 0.1084 0.3897 21.0062803 105.6940416 20190811060558 
1 -0.2243 0.0920 0.1829 21.0062803 105.6940416 20190811060558 
1 0.0904 -0.1060 0.7615 21.0062803 105.6940416 20190811060558 
1 -0.2066 -0.1553 0.6407 21.0062803 105.6940416 20190811060558 
1 -0.1329 -0.0066 0.1203 21.0062803 105.6940416 20190811060558 
1 0.1502 0.0006 0.4307 21.0062803 105.6940416 20190811060558 
1 0.0296 -0.0984 0.5417 21.0062803 105.6940416 20190811060558 
1 -0.1438 -0.1418 0.7042 21.0062803 105.6940416 20190811060558 
1 0.0698 0.0670 0.3869 21.0062803 105.6940416 20190811060558 
1 -0.2511 -0.0363 0.3764 21.0062803 105.6940416 20190811060558 
1 0.2950 0.0327 0.2770 21.0062803 105.6940416 20190811060559 
1 -0.0984 -0.0324 -0.2447 21.0062803 105.6940416 20190811060559 
1 0.0488 -0.0682 0.0368 21.0062457 105.6938609 20190811060559 
1 0.0574 0.0482 -0.1742 21.0062457 105.6938609 20190811060559 
1 -0.0816 -0.0363 -0.1072 21.0062457 105.6938609 20190811060559 
1 0.0366 -0.1294 0.1728 21.0062457 105.6938609 20190811060559 
1 -0.1116 0.0604 -0.4767 21.0062457 105.6938609 20190811060559 
1 0.0640 -0.0264 -0.3898 21.0062457 105.6938609 20190811060559 
1 -0.0173 -0.1808 0.1257 21.0062457 105.6938609 20190811060559 
1 0.0636 0.0566 -0.0994 21.0062457 105.6938609 20190811060559 
1 0.1755 -0.0560 -0.5067 21.0062457 105.6938609 20190811060559 
1 -0.0780 -0.0683 -0.0727 21.0062457 105.6938609 20190811060559 
1 -0.0819 0.0040 -0.0060 21.0062457 105.6938609 20190811060559 
1 0.0285 -0.1550 -0.0469 21.0062457 105.6938609 20190811060559 
1 -0.1362 -0.0175 -0.2637 21.0062457 105.6938609 20190811060559 
1 0.1502 -0.0800 -0.2601 21.0062457 105.6938609 20190811060559 
1 0.1625 -0.1352 -0.2007 21.0062457 105.6938609 20190811060559 
1 -0.4526 -0.2841 0.1861 21.0062457 105.6938609 20190811060559 
1 0.4097 -0.1052 -0.0728 21.0062457 105.6938609 20190811060559 
1 -0.4445 -0.1178 -0.3631 21.0062457 105.6938609 20190811060559 
1 0.0586 -0.2688 0.0536 21.0062457 105.6938609 20190811060559 
1 -0.2551 -0.1119 -0.1871 21.0062457 105.6938609 20190811060559 
1 0.1173 -0.3821 0.2381 21.0062457 105.6938609 20190811060559 
1 -0.0621 -0.2141 0.4704 21.0062457 105.6938609 20190811060559 
1 -0.0907 -0.0538 0.2047 21.0062457 105.6938609 20190811060559 
1 -0.1135 -0.2998 0.2674 21.0062457 105.6938609 20190811060559 
1 0.2194 -0.1650 0.2947 21.0062457 105.6938609 20190811060559 
1 -0.2922 -0.3114 0.0978 21.0062457 105.6938609 20190811060559 
1 0.0601 -0.3260 0.2859 21.0062457 105.6938609 20190811060559 
1 0.2319 -0.1289 0.0495 21.0062457 105.6938609 20190811060559 
1 0.1490 -0.0440 -0.4861 21.0062457 105.6938609 20190811060559 
1 -0.1767 -0.3534 -0.0827 21.0062457 105.6938609 20190811060559 
1 0.1527 -0.8269 0.6389 21.0062457 105.6938609 20190811060559 
1 -0.1043 -0.4901 0.0106 21.0062457 105.6938609 20190811060559 
1 0.1112 0.2827 -0.6080 21.0062457 105.6938609 20190811060559 
1 0.1589 -0.4428 -0.3166 21.0062457 105.6938609 20190811060559 
1 -0.1871 -0.8077 -0.0591 21.0062457 105.6938609 20190811060559 
1 0.2073 -0.0808 -0.7048 21.0062457 105.6938609 20190811060559 
1 0.1186 -0.0375 -0.6344 21.0062457 105.6938609 20190811060559 
1 -0.0435 -0.3981 -0.3623 21.0062457 105.6938609 20190811060559 
1 -0.1949 -0.3986 -0.0499 21.0062457 105.6938609 20190811060559 
1 0.2079 -0.0979 -0.4457 21.0062457 105.6938609 20190811060559 
1 -0.0268 -0.1063 -0.5763 21.0062457 105.6938609 20190811060559 
1 0.2090 -0.3308 -0.4086 21.0062457 105.6938609 20190811060559 
1 0.0135 -0.4549 -0.3351 21.0062457 105.6938609 20190811060559 
1 0.0748 -0.5196 -0.4374 21.0062457 105.6938609 20190811060559 
1 -0.0475 -0.0126 -0.5249 21.0062457 105.6938609 20190811060559 
1 0.0242 -0.2029 -0.2185 21.0062457 105.6938609 20190811060559 
1 0.2068 -0.3926 -0.2892 21.0062457 105.6938609 20190811060559 
1 0.0821 -0.4261 -0.0352 21.0062457 105.6938609 20190811060559 
1 0.0749 -0.0220 -0.0441 21.0062457 105.6938609 20190811060559 
1 0.0611 -0.2540 0.5980 21.0062182 105.6936808 20190811060600 
1 -0.0575 -0.4104 0.8059 21.0062182 105.6936808 20190811060600 
1 -0.0272 -0.1645 0.1068 21.0062182 105.6936808 20190811060600 
1 0.1863 -0.2056 -0.1612 21.0062182 105.6936808 20190811060600 
1 -0.0642 -0.3016 0.8272 21.0062182 105.6936808 20190811060600 
1 -0.0102 -0.1903 0.4931 21.0062182 105.6936808 20190811060600 
1 -0.0999 -0.0982 -0.8195 21.0062182 105.6936808 20190811060600 
1 0.1244 -0.3957 0.0522 21.0062182 105.6936808 20190811060600 
1 0.0073 -0.1512 0.3430 21.0062182 105.6936808 20190811060600 
1 -0.0991 0.0452 -0.3513 21.0062182 105.6936808 20190811060600 
1 -0.0883 -0.3740 0.4053 21.0062182 105.6936808 20190811060600 
1 -0.0224 -0.1990 0.5006 21.0062182 105.6936808 20190811060600 
1 -0.0551 0.0240 -0.7999 21.0062182 105.6936808 20190811060600 
1 -0.0824 -0.2610 -0.5438 21.0062182 105.6936808 20190811060600 
1 0.2372 -0.3492 -0.0236 21.0062182 105.6936808 20190811060600 
1 0.0206 -0.2077 0.2814 21.0062182 105.6936808 20190811060600 
1 -0.0170 -0.0592 0.1429 21.0062182 105.6936808 20190811060600 
1 0.0916 -0.1225 0.4092 21.0062182 105.6936808 20190811060600 
1 0.1617 -0.0784 0.3970 21.0062182 105.6936808 20190811060600 
1 -0.0719 -0.1494 -0.0303 21.0062182 105.6936808 20190811060600 
1 -0.0944 -0.4070 0.3741 21.0062182 105.6936808 20190811060600 
1 -0.1200 -0.1215 0.5757 21.0062182 105.6936808 20190811060600 
1 -0.0410 -0.0756 0.3172 21.0062182 105.6936808 20190811060600 
1 -0.2582 -0.2112 0.2764 21.0062182 105.6936808 20190811060600 
1 -0.0241 -0.1594 0.6591 21.0062182 105.6936808 20190811060600 
1 0.0609 0.0933 -0.1034 21.0062182 105.6936808 20190811060600 
1 -0.0830 -0.0446 -0.0891 21.0062182 105.6936808 20190811060600 
1 -0.0861 -0.2019 0.6168 21.0062182 105.6936808 20190811060600 
1 -0.0539 -0.0591 0.4247 21.0062182 105.6936808 20190811060600 
1 0.1361 -0.0207 -0.2661 21.0062182 105.6936808 20190811060600 
1 -0.3508 -0.0326 -0.2359 21.0062182 105.6936808 20190811060600 
1 0.1865 -0.0497 0.1960 21.0062182 105.6936808 20190811060600 
1 0.1512 0.0687 -0.7551 21.0062182 105.6936808 20190811060600 
1 0.0468 0.0328 -0.9333 21.0062182 105.6936808 20190811060600 
1 0.3502 -0.1373 -0.2828 21.0062182 105.6936808 20190811060600 
1 -0.0323 -0.1942 -0.0381 21.0062182 105.6936808 20190811060600 
1 0.1027 -0.0206 -0.3594 21.0062182 105.6936808 20190811060600 
1 0.0260 -0.0171 -0.7332 21.0062182 105.6936808 20190811060600 
1 -0.0344 -0.0981 -0.2746 21.0062182 105.6936808 20190811060600 
1 0.0865 -0.1017 -0.0914 21.0062182 105.6936808 20190811060600 
1 -0.1435 -0.0972 -0.3790 21.0062182 105.6936808 20190811060600 
1 -0.0200 0.0501 -0.2354 21.0062182 105.6936808 20190811060600 
1 -0.0002 0.0393 -0.3623 21.0062182 105.6936808 20190811060600 
1 -0.3420 -0.1997 0.4662 21.0062182 105.6936808 20190811060600 
1 -0.0357 -0.0525 0.2697 21.0062182 105.6936808 20190811060600 
1 -0.3565 0.1013 -0.3034 21.0062182 105.6936808 20190811060600 
1 -0.2888 -0.2124 0.4640 21.0062182 105.6936808 20190811060600 
1 -0.2171 -0.2562 0.7848 21.0062182 105.6936808 20190811060600 
1 -0.2020 0.0248 -0.2028 21.006185 105.6934957 20190811060600 
1 -0.1126 -0.1688 -0.1004 21.006185 105.6934957 20190811060601 
1 -0.1146 -0.1836 0.7644 21.006185 105.6934957 20190811060601 
1 -0.2524 0.0092 0.4514 21.006185 105.6934957 20190811060601 
1 -0.2266 -0.1862 0.3453 21.006185 105.6934957 20190811060601 
1 -0.2872 -0.1175 0.7222 21.006185 105.6934957 20190811060601 
1 -0.0478 0.0147 0.6717 21.006185 105.6934957 20190811060601 
1 -0.0012 0.0214 0.2657 21.006185 105.6934957 20190811060601 
1 -0.3815 -0.1008 0.5592 21.006185 105.6934957 20190811060601 
1 -0.2415 -0.0768 0.3564 21.006185 105.6934957 20190811060601 
1 0.1017 0.0617 -0.2886 21.006185 105.6934957 20190811060601 
1 -0.0399 0.0055 -0.0810 21.006185 105.6934957 20190811060601 
1 -0.3570 -0.0377 0.2733 21.006185 105.6934957 20190811060601 
1 0.0149 -0.1947 0.0475 21.006185 105.6934957 20190811060601 
1 0.1120 0.0187 -0.6068 21.006185 105.6934957 20190811060601 
1 -0.4054 0.3176 -1.1407 21.006185 105.6934957 20190811060601 
1 -0.3451 -0.3128 0.4485 21.006185 105.6934957 20190811060601 
1 -0.2060 -0.0032 0.2329 21.006185 105.6934957 20190811060601 
1 0.0818 0.2705 -0.9814 21.006185 105.6934957 20190811060601 
1 -0.1691 -0.0497 -0.7313 21.006185 105.6934957 20190811060601 
1 -0.3181 -0.0828 -0.0870 21.006185 105.6934957 20190811060601 
1 0.3409 -0.0282 -0.5867 21.006185 105.6934957 20190811060601 
1 -0.6091 0.1025 -1.1592 21.006185 105.6934957 20190811060601 
1 -0.1515 0.1233 -0.4392 21.006185 105.6934957 20190811060601 
1 -0.1484 0.0429 -0.6219 21.006185 105.6934957 20190811060601 
1 -0.0766 0.2303 -1.0829 21.006185 105.6934957 20190811060601 
1 0.0592 0.2161 -1.3216 21.006185 105.6934957 20190811060601 
1 0.1510 0.1459 -1.2857 21.006185 105.6934957 20190811060601 
1 -0.3673 -0.0043 -0.5342 21.006185 105.6934957 20190811060601 
1 0.0469 0.2052 -0.7687 21.006185 105.6934957 20190811060601 
1 -0.2823 0.1499 -1.4793 21.006185 105.6934957 20190811060601 
1 0.1075 -0.0124 -1.1227 21.006185 105.6934957 20190811060601 
1 -0.4430 0.0183 -1.1272 21.006185 105.6934957 20190811060601 
1 0.0966 -0.0147 -0.8794 21.006185 105.6934957 20190811060601 
1 -0.0657 -0.0832 -0.9301 21.006185 105.6934957 20190811060601 
1 -0.1701 0.0129 -0.8303 21.006185 105.6934957 20190811060601 
1 0.0902 0.0102 -0.1615 21.006185 105.6934957 20190811060601 
1 -0.3593 -0.1202 0.8034 21.006185 105.6934957 20190811060601 
1 -0.0326 -0.1567 1.4587 21.006185 105.6934957 20190811060601 
1 -0.2182 -0.0543 1.3638 21.006185 105.6934957 20190811060601 
1 -0.1108 -0.1018 1.6009 21.006185 105.6934957 20190811060601 
1 -0.2178 0.0426 1.6885 21.006185 105.6934957 20190811060601 
1 -0.1444 -0.0799 1.3733 21.006185 105.6934957 20190811060601 
1 -0.7367 -0.2542 2.0519 21.006185 105.6934957 20190811060601 
1 -0.2463 0.0615 1.8822 21.006185 105.6934957 20190811060601 
1 -0.6962 -0.0128 2.1135 21.006185 105.6934957 20190811060601 
1 -0.2238 0.0425 1.9284 21.006185 105.6934957 20190811060601 
1 -0.5398 0.1884 1.1137 21.006185 105.6934957 20190811060601 
1 -0.1816 0.0668 0.7695 21.006185 105.6934957 20190811060601 
1 -0.7452 -0.1013 0.8865 21.006185 105.6934957 20190811060601 
1 -0.3642 0.0902 0.5656 21.006185 105.6934957 20190811060601 
1 -0.0062 0.3252 -0.2874 21.0061565 105.6933104 20190811060602 
1 -0.6408 -0.2103 0.7618 21.0061565 105.6933104 20190811060602 
1 -0.3454 0.0264 0.6254 21.0061565 105.6933104 20190811060602 
1 -0.1171 0.8505 -2.4620 21.0061565 105.6933104 20190811060602 
1 -0.4532 -0.1946 -0.8915 21.0061565 105.6933104 20190811060602 
1 -1.1488 -0.4234 0.8681 21.0061565 105.6933104 20190811060602 
1 0.1407 0.1411 -0.2502 21.0061565 105.6933104 20190811060602 
1 0.2351 0.6392 -1.9021 21.0061565 105.6933104 20190811060602 
1 0.7368 -0.2993 0.5007 21.0061565 105.6933104 20190811060602 
1 -1.5571 -0.0957 -1.0691 21.0061565 105.6933104 20190811060602 
1 0.2784 0.1760 -2.3972 21.0061565 105.6933104 20190811060602 
1 0.1631 0.0319 -1.6262 21.0061565 105.6933104 20190811060602 
1 -1.1368 0.2162 1.0696 21.0061565 105.6933104 20190811060602 
1 -0.2206 -0.2765 0.5641 21.0061565 105.6933104 20190811060602 
1 1.1269 -0.0881 -0.5756 21.0061565 105.6933104 20190811060602 
1 0.0828 0.2023 -0.7039 21.0061565 105.6933104 20190811060602 
1 -0.4654 0.1241 -1.3272 21.0061565 105.6933104 20190811060602 
1 -0.4971 -0.2963 -0.0279 21.0061565 105.6933104 20190811060602 
1 0.5206 -0.1496 0.1247 21.0061565 105.6933104 20190811060602 
1 -0.3027 0.0785 -0.5039 21.0061565 105.6933104 20190811060602 
1 -0.2859 0.1395 0.4942 21.0061565 105.6933104 20190811060602 
1 0.3486 0.0399 0.5994 21.0061565 105.6933104 20190811060602 
1 -0.1536 0.1349 -0.1536 21.0061565 105.6933104 20190811060602 
1 -0.4962 -0.1563 0.0761 21.0061565 105.6933104 20190811060602 
1 -0.2936 -0.2186 0.6702 21.0061565 105.6933104 20190811060602 
1 0.1239 0.2710 0.2144 21.0061565 105.6933104 20190811060602 
1 -0.3158 0.1484 0.1013 21.0061565 105.6933104 20190811060602 
1 -0.1643 -0.0884 0.1984 21.0061565 105.6933104 20190811060602 
1 0.0372 -0.1079 0.2539 21.0061565 105.6933104 20190811060602 
1 -0.2232 0.3383 -0.6055 21.0061565 105.6933104 20190811060602 
1 -0.4494 -0.0160 0.2318 21.0061565 105.6933104 20190811060602 
1 -0.0620 0.0330 0.6583 21.0061565 105.6933104 20190811060602 
1 -0.4756 0.1114 0.0277 21.0061565 105.6933104 20190811060602 
1 -0.2728 0.0388 -0.0542 21.0061565 105.6933104 20190811060602 
1 -0.2143 0.0812 -0.2596 21.0061565 105.6933104 20190811060602 
1 0.0149 0.0092 -0.3912 21.0061565 105.6933104 20190811060602 
1 -0.0877 0.1539 -0.5893 21.0061565 105.6933104 20190811060602 
1 -0.0687 0.0168 -0.0813 21.0061565 105.6933104 20190811060602 
1 0.0609 0.0493 0.1181 21.0061565 105.6933104 20190811060602 
1 -0.1257 0.0836 0.1223 21.0061565 105.6933104 20190811060602 
1 -0.1200 0.2308 -0.5211 21.0061565 105.6933104 20190811060602 
1 0.1032 0.0633 -0.3492 21.0061565 105.6933104 20190811060602 
1 -0.0236 -0.0888 -0.0643 21.0061565 105.6933104 20190811060602 
1 -0.1488 0.0833 0.0557 21.0061565 105.6933104 20190811060602 
1 0.2862 -0.0013 0.0159 21.0061565 105.6933104 20190811060602 
1 -0.4426 0.1375 0.0231 21.0061565 105.6933104 20190811060602 
1 0.0658 0.0809 0.2318 21.0061565 105.6933104 20190811060602 
1 -0.2905 0.3542 -0.3933 21.0061565 105.6933104 20190811060602 
1 -0.2954 0.2221 -0.4476 21.0061565 105.6933104 20190811060602 
1 -0.3501 -0.2448 1.0267 21.0061086 105.6931223 20190811060603 
1 0.0464 0.3996 0.0608 21.0061086 105.6931223 20190811060603 
1 0.0211 0.1874 -0.1905 21.0061086 105.6931223 20190811060603 
1 -0.2221 0.0435 0.4731 21.0061086 105.6931223 20190811060603 
1 -0.3250 -0.0278 0.8772 21.0061086 105.6931223 20190811060603 
1 0.3010 0.1396 -0.4911 21.0061086 105.6931223 20190811060603 
1 -0.3646 0.1679 -0.7698 21.0061086 105.6931223 20190811060603 
1 -0.3375 -0.0192 0.6776 21.0061086 105.6931223 20190811060603 
1 -0.0105 0.2924 -0.1102 21.0061086 105.6931223 20190811060603 
1 0.2773 0.0357 -0.3646 21.0061086 105.6931223 20190811060603 
1 -0.3077 -0.0388 0.2041 21.0061086 105.6931223 20190811060603 
1 0.0607 0.3094 -0.3022 21.0061086 105.6931223 20190811060603 
1 0.0499 0.1879 -0.4027 21.0061086 105.6931223 20190811060603 
1 0.0040 0.1440 0.1540 21.0061086 105.6931223 20190811060603 
1 -0.0831 -0.0233 0.3972 21.0061086 105.6931223 20190811060603 
1 0.0520 0.1611 0.0106 21.0061086 105.6931223 20190811060603 
1 -0.0035 0.2780 -0.6097 21.0061086 105.6931223 20190811060603 
1 0.0744 -0.0374 -0.0992 21.0061086 105.6931223 20190811060603 
1 -0.0917 0.0541 -0.1170 21.0061086 105.6931223 20190811060603 
1 0.3396 0.0593 -0.2403 21.0061086 105.6931223 20190811060603 
1 -0.0686 0.0542 0.0612 21.0061086 105.6931223 20190811060603 
1 0.0857 0.1961 0.1963 21.0061086 105.6931223 20190811060603 
1 0.0265 0.0427 0.3428 21.0061086 105.6931223 20190811060603 
1 -0.2854 0.1281 0.2184 21.0061086 105.6931223 20190811060603 
1 0.5580 0.3024 -0.2056 21.0061086 105.6931223 20190811060603 
1 -0.1948 -0.0244 0.2039 21.0061086 105.6931223 20190811060603 
1 0.0916 0.2499 0.3756 21.0061086 105.6931223 20190811060603 
1 0.2770 0.0923 -0.0731 21.0061086 105.6931223 20190811060603 
1 -0.2844 0.0723 0.0660 21.0061086 105.6931223 20190811060603 
1 -0.2122 0.0055 0.2508 21.0061086 105.6931223 20190811060603 
1 0.4084 0.1574 -0.3831 21.0061086 105.6931223 20190811060603 
1 -0.0500 0.1072 -0.6346 21.0061086 105.6931223 20190811060603 
1 0.0342 0.0230 -0.1043 21.0061086 105.6931223 20190811060603 
1 0.2738 0.2031 -0.0319 21.0061086 105.6931223 20190811060603 
1 -0.0786 0.0690 0.2434 21.0061086 105.6931223 20190811060603 
1 -0.0221 0.0839 0.2905 21.0061086 105.6931223 20190811060603 
1 -0.0608 0.0825 -0.3299 21.0061086 105.6931223 20190811060603 
1 0.1788 0.1790 -0.2645 21.0061086 105.6931223 20190811060603 
1 -0.0096 0.0095 0.2782 21.0061086 105.6931223 20190811060603 
1 -0.2771 0.1156 -0.1197 21.0061086 105.6931223 20190811060603 
1 0.2334 0.0576 -0.4131 21.0061086 105.6931223 20190811060603 
1 0.1378 0.1659 -0.3699 21.0061086 105.6931223 20190811060603 
1 -0.0531 0.0553 0.1076 21.0061086 105.6931223 20190811060603 
1 0.0650 0.0394 0.1497 21.0061086 105.6931223 20190811060603 
1 0.3353 0.1175 0.1636 21.0061086 105.6931223 20190811060603 
1 0.1550 0.0335 0.5766 21.0061086 105.6931223 20190811060603 
1 -0.1047 -0.0640 -0.0039 21.0061086 105.6931223 20190811060603 
1 0.3429 0.2121 -0.3815 21.0061086 105.6931223 20190811060603 
1 0.4888 -0.0213 0.3277 21.0061086 105.6931223 20190811060603 
1 -0.1823 -0.2169 1.2233 21.0060557 105.6929455 20190811060603 
1 0.3382 0.2342 0.2178 21.0060557 105.6929455 20190811060604 
1 0.0658 0.2467 -0.3206 21.0060557 105.6929455 20190811060604 
1 0.5752 -0.0383 1.0589 21.0060557 105.6929455 20190811060604 
1 -0.1280 -0.0090 0.9301 21.0060557 105.6929455 20190811060604 
1 0.0539 0.1385 -0.2976 21.0060557 105.6929455 20190811060604 
1 0.4208 -0.0677 0.6344 21.0060557 105.6929455 20190811060604 
1 0.2268 0.2875 0.3735 21.0060557 105.6929455 20190811060604 
1 -0.3581 -0.0861 0.0845 21.0060557 105.6929455 20190811060604 
1 0.1586 0.0838 -0.1954 21.0060557 105.6929455 20190811060604 
1 0.0761 0.1666 0.2864 21.0060557 105.6929455 20190811060604 
1 0.3404 0.1455 0.6858 21.0060557 105.6929455 20190811060604 
1 -0.6678 0.1533 0.0688 21.0060557 105.6929455 20190811060604 
1 0.1253 0.3819 -0.6171 21.0060557 105.6929455 20190811060604 
1 0.1413 0.2512 -0.9010 21.0060557 105.6929455 20190811060604 
1 -0.3295 -0.0783 -0.1226 21.0060557 105.6929455 20190811060604 
1 0.2263 0.3739 -0.8862 21.0060557 105.6929455 20190811060604 
1 0.1537 -0.0070 -0.0384 21.0060557 105.6929455 20190811060604 
1 -0.3812 0.0448 0.1585 21.0060557 105.6929455 20190811060604 
1 0.2501 0.5066 -1.5431 21.0060557 105.6929455 20190811060604 
1 -0.2400 -0.0729 -0.8970 21.0060557 105.6929455 20190811060604 
1 0.4928 0.3166 -1.0205 21.0060557 105.6929455 20190811060604 
1 -0.2425 0.1863 -1.0028 21.0060557 105.6929455 20190811060604 
1 0.3575 0.0364 -0.0513 21.0060557 105.6929455 20190811060604 
1 0.3449 0.3106 -0.0345 21.0060557 105.6929455 20190811060604 
1 -0.3340 0.3150 -0.5581 21.0060557 105.6929455 20190811060604 
1 0.3763 0.2058 -0.8009 21.0060557 105.6929455 20190811060604 
1 0.0896 -0.0812 -0.2912 21.0060557 105.6929455 20190811060604 
1 0.2401 0.4501 -1.2457 21.0060557 105.6929455 20190811060604 
1 0.4889 0.2837 -1.0331 21.0060557 105.6929455 20190811060604 
1 -0.1872 -0.0883 0.5623 21.0060557 105.6929455 20190811060604 
1 0.5105 0.3122 0.0491 21.0060557 105.6929455 20190811060604 
1 -0.2127 0.0123 -0.2448 21.0060557 105.6929455 20190811060604 
1 0.0823 0.1827 0.2101 21.0060557 105.6929455 20190811060604 
1 0.5105 0.2219 0.0180 21.0060557 105.6929455 20190811060604 
1 0.3484 0.0480 0.1428 21.0060557 105.6929455 20190811060604 
1 0.6377 -0.0282 0.4225 21.0060557 105.6929455 20190811060604 
1 0.2949 -0.1103 0.9903 21.0060557 105.6929455 20190811060604 
1 0.5608 0.3146 0.8383 21.0060557 105.6929455 20190811060604 
1 0.0968 0.0829 0.9326 21.0060557 105.6929455 20190811060604 
1 -0.1355 0.1987 0.6040 21.0060557 105.6929455 20190811060604 
1 -0.0018 0.1889 0.4597 21.0060557 105.6929455 20190811060604 
1 -0.3547 0.1517 0.7078 21.0060557 105.6929455 20190811060604 
1 0.2941 0.3584 0.6400 21.0060557 105.6929455 20190811060604 
1 0.1148 0.3951 0.1394 21.0060557 105.6929455 20190811060604 
1 -0.3270 0.2428 0.1893 21.0060557 105.6929455 20190811060604 
1 0.2599 0.2893 -0.0200 21.0060557 105.6929455 20190811060604 
1 -0.3260 0.5108 -1.0386 21.0060557 105.6929455 20190811060604 
1 -0.1811 0.4130 -1.5390 21.0060216 105.6927552 20190811060605 
1 0.1969 0.2110 -0.9594 21.0060216 105.6927552 20190811060605 
1 0.2383 0.4064 -1.0172 21.0060216 105.6927552 20190811060605 
1 -0.2187 0.3157 -1.6955 21.0060216 105.6927552 20190811060605 
1 -0.0297 0.0919 -1.4364 21.0060216 105.6927552 20190811060605 
1 -0.2131 0.3987 -1.7728 21.0060216 105.6927552 20190811060605 
1 -0.1818 0.1715 -1.6700 21.0060216 105.6927552 20190811060605 
1 0.3254 0.0589 -0.9125 21.0060216 105.6927552 20190811060605 
1 -0.0282 0.0288 -0.9287 21.0060216 105.6927552 20190811060605 
1 0.1630 0.1857 -0.5615 21.0060216 105.6927552 20190811060605 
1 0.2344 0.1687 -0.1134 21.0060216 105.6927552 20190811060605 
1 -0.1056 -0.0654 0.3013 21.0060216 105.6927552 20190811060605 
1 0.2115 0.0939 0.4390 21.0060216 105.6927552 20190811060605 
1 0.1648 0.0229 0.8657 21.0060216 105.6927552 20190811060605 
1 0.2166 -0.1635 1.6072 21.0060216 105.6927552 20190811060605 
1 0.2008 0.1269 1.8657 21.0060216 105.6927552 20190811060605 
1 1.1184 0.4281 1.4434 21.0060216 105.6927552 20190811060605 
1 0.1645 -0.2646 2.5669 21.0060216 105.6927552 20190811060605 
1 0.4518 0.3019 2.0525 21.0060216 105.6927552 20190811060605 
1 0.1036 0.4617 1.1538 21.0060216 105.6927552 20190811060605 
1 -0.0243 0.2749 1.8603 21.0060216 105.6927552 20190811060605 
1 -0.0230 -0.1220 1.9976 21.0060216 105.6927552 20190811060605 
1 0.4951 0.8885 0.1514 21.0060216 105.6927552 20190811060605 
1 -0.0620 0.2258 -0.3864 21.0060216 105.6927552 20190811060605 
1 0.3055 -0.2370 0.4820 21.0060216 105.6927552 20190811060605 
1 -0.9021 0.5708 0.0608 21.0060216 105.6927552 20190811060605 
1 0.4410 0.0177 -0.5504 21.0060216 105.6927552 20190811060605 
1 -0.2245 0.2111 -0.4038 21.0060216 105.6927552 20190811060605 
1 -0.1405 0.2879 -0.5509 21.0060216 105.6927552 20190811060605 
1 0.2859 -0.1612 -0.5968 21.0060216 105.6927552 20190811060605 
1 0.1154 0.3772 -1.0479 21.0060216 105.6927552 20190811060605 
1 0.2392 0.1629 -1.0161 21.0060216 105.6927552 20190811060605 
1 -0.0545 0.1300 -0.2321 21.0060216 105.6927552 20190811060605 
1 0.3634 0.0285 0.4705 21.0060216 105.6927552 20190811060605 
1 -0.1204 0.3308 -1.1452 21.0060216 105.6927552 20190811060605 
1 0.2351 0.2244 -0.5624 21.0060216 105.6927552 20190811060605 
1 -0.0180 0.0991 -0.1065 21.0060216 105.6927552 20190811060605 
1 0.7273 0.3379 -1.1409 21.0060216 105.6927552 20190811060605 
1 0.3749 0.7239 -2.0957 21.0060216 105.6927552 20190811060605 
1 -0.4679 -0.7839 2.1138 21.0060216 105.6927552 20190811060605 
1 0.0419 0.6874 -0.0444 21.0060216 105.6927552 20190811060605 
1 -0.5596 0.6776 -1.8072 21.0060216 105.6927552 20190811060605 
1 0.1339 -0.5578 0.5075 21.0060216 105.6927552 20190811060605 
1 0.1514 0.3044 -0.4534 21.0060216 105.6927552 20190811060605 
1 -0.3022 -0.0830 -1.0446 21.0060216 105.6927552 20190811060605 
1 0.4756 0.1110 0.7032 21.0060216 105.6927552 20190811060605 
1 -0.6372 0.3150 0.7307 21.0060216 105.6927552 20190811060605 
1 -0.2407 0.2186 0.0665 21.0060216 105.6927552 20190811060605 
1 0.5451 0.0361 0.0367 21.0060216 105.6927552 20190811060605 
1 -0.7236 0.0854 0.2197 21.0059823 105.6925688 20190811060605 
1 0.7683 0.5210 0.3357 21.0059823 105.6925688 20190811060606 
1 -0.4014 -0.4508 2.2125 21.0059823 105.6925688 20190811060606 
1 -0.3307 0.8075 -0.4266 21.0059823 105.6925688 20190811060606 
1 1.3076 0.4091 -2.2318 21.0059823 105.6925688 20190811060606 
1 0.1634 -0.5468 0.6311 21.0059823 105.6925688 20190811060606 
1 -0.3427 0.6701 0.2906 21.0059823 105.6925688 20190811060606 
1 0.6834 0.0116 -0.2696 21.0059823 105.6925688 20190811060606 
1 -0.6934 0.1048 0.5890 21.0059823 105.6925688 20190811060606 
1 0.4509 -0.1618 0.8638 21.0059823 105.6925688 20190811060606 
1 -0.0508 0.0879 -0.6027 21.0059823 105.6925688 20190811060606 
1 0.6444 -0.0873 -0.5168 21.0059823 105.6925688 20190811060606 
1 0.5422 -0.2314 0.4853 21.0059823 105.6925688 20190811060606 
1 -0.5927 0.0073 1.2282 21.0059823 105.6925688 20190811060606 
1 0.1686 0.0752 0.7709 21.0059823 105.6925688 20190811060606 
1 0.1222 0.2435 -0.0840 21.0059823 105.6925688 20190811060606 
1 0.4475 -0.1466 1.2383 21.0059823 105.6925688 20190811060606 
1 -0.1143 0.1501 1.0844 21.0059823 105.6925688 20190811060606 
1 0.0125 0.5356 -0.2146 21.0059823 105.6925688 20190811060606 
1 -0.2145 -0.2215 0.4912 21.0059823 105.6925688 20190811060606 
1 0.2335 0.1500 0.2906 21.0059823 105.6925688 20190811060606 
1 -0.4783 0.6914 -1.6168 21.0059823 105.6925688 20190811060606 
1 0.6356 -0.0675 -0.6070 21.0059823 105.6925688 20190811060606 
1 0.1943 -0.1493 0.4384 21.0059823 105.6925688 20190811060606 
1 0.0019 0.2494 -0.4972 21.0059823 105.6925688 20190811060606 
1 0.2013 0.1702 -1.5779 21.0059823 105.6925688 20190811060606 
1 0.1539 0.1445 -1.2531 21.0059823 105.6925688 20190811060606 
1 -0.0999 -0.1497 -0.8463 21.0059823 105.6925688 20190811060606 
1 -0.0148 -0.2351 -0.8219 21.0059823 105.6925688 20190811060606 
1 -0.2681 0.4332 -1.7708 21.0059823 105.6925688 20190811060606 
1 0.4173 -0.1553 -0.0642 21.0059823 105.6925688 20190811060606 
1 1.0138 -0.0413 0.2611 21.0059823 105.6925688 20190811060606 
1 -0.5068 0.2765 -1.2779 21.0059823 105.6925688 20190811060606 
1 0.7406 0.0139 -0.7439 21.0059823 105.6925688 20190811060606 
1 -0.0353 -0.1529 0.0151 21.0059823 105.6925688 20190811060606 
1 -0.6039 0.1442 0.1231 21.0059823 105.6925688 20190811060606 
1 0.4310 0.2431 -0.6970 21.0059823 105.6925688 20190811060606 
1 0.3085 -0.1477 0.3634 21.0059823 105.6925688 20190811060606 
1 0.2352 -0.0213 0.3210 21.0059823 105.6925688 20190811060606 
1 0.0905 0.2207 -0.8749 21.0059823 105.6925688 20190811060606 
1 0.2574 -0.1901 0.1310 21.0059823 105.6925688 20190811060606 
1 0.3478 -0.0620 0.5164 21.0059823 105.6925688 20190811060606 
1 0.3040 -0.0107 0.3579 21.0059823 105.6925688 20190811060606 
1 0.2372 -0.2245 1.0280 21.0059823 105.6925688 20190811060606 
1 0.2753 -0.1730 1.1111 21.0059823 105.6925688 20190811060606 
1 0.0152 -0.0549 0.6155 21.0059823 105.6925688 20190811060606 
1 0.0436 0.1633 0.1722 21.0059823 105.6925688 20190811060606 
1 0.1443 -0.0304 0.6959 21.0059823 105.6925688 20190811060606 
1 -0.0396 -0.0526 1.2674 21.0059823 105.6925688 20190811060606 
1 0.2238 -0.0140 1.1973 21.0059823 105.6925688 20190811060606 
1 0.4325 -0.0565 1.3422 21.0059479 105.6923746 20190811060607 
1 0.4796 0.2278 0.6903 21.0059479 105.6923746 20190811060607 
1 0.2850 0.1616 -0.5015 21.0059479 105.6923746 20190811060607 
1 -0.2487 -0.0810 -0.6702 21.0059479 105.6923746 20190811060607 
1 0.6149 0.0481 -0.7927 21.0059479 105.6923746 20190811060607 
1 0.1554 0.0022 0.1995 21.0059479 105.6923746 20190811060607 
1 0.0942 0.0361 0.5943 21.0059479 105.6923746 20190811060607 
1 0.7519 0.1118 0.0166 21.0059479 105.6923746 20190811060607 
1 0.4190 -0.0948 -0.7111 21.0059479 105.6923746 20190811060607 
1 0.0213 -0.2308 -0.6666 21.0059479 105.6923746 20190811060607 
1 0.2381 0.1474 -1.3147 21.0059479 105.6923746 20190811060607 
1 0.3840 -0.0046 -1.0485 21.0059479 105.6923746 20190811060607 
1 -0.5103 -0.1992 0.4616 21.0059479 105.6923746 20190811060607 
1 0.3703 0.2304 -0.2805 21.0059479 105.6923746 20190811060607 
1 -0.5190 0.0369 -0.5404 21.0059479 105.6923746 20190811060607 
1 0.2291 0.0713 0.0394 21.0059479 105.6923746 20190811060607 
1 -0.2789 -0.1134 -0.0797 21.0059479 105.6923746 20190811060607 
1 0.0603 0.0148 -0.5392 21.0059479 105.6923746 20190811060607 
1 -0.2744 -0.0698 -0.6631 21.0059479 105.6923746 20190811060607 
1 -0.2589 -0.3168 0.0672 21.0059479 105.6923746 20190811060607 
1 0.3048 -0.0325 -0.2829 21.0059479 105.6923746 20190811060607 
1 0.1348 -0.0598 -0.2520 21.0059479 105.6923746 20190811060607 
1 0.0214 -0.1329 0.4734 21.0059479 105.6923746 20190811060607 
1 -0.1754 -0.2820 1.0803 21.0059479 105.6923746 20190811060607 
1 0.3657 0.0500 0.1323 21.0059479 105.6923746 20190811060607 
1 0.3619 0.1265 0.3133 21.0059479 105.6923746 20190811060607 
1 -0.3199 -0.1765 1.3289 21.0059479 105.6923746 20190811060607 
1 0.4801 -0.2693 1.5808 21.0059479 105.6923746 20190811060607 
1 0.8638 -0.1021 1.0640 21.0059479 105.6923746 20190811060607 
1 -0.0069 0.3063 -0.5032 21.0059479 105.6923746 20190811060607 
1 -0.2926 -0.3994 0.8394 21.0059479 105.6923746 20190811060607 
1 0.6988 0.0020 0.2149 21.0059479 105.6923746 20190811060607 
1 0.2044 0.0754 -0.4674 21.0059479 105.6923746 20190811060607 
1 -0.1386 -0.2306 0.6802 21.0059479 105.6923746 20190811060607 
1 -0.2583 -0.1206 1.3371 21.0059479 105.6923746 20190811060607 
1 0.6578 0.3013 -0.3607 21.0059479 105.6923746 20190811060607 
1 0.5666 -0.0461 -0.7489 21.0059479 105.6923746 20190811060607 
1 -0.6025 -0.3177 0.3423 21.0059479 105.6923746 20190811060607 
1 0.1949 -0.0213 -0.0497 21.0059479 105.6923746 20190811060607 
1 0.5311 -0.0771 -0.5701 21.0059479 105.6923746 20190811060607 
1 -0.2079 0.0879 -0.2726 21.0059479 105.6923746 20190811060607 
1 -0.4183 -0.2769 0.2845 21.0059479 105.6923746 20190811060607 
1 0.6499 -0.2000 0.1246 21.0059479 105.6923746 20190811060607 
1 0.0567 0.0801 -0.7982 21.0059479 105.6923746 20190811060607 
1 -0.5855 -0.3037 0.0706 21.0059479 105.6923746 20190811060607 
1 0.2849 -0.1387 0.7422 21.0059479 105.6923746 20190811060607 
1 -0.0987 0.1975 -0.5591 21.0059479 105.6923746 20190811060607 
1 0.4891 -0.1481 0.0577 21.0059479 105.6923746 20190811060607 
1 -0.2227 -0.2482 1.1776 21.0059479 105.6923746 20190811060607 
1 0.0104 0.0694 0.6840 21.0059197 105.6921843 20190811060607 
1 0.0427 0.0821 -0.3438 21.0059197 105.6921843 20190811060608 
1 -0.1508 0.0009 -0.1720 21.0059197 105.6921843 20190811060608 
1 -0.2530 -0.0244 -0.6276 21.0059197 105.6921843 20190811060608 
1 0.3069 -0.0806 -0.7452 21.0059197 105.6921843 20190811060608 
1 0.0656 0.0227 -0.6581 21.0059197 105.6921843 20190811060608 
1 0.1608 0.2164 -0.8045 21.0059197 105.6921843 20190811060608 
1 -0.2561 -0.3862 0.2980 21.0059197 105.6921843 20190811060608 
1 0.3864 -0.0235 -0.2401 21.0059197 105.6921843 20190811060608 
1 0.0184 -0.0980 -1.1219 21.0059197 105.6921843 20190811060608 
1 0.0082 -0.1538 -0.9016 21.0059197 105.6921843 20190811060608 
1 -0.0876 -0.1744 -0.8209 21.0059197 105.6921843 20190811060608 
1 -0.2017 -0.2532 -0.5219 21.0059197 105.6921843 20190811060608 
1 0.5358 -0.0666 -0.3605 21.0059197 105.6921843 20190811060608 
1 -0.3964 -0.3163 0.7570 21.0059197 105.6921843 20190811060608 
1 0.5414 0.0698 0.6851 21.0059197 105.6921843 20190811060608 
1 -0.1071 -0.0656 0.5020 21.0059197 105.6921843 20190811060608 
1 -0.1024 0.0123 0.1585 21.0059197 105.6921843 20190811060608 
1 0.2684 -0.1069 0.0530 21.0059197 105.6921843 20190811060608 
1 -0.5974 -0.2045 0.6760 21.0059197 105.6921843 20190811060608 
1 0.3274 0.2075 0.1989 21.0059197 105.6921843 20190811060608 
1 0.1923 -0.1679 0.3432 21.0059197 105.6921843 20190811060608 
1 0.0144 -0.1218 0.5160 21.0059197 105.6921843 20190811060608 
1 -0.0329 0.1667 -0.8729 21.0059197 105.6921843 20190811060608 
1 -0.2508 -0.3453 -0.1921 21.0059197 105.6921843 20190811060608 
1 0.1270 -0.2425 0.6981 21.0059197 105.6921843 20190811060608 
1 0.3245 -0.0289 0.0409 21.0059197 105.6921843 20190811060608 
1 0.3184 -0.0272 -0.2018 21.0059197 105.6921843 20190811060608 
1 0.0942 -0.2885 0.7424 21.0059197 105.6921843 20190811060608 
1 0.2923 -0.0702 0.0627 21.0059197 105.6921843 20190811060608 
1 0.1622 0.1311 -1.0048 21.0059197 105.6921843 20190811060608 
1 -0.4802 -0.0781 0.4225 21.0059197 105.6921843 20190811060608 
1 0.1666 0.0158 1.0312 21.0059197 105.6921843 20190811060608 
1 0.1859 -0.0994 0.3166 21.0059197 105.6921843 20190811060608 
1 0.0938 -0.1556 0.2994 21.0059197 105.6921843 20190811060608 
1 0.0915 0.1039 -0.0387 21.0059197 105.6921843 20190811060608 
1 -0.2033 -0.1988 -0.3747 21.0059197 105.6921843 20190811060608 
1 -0.1870 -0.2287 -0.2888 21.0059197 105.6921843 20190811060608 
1 -0.0444 -0.1837 0.1159 21.0059197 105.6921843 20190811060608 
1 -0.7805 -0.0470 0.0021 21.0059197 105.6921843 20190811060608 
1 0.1535 0.0983 0.1288 21.0059197 105.6921843 20190811060608 
1 -0.0770 -0.2591 1.0935 21.0059197 105.6921843 20190811060608 
1 -0.6130 0.1234 0.2352 21.0059197 105.6921843 20190811060608 
1 -0.0548 0.0030 -0.4123 21.0059197 105.6921843 20190811060608 
1 -0.1994 -0.1522 0.3785 21.0059197 105.6921843 20190811060608 
1 -0.4424 0.1384 -0.4335 21.0059197 105.6921843 20190811060608 
1 -0.3127 0.0344 -0.9786 21.0059197 105.6921843 20190811060608 
1 0.0633 -0.0525 -0.2543 21.0059197 105.6921843 20190811060608 
1 -0.1084 -0.0955 -0.1417 21.0059197 105.6921843 20190811060608 
1 0.1314 0.0563 -0.7782 21.0059197 105.6921843 20190811060608 
1 -0.0113 -0.2785 -0.5471 21.0058834 105.6919871 20190811060609 
1 0.0988 -0.1683 0.2284 21.0058834 105.6919871 20190811060609 
1 0.4542 0.1365 -0.6929 21.0058834 105.6919871 20190811060609 
1 -0.3020 -0.4116 -0.2970 21.0058834 105.6919871 20190811060609 
1 0.3444 -0.4260 0.5600 21.0058834 105.6919871 20190811060609 
1 0.7181 -0.0182 -0.2042 21.0058834 105.6919871 20190811060609 
1 -0.1007 0.0055 0.4784 21.0058834 105.6919871 20190811060609 
1 0.2406 -0.2345 1.6256 21.0058834 105.6919871 20190811060609 
1 -0.4672 -0.1153 0.9296 21.0058834 105.6919871 20190811060609 
1 0.0165 0.1499 -0.0566 21.0058834 105.6919871 20190811060609 
1 0.1897 0.2006 0.2600 21.0058834 105.6919871 20190811060609 
1 -0.9014 -0.0949 1.0032 21.0058834 105.6919871 20190811060609 
1 0.2132 -0.0466 0.9673 21.0058834 105.6919871 20190811060609 
1 -0.5700 -0.0805 0.1915 21.0058834 105.6919871 20190811060609 
1 -0.1131 0.3638 -0.9659 21.0058834 105.6919871 20190811060609 
1 -0.2167 -0.1551 -0.7581 21.0058834 105.6919871 20190811060609 
1 0.1274 -0.2732 0.0447 21.0058834 105.6919871 20190811060609 
1 -0.2115 0.1259 -0.9790 21.0058834 105.6919871 20190811060609 
1 -0.6380 -0.3078 -0.9473 21.0058834 105.6919871 20190811060609 
1 0.2035 -0.1210 0.1686 21.0058834 105.6919871 20190811060609 
1 -0.4597 0.2586 -0.9835 21.0058834 105.6919871 20190811060609 
1 -0.2499 -0.3534 -0.7192 21.0058834 105.6919871 20190811060609 
1 0.4585 -0.3679 0.6333 21.0058834 105.6919871 20190811060609 
1 -0.1253 0.0830 0.0238 21.0058834 105.6919871 20190811060609 
1 -0.0355 -0.0241 0.0766 21.0058834 105.6919871 20190811060609 
1 -0.7099 -0.2432 0.7482 21.0058834 105.6919871 20190811060609 
1 0.0272 0.1032 -0.2794 21.0058834 105.6919871 20190811060609 
1 -0.2189 0.0235 -0.3463 21.0058834 105.6919871 20190811060609 
1 -0.8794 -0.0767 0.6234 21.0058834 105.6919871 20190811060609 
1 0.2328 0.2378 0.4732 21.0058834 105.6919871 20190811060609 
1 0.2772 0.1198 0.0465 21.0058834 105.6919871 20190811060609 
1 -0.9201 -0.2505 0.9455 21.0058834 105.6919871 20190811060609 
1 -0.2526 0.0432 0.1613 21.0058834 105.6919871 20190811060609 
1 0.1042 0.0727 -1.1045 21.0058834 105.6919871 20190811060609 
1 -0.6967 -0.3105 -0.3255 21.0058834 105.6919871 20190811060609 
1 -0.5209 -0.1038 -0.2683 21.0058834 105.6919871 20190811060609 
1 -0.0024 0.3741 -1.9761 21.0058834 105.6919871 20190811060609 
1 0.4895 -0.0788 -0.7481 21.0058834 105.6919871 20190811060609 
1 -0.8785 0.0006 0.0031 21.0058834 105.6919871 20190811060609 
1 -0.0488 0.5434 -1.3696 21.0058834 105.6919871 20190811060609 
1 -0.1210 0.2726 -1.2610 21.0058834 105.6919871 20190811060609 
1 0.4829 -0.2873 0.8452 21.0058834 105.6919871 20190811060609 
1 -1.1847 0.0427 -0.0990 21.0058834 105.6919871 20190811060609 
1 -0.0501 0.2309 -2.2422 21.0058834 105.6919871 20190811060609 
1 0.3465 -0.4837 -1.1965 21.0058834 105.6919871 20190811060609 
1 -0.4603 -0.1729 -1.0738 21.0058834 105.6919871 20190811060609 
1 -0.3608 -0.0636 -1.6934 21.0058834 105.6919871 20190811060609 
1 0.3314 -0.1848 -0.2823 21.0058834 105.6919871 20190811060609 
1 -0.3228 -0.3890 1.5105 21.0058834 105.6919871 20190811060609 
1 -0.5523 -0.0144 1.2322 21.0058834 105.6919871 20190811060609 
1 -0.6361 0.0914 1.1077 21.0058834 105.6919871 20190811060610 
1 -0.0866 -0.2937 1.9841 21.0058834 105.6919871 20190811060610 
1 -0.4900 -0.0986 1.8076 21.0058834 105.6919871 20190811060610 
1 -0.5410 0.0314 0.6729 21.0058384 105.6917871 20190811060610 
1 -0.1223 -0.0895 1.5291 21.0058384 105.6917871 20190811060610 
1 -0.2356 0.0688 1.9264 21.0058384 105.6917871 20190811060610 
1 -0.4038 -0.0328 1.2109 21.0058384 105.6917871 20190811060610 
1 -0.1497 -0.0085 0.8667 21.0058384 105.6917871 20190811060610 
1 -0.3478 -0.0522 1.0360 21.0058384 105.6917871 20190811060610 
1 -0.4402 0.0565 0.4976 21.0058384 105.6917871 20190811060610 
1 -0.4620 -0.0784 0.2020 21.0058384 105.6917871 20190811060610 
1 0.1888 -0.2565 0.6733 21.0058384 105.6917871 20190811060610 
1 -0.2706 -0.1249 0.7102 21.0058384 105.6917871 20190811060610 
1 0.1231 -0.1250 0.4018 21.0058384 105.6917871 20190811060610 
1 0.0110 0.0520 -0.0347 21.0058384 105.6917871 20190811060610 
1 -0.5376 -0.0548 0.2291 21.0058384 105.6917871 20190811060610 
1 -0.0720 -0.1242 0.3744 21.0058384 105.6917871 20190811060610 
1 -0.3565 0.0448 0.1262 21.0058384 105.6917871 20190811060610 
1 0.4755 0.1191 -0.0574 21.0058384 105.6917871 20190811060610 
1 -0.2960 0.1376 -0.1595 21.0058384 105.6917871 20190811060610 
1 -0.2649 0.0356 -0.0526 21.0058384 105.6917871 20190811060610 
1 0.0291 0.1378 -1.0023 21.0058384 105.6917871 20190811060610 
1 -0.4831 -0.0238 -1.0317 21.0058384 105.6917871 20190811060610 
1 -0.2375 -0.0410 -0.6897 21.0058384 105.6917871 20190811060610 
1 -0.1570 0.0670 -0.9833 21.0058384 105.6917871 20190811060610 
1 -0.1140 -0.0611 -1.2870 21.0058384 105.6917871 20190811060610 
1 -0.1597 0.0013 -1.3548 21.0058384 105.6917871 20190811060610 
1 -0.5258 -0.0983 -1.4276 21.0058384 105.6917871 20190811060610 
1 -0.4012 -0.0354 -1.1334 21.0058384 105.6917871 20190811060610 
1 -0.4030 0.1846 -1.6699 21.0058384 105.6917871 20190811060610 
1 0.0226 -0.0541 -1.0717 21.0058384 105.6917871 20190811060610 
1 -0.9286 -0.4034 0.1873 21.0058384 105.6917871 20190811060610 
1 -0.2271 0.0450 -0.4186 21.0058384 105.6917871 20190811060610 
1 -0.5133 -0.0221 -1.0296 21.0058384 105.6917871 20190811060610 
1 -0.3554 -0.3920 0.6121 21.0058384 105.6917871 20190811060610 
1 -0.6225 -0.0142 -0.0591 21.0058384 105.6917871 20190811060610 
1 -0.0686 -0.2078 -0.7427 21.0058384 105.6917871 20190811060610 
1 0.3247 -0.4712 1.2892 21.0058384 105.6917871 20190811060610 
1 -0.2267 -0.2359 2.5906 21.0058384 105.6917871 20190811060610 
1 -0.3827 -0.0573 1.7332 21.0058384 105.6917871 20190811060610 
1 0.0944 -0.4689 2.4319 21.0058384 105.6917871 20190811060610 
1 0.2108 0.0514 1.7685 21.0058384 105.6917871 20190811060610 
1 0.1115 0.0279 0.8880 21.0058384 105.6917871 20190811060610 
1 0.2187 -0.1087 1.4541 21.0058384 105.6917871 20190811060610 
1 0.8411 0.4023 1.0007 21.0058384 105.6917871 20190811060610 
1 0.2534 0.2038 0.9548 21.0058384 105.6917871 20190811060610 
1 -0.2061 -0.1564 1.3268 21.0058384 105.6917871 20190811060610 
1 -0.3179 0.1898 0.2767 21.0058384 105.6917871 20190811060610 
1 0.1324 0.5826 -1.4319 21.0058384 105.6917871 20190811060610 
1 -1.0254 -0.5431 -0.7796 21.0058189 105.6915994 20190811060610 
1 0.3493 0.1433 -1.5897 21.0058189 105.6915994 20190811060611 
1 -0.2564 0.0259 -2.6139 21.0058189 105.6915994 20190811060611 
1 -0.1631 -0.1564 -1.0497 21.0058189 105.6915994 20190811060611 
1 -0.6613 0.0723 -0.5902 21.0058189 105.6915994 20190811060611 
1 -0.7139 -0.0686 -1.3706 21.0058189 105.6915994 20190811060611 
1 -0.2093 -0.0433 -1.1336 21.0058189 105.6915994 20190811060611 
1 -0.2684 -0.1122 -1.1508 21.0058189 105.6915994 20190811060611 
1 -0.4530 -0.0317 -1.4020 21.0058189 105.6915994 20190811060611 
1 -0.0047 -0.0011 -1.1974 21.0058189 105.6915994 20190811060611 
1 -0.1960 -0.0671 -0.8424 21.0058189 105.6915994 20190811060611 
1 -0.0619 -0.0327 -0.4481 21.0058189 105.6915994 20190811060611 
1 -0.2050 -0.0614 -0.1194 21.0058189 105.6915994 20190811060611 
1 0.0152 0.0722 0.1128 21.0058189 105.6915994 20190811060611 
1 -0.1785 0.0750 0.2008 21.0058189 105.6915994 20190811060611 
1 -0.1764 -0.2598 0.6488 21.0058189 105.6915994 20190811060611 
1 0.0394 -0.1627 0.6359 21.0058189 105.6915994 20190811060611 
1 -0.0747 0.1524 -0.3069 21.0058189 105.6915994 20190811060611 
1 -0.0841 -0.1439 0.5865 21.0058189 105.6915994 20190811060611 
1 0.0773 -0.2282 1.4033 21.0058189 105.6915994 20190811060611 
1 -0.4867 -0.0914 1.0939 21.0058189 105.6915994 20190811060611 
1 0.2386 -0.0267 0.6035 21.0058189 105.6915994 20190811060611 
1 -0.0492 -0.0604 0.9925 21.0058189 105.6915994 20190811060611 
1 -0.1111 -0.1136 1.4465 21.0058189 105.6915994 20190811060611 
1 0.0361 -0.0570 0.8741 21.0058189 105.6915994 20190811060611 
1 -0.1039 -0.0602 0.4265 21.0058189 105.6915994 20190811060611 
1 0.3444 -0.0154 0.2154 21.0058189 105.6915994 20190811060611 
1 -0.2259 -0.0330 0.3833 21.0058189 105.6915994 20190811060611 
1 0.2918 0.0413 0.0631 21.0058189 105.6915994 20190811060611 
1 0.0967 -0.0749 0.0960 21.0058189 105.6915994 20190811060611 
1 -0.0478 0.0462 0.3418 21.0058189 105.6915994 20190811060611 
1 0.0246 0.0711 -0.0644 21.0058189 105.6915994 20190811060611 
1 -0.1231 -0.0212 -0.2389 21.0058189 105.6915994 20190811060611 
1 0.1962 -0.0062 -0.6169 21.0058189 105.6915994 20190811060611 
1 -0.0535 -0.1051 -0.3995 21.0058189 105.6915994 20190811060611 
1 0.1039 -0.0976 -0.1694 21.0058189 105.6915994 20190811060611 
1 -0.0243 0.0910 -0.5828 21.0058189 105.6915994 20190811060611 
1 -0.3077 -0.1217 -0.2869 21.0058189 105.6915994 20190811060611 
1 -0.0285 0.0745 -0.5178 21.0058189 105.6915994 20190811060611 
1 -0.0372 -0.0215 -0.6235 21.0058189 105.6915994 20190811060611 
1 0.3434 -0.2003 0.1072 21.0058189 105.6915994 20190811060611 
1 -0.4684 -0.1621 0.6437 21.0058189 105.6915994 20190811060611 
1 -0.4675 0.0917 -0.0840 21.0058189 105.6915994 20190811060611 
1 -0.0227 -0.0066 -0.1771 21.0058189 105.6915994 20190811060611 
1 -0.2132 -0.2920 0.5314 21.0058189 105.6915994 20190811060611 
1 -0.3196 0.2207 -0.5580 21.0058189 105.6915994 20190811060611 
1 0.0319 -0.0738 -0.2883 21.0058189 105.6915994 20190811060611 
1 0.1621 -0.1189 0.9491 21.0058189 105.6915994 20190811060611 
1 -0.5413 0.1048 0.7724 21.0058189 105.6915994 20190811060611 
1 -0.4805 0.0130 -0.4292 21.0058189 105.6915994 20190811060612 
1 0.2213 0.0277 -0.4159 21.0058189 105.6915994 20190811060612 
1 0.1132 -0.0438 -0.1774 21.0058189 105.6915994 20190811060612 
1 -0.2366 -0.1733 -0.1185 21.0057903 105.691413 20190811060612 
1 0.5279 0.1274 -0.7816 21.0057903 105.691413 20190811060612 
1 -0.1391 -0.0065 -0.3632 21.0057903 105.691413 20190811060612 
1 0.4036 -0.1575 0.2319 21.0057903 105.691413 20190811060612 
1 -0.1264 0.0656 -0.4791 21.0057903 105.691413 20190811060612 
1 0.0545 -0.1053 -0.2178 21.0057903 105.691413 20190811060612 
1 0.3411 0.0291 -0.1174 21.0057903 105.691413 20190811060612 
1 -0.3277 -0.1109 0.0548 21.0057903 105.691413 20190811060612 
1 0.2394 -0.0041 -0.0706 21.0057903 105.691413 20190811060612 
1 0.1962 0.0762 -0.4049 21.0057903 105.691413 20190811060612 
1 -0.0298 -0.0587 0.0505 21.0057903 105.691413 20190811060612 
1 0.0108 0.0700 0.4142 21.0057903 105.691413 20190811060612 
1 0.2810 0.0247 -0.1161 21.0057903 105.691413 20190811060612 
1 -0.0424 0.0936 -0.2277 21.0057903 105.691413 20190811060612 
1 -0.0818 0.0148 -0.0316 21.0057903 105.691413 20190811060612 
1 0.0042 -0.0710 0.0146 21.0057903 105.691413 20190811060612 
1 0.1051 0.0161 -0.1194 21.0057903 105.691413 20190811060612 
1 -0.2147 -0.0188 -0.3473 21.0057903 105.691413 20190811060612 
1 0.0658 -0.0024 -0.2878 21.0057903 105.691413 20190811060612 
1 0.0807 -0.0202 -0.0927 21.0057903 105.691413 20190811060612 
1 0.0643 -0.0340 -0.0356 21.0057903 105.691413 20190811060612 
1 0.1672 0.0435 -0.0701 21.0057903 105.691413 20190811060612 
1 -0.0285 0.0407 0.0349 21.0057903 105.691413 20190811060612 
1 0.2539 -0.0618 0.0552 21.0057903 105.691413 20190811060612 
1 -0.1050 0.0515 -0.1883 21.0057903 105.691413 20190811060612 
1 0.2791 -0.0207 -0.1416 21.0057903 105.691413 20190811060612 
1 0.0967 0.1611 -0.1253 21.0057903 105.691413 20190811060612 
1 0.2014 0.0142 -0.0691 21.0057903 105.691413 20190811060612 
1 0.1546 -0.0500 0.1170 21.0057903 105.691413 20190811060612 
1 0.0398 0.0809 0.0536 21.0057903 105.691413 20190811060612 
1 0.0698 0.0954 -0.2744 21.0057903 105.691413 20190811060612 
1 -0.1151 -0.0506 -0.1488 21.0057903 105.691413 20190811060612 
1 -0.0703 0.0561 -0.1599 21.0057903 105.691413 20190811060612 
1 0.1486 -0.0445 -0.1335 21.0057903 105.691413 20190811060612 
1 -0.0025 -0.0443 -0.0588 21.0057903 105.691413 20190811060612 
1 0.2465 0.1131 -0.3091 21.0057903 105.691413 20190811060612 
1 0.0495 0.0147 -0.1019 21.0057903 105.691413 20190811060612 
1 -0.3413 -0.0970 0.2933 21.0057903 105.691413 20190811060612 
1 0.1952 -0.0001 0.2420 21.0057903 105.691413 20190811060612 
1 -0.1483 0.0710 -0.0719 21.0057903 105.691413 20190811060612 
1 -0.1281 -0.1193 0.2999 21.0057903 105.691413 20190811060612 
1 0.0367 -0.1484 0.4612 21.0057903 105.691413 20190811060612 
1 0.2641 0.0765 0.0104 21.0057903 105.691413 20190811060612 
1 -0.1701 -0.1401 0.8818 21.0057903 105.691413 20190811060612 
1 -0.0736 -0.0518 1.0425 21.0057903 105.691413 20190811060612 
1 0.1632 -0.0031 0.6969 21.0057903 105.691413 20190811060612 
1 -0.0048 -0.1313 0.8435 21.0057903 105.691413 20190811060612 
1 -0.1491 -0.0978 0.8017 21.0057903 105.691413 20190811060612 
1 0.3589 -0.1002 0.6811 21.0057522 105.6912263 20190811060613 
1 -0.0046 -0.0813 0.9761 21.0057522 105.6912263 20190811060613 
1 0.1559 0.0033 0.9371 21.0057522 105.6912263 20190811060613 
1 0.1071 0.1436 0.3852 21.0057522 105.6912263 20190811060613 
1 0.3034 -0.1379 0.7439 21.0057522 105.6912263 20190811060613 
1 0.0040 0.0083 0.5800 21.0057522 105.6912263 20190811060613 
1 0.1483 0.1942 -0.3125 21.0057522 105.6912263 20190811060613 
1 0.2751 0.0540 -0.4187 21.0057522 105.6912263 20190811060613 
1 -0.0099 -0.0395 0.2729 21.0057522 105.6912263 20190811060613 
1 0.1306 0.1617 -0.6187 21.0057522 105.6912263 20190811060613 
1 0.0328 0.0798 -0.9992 21.0057522 105.6912263 20190811060613 
1 0.3074 -0.0050 -0.4439 21.0057522 105.6912263 20190811060613 
1 -0.1222 0.2595 -0.8208 21.0057522 105.6912263 20190811060613 
1 -0.1958 -0.0999 -1.0547 21.0057522 105.6912263 20190811060613 
1 -0.0425 0.0090 -0.9850 21.0057522 105.6912263 20190811060613 
1 0.0689 0.0554 -1.0756 21.0057522 105.6912263 20190811060613 
1 -0.2497 -0.1829 -0.8754 21.0057522 105.6912263 20190811060613 
1 0.0207 -0.0088 -0.8916 21.0057522 105.6912263 20190811060613 
1 -0.0005 -0.0314 -0.8829 21.0057522 105.6912263 20190811060613 
1 -0.0599 -0.0390 -0.3543 21.0057522 105.6912263 20190811060613 
1 -0.3956 -0.0233 -0.1698 21.0057522 105.6912263 20190811060613 
1 -0.0856 0.0191 -0.2808 21.0057522 105.6912263 20190811060613 
1 0.2152 0.1121 -0.0385 21.0057522 105.6912263 20190811060613 
1 -0.1616 -0.0144 0.1838 21.0057522 105.6912263 20190811060613 
1 -0.0008 -0.0437 0.3655 21.0057522 105.6912263 20190811060613 
1 0.2728 0.1816 0.1467 21.0057522 105.6912263 20190811060613 
1 -0.0331 0.0506 0.0778 21.0057522 105.6912263 20190811060613 
1 -0.0183 -0.0525 0.3582 21.0057522 105.6912263 20190811060613 
1 -0.1851 0.0373 -0.1312 21.0057522 105.6912263 20190811060613 
1 0.2797 0.0584 -0.3992 21.0057522 105.6912263 20190811060613 
1 -0.1049 -0.0775 0.4309 21.0057522 105.6912263 20190811060613 
1 -0.1154 -0.1289 0.3086 21.0057522 105.6912263 20190811060613 
1 0.2036 0.0669 -0.4127 21.0057522 105.6912263 20190811060613 
1 0.1123 0.0289 -0.1045 21.0057522 105.6912263 20190811060613 
1 -0.0634 -0.2484 0.9502 21.0057522 105.6912263 20190811060613 
1 -0.1773 -0.0706 0.5397 21.0057522 105.6912263 20190811060613 
1 -0.1028 0.0253 -0.0639 21.0057522 105.6912263 20190811060613 
1 0.0512 -0.0005 0.3023 21.0057522 105.6912263 20190811060613 
1 -0.2902 -0.0712 0.6328 21.0057522 105.6912263 20190811060613 
1 0.0289 -0.1153 0.5176 21.0057522 105.6912263 20190811060613 
1 -0.2370 0.0270 0.5074 21.0057522 105.6912263 20190811060613 
1 -0.3120 0.0260 0.7188 21.0057522 105.6912263 20190811060613 
1 -0.2340 0.0924 0.6926 21.0057522 105.6912263 20190811060613 
1 -0.1239 0.0222 0.2962 21.0057522 105.6912263 20190811060613 
1 -0.0696 -0.1124 0.4726 21.0057522 105.6912263 20190811060613 
1 -0.2457 0.0856 0.1444 21.0057522 105.6912263 20190811060613 
1 -0.1805 -0.0190 0.0250 21.0057522 105.6912263 20190811060613 
1 -0.4792 -0.1009 0.5878 21.0057522 105.6912263 20190811060613 
1 -0.1600 0.0168 0.1982 21.0057284 105.6910376 20190811060613 
1 -0.2728 -0.0790 -0.3930 21.0057284 105.6910376 20190811060614 
1 -0.0962 0.0318 -0.2749 21.0057284 105.6910376 20190811060614 
1 -0.1167 0.0671 -0.2307 21.0057284 105.6910376 20190811060614 
1 -0.3505 -0.0037 -0.0482 21.0057284 105.6910376 20190811060614 
1 -0.2586 -0.0483 0.1027 21.0057284 105.6910376 20190811060614 
1 -0.2719 -0.0017 0.1595 21.0057284 105.6910376 20190811060614 
1 -0.3501 -0.0125 0.1125 21.0057284 105.6910376 20190811060614 
1 -0.2682 -0.0493 -0.0726 21.0057284 105.6910376 20190811060614 
1 -0.0991 0.0953 -0.4825 21.0057284 105.6910376 20190811060614 
1 -0.3025 -0.1133 -0.3590 21.0057284 105.6910376 20190811060614 
1 -0.2901 -0.1220 -0.0657 21.0057284 105.6910376 20190811060614 
1 -0.1656 0.1979 -0.4837 21.0057284 105.6910376 20190811060614 
1 0.1129 0.0642 -0.2387 21.0057284 105.6910376 20190811060614 
1 -0.6812 -0.1447 0.6085 21.0057284 105.6910376 20190811060614 
1 -0.2975 0.0721 0.2148 21.0057284 105.6910376 20190811060614 
1 -0.2706 0.0363 -0.6569 21.0057284 105.6910376 20190811060614 
1 -0.0623 0.0006 -0.3758 21.0057284 105.6910376 20190811060614 
1 -0.6449 -0.2084 0.0744 21.0057284 105.6910376 20190811060614 
1 0.0784 -0.0274 -0.3762 21.0057284 105.6910376 20190811060614 
1 0.0478 -0.0360 -0.6328 21.0057284 105.6910376 20190811060614 
1 -0.8565 -0.1059 0.5510 21.0057284 105.6910376 20190811060614 
1 -0.4692 -0.1573 0.6996 21.0057284 105.6910376 20190811060614 
1 -0.3579 -0.1103 0.1192 21.0057284 105.6910376 20190811060614 
1 -0.0827 -0.0652 0.3004 21.0057284 105.6910376 20190811060614 
1 -0.6212 -0.0516 0.6869 21.0057284 105.6910376 20190811060614 
1 -0.5721 -0.0863 0.7260 21.0057284 105.6910376 20190811060614 
1 -0.3291 -0.0834 0.6098 21.0057284 105.6910376 20190811060614 
1 -0.8757 -0.0655 0.8103 21.0057284 105.6910376 20190811060614 
1 -0.6106 0.0017 0.4413 21.0057284 105.6910376 20190811060614 
1 -0.3754 0.1145 0.0906 21.0057284 105.6910376 20190811060614 
1 -0.4248 -0.0145 0.4880 21.0057284 105.6910376 20190811060614 
1 -1.0741 0.0540 0.1109 21.0057284 105.6910376 20190811060614 
1 -0.3742 0.0900 -0.3195 21.0057284 105.6910376 20190811060614 
1 -0.7866 0.0992 -0.1577 21.0057284 105.6910376 20190811060614 
1 -1.0148 -0.1448 0.1460 21.0057284 105.6910376 20190811060614 
1 -1.2543 -0.1612 0.3316 21.0057284 105.6910376 20190811060614 
1 -0.7781 0.1614 -1.0686 21.0057284 105.6910376 20190811060614 
1 -1.0337 -0.1495 -1.0812 21.0057284 105.6910376 20190811060614 
1 -0.9984 -0.1550 -0.3308 21.0057284 105.6910376 20190811060614 
1 -1.0245 0.0876 -0.8427 21.0057284 105.6910376 20190811060614 
1 -0.9235 0.0366 -0.2205 21.0057284 105.6910376 20190811060614 
1 -2.0089 -0.1825 0.6729 21.0057284 105.6910376 20190811060614 
1 -1.7169 0.1349 0.3629 21.0057284 105.6910376 20190811060614 
1 -1.2188 0.1845 -1.0635 21.0057284 105.6910376 20190811060614 
1 -1.2617 -0.1153 -0.2707 21.0057284 105.6910376 20190811060614 
1 -1.8747 -0.0946 0.2888 21.0057284 105.6910376 20190811060614 
1 -1.1044 0.1673 -0.8493 21.0057284 105.6910376 20190811060614 
1 -1.4682 -0.0715 -0.4738 21.0057284 105.6910376 20190811060614 
1 -1.5750 0.0077 0.0749 21.0057002 105.6908528 20190811060614 
1 -1.6416 0.0386 -0.4370 21.0057002 105.6908528 20190811060615 
1 -0.7724 -0.0386 -0.4051 21.0057002 105.6908528 20190811060615 
1 -1.2891 -0.0473 -0.2295 21.0057002 105.6908528 20190811060615 
1 -1.5502 -0.0942 -0.0279 21.0057002 105.6908528 20190811060615 
1 -1.4089 -0.0479 0.0249 21.0057002 105.6908528 20190811060615 
1 -1.1177 -0.0862 0.1827 21.0057002 105.6908528 20190811060615 
1 -1.4121 -0.2498 0.6840 21.0057002 105.6908528 20190811060615 
1 -1.0902 0.0204 0.1892 21.0057002 105.6908528 20190811060615 
1 -0.7771 -0.0147 0.2770 21.0057002 105.6908528 20190811060615 
1 -1.1861 -0.1454 0.8156 21.0057002 105.6908528 20190811060615 
1 -1.4766 -0.0998 1.0727 21.0057002 105.6908528 20190811060615 
1 -0.9566 0.0401 0.6947 21.0057002 105.6908528 20190811060615 
1 -0.8801 0.1463 0.6592 21.0057002 105.6908528 20190811060615 
1 -1.0923 -0.0733 1.3526 21.0057002 105.6908528 20190811060615 
1 -1.0709 -0.0318 0.9811 21.0057002 105.6908528 20190811060615 
1 -0.6374 0.0556 -0.1509 21.0057002 105.6908528 20190811060615 
1 -1.0265 -0.1765 0.5355 21.0057002 105.6908528 20190811060615 
1 -1.2763 -0.0002 0.2916 21.0057002 105.6908528 20190811060615 
1 -0.5761 0.0218 -0.4630 21.0057002 105.6908528 20190811060615 
1 -0.7559 -0.0833 -0.3550 21.0057002 105.6908528 20190811060615 
1 -0.9018 0.0267 0.2110 21.0057002 105.6908528 20190811060615 
1 -0.6890 0.0438 -0.1533 21.0057002 105.6908528 20190811060615 
1 -0.8648 0.0546 -0.5200 21.0057002 105.6908528 20190811060615 
1 -0.4231 0.2488 -1.1071 21.0057002 105.6908528 20190811060615 
1 -0.7345 -0.2059 -0.2883 21.0057002 105.6908528 20190811060615 
1 -0.7762 -0.0378 -0.1282 21.0057002 105.6908528 20190811060615 
1 -0.6037 0.1988 -0.6720 21.0057002 105.6908528 20190811060615 
1 -0.8173 -0.1512 -0.4251 21.0057002 105.6908528 20190811060615 
1 -1.1553 -0.2368 -0.2913 21.0057002 105.6908528 20190811060615 
1 -0.6316 0.2105 -1.4997 21.0057002 105.6908528 20190811060615 
1 0.0411 0.0463 -1.3833 21.0057002 105.6908528 20190811060615 
1 -0.7385 -0.0274 0.2016 21.0057002 105.6908528 20190811060615 
1 -0.4583 0.2477 -0.2103 21.0057002 105.6908528 20190811060615 
1 -0.0950 -0.0402 -0.4063 21.0057002 105.6908528 20190811060615 
1 -0.4703 -0.1082 0.3852 21.0057002 105.6908528 20190811060615 
1 -0.7961 -0.0890 0.6407 21.0057002 105.6908528 20190811060615 
1 -0.3351 -0.1923 -0.2466 21.0057002 105.6908528 20190811060615 
1 0.1954 0.0446 -1.0378 21.0057002 105.6908528 20190811060615 
1 0.5165 -0.0333 -0.5792 21.0057002 105.6908528 20190811060615 
1 -0.2446 -0.2202 0.1997 21.0057002 105.6908528 20190811060615 
1 0.3662 -0.0274 0.4487 21.0057002 105.6908528 20190811060615 
1 0.4171 -0.0029 0.2040 21.0057002 105.6908528 20190811060615 
1 -0.2435 -0.1956 0.8188 21.0057002 105.6908528 20190811060615 
1 0.3472 -0.1364 1.1394 21.0057002 105.6908528 20190811060615 
1 0.9268 0.0856 0.0256 21.0057002 105.6908528 20190811060615 
1 0.5678 0.0037 -0.2173 21.0057002 105.6908528 20190811060615 
1 0.2136 -0.1621 0.7628 21.0057002 105.6908528 20190811060615 
1 0.6791 0.0180 0.7409 21.0057002 105.6908528 20190811060615 
1 0.6635 0.1271 -0.0917 21.0057002 105.6908528 20190811060615 
1 0.8318 0.0255 -0.1744 21.0057002 105.6908528 20190811060615 
1 0.5783 -0.0760 0.2737 21.0057002 105.6908528 20190811060615 
1 1.0100 0.1966 -0.3897 21.0056656 105.6906637 20190811060616 
1 0.8882 0.0160 -0.7355 21.0056656 105.6906637 20190811060616 
1 0.7267 0.0050 -0.5617 21.0056656 105.6906637 20190811060616 
1 0.9361 -0.0925 -0.3028 21.0056656 105.6906637 20190811060616 
1 1.1044 -0.1353 -0.2528 21.0056656 105.6906637 20190811060616 
1 1.1278 0.0408 -0.6957 21.0056656 105.6906637 20190811060616 
1 1.0975 -0.0257 -0.8381 21.0056656 105.6906637 20190811060616 
1 1.0046 -0.1147 -0.3202 21.0056656 105.6906637 20190811060616 
1 1.0707 -0.0585 -0.2877 21.0056656 105.6906637 20190811060616 
1 1.1567 -0.1211 0.0233 21.0056656 105.6906637 20190811060616 
1 1.0230 0.0656 0.3133 21.0056656 105.6906637 20190811060616 
1 1.0648 0.0317 0.6113 21.0056656 105.6906637 20190811060616 
1 1.1573 -0.0629 0.5265 21.0056656 105.6906637 20190811060616 
1 0.8581 0.0567 -0.0688 21.0056656 105.6906637 20190811060616 
1 1.4428 0.0666 0.0005 21.0056656 105.6906637 20190811060616 
1 0.7796 -0.0885 0.5117 21.0056656 105.6906637 20190811060616 
1 0.9785 -0.0470 0.6118 21.0056656 105.6906637 20190811060616 
1 0.8641 0.0048 -0.1356 21.0056656 105.6906637 20190811060616 
1 0.7410 -0.0399 0.4456 21.0056656 105.6906637 20190811060616 
1 0.7420 -0.0837 0.5445 21.0056656 105.6906637 20190811060616 
1 0.7850 -0.0338 -0.1268 21.0056656 105.6906637 20190811060616 
1 0.8018 -0.0147 -0.1048 21.0056656 105.6906637 20190811060616 
1 0.7430 -0.0960 0.5413 21.0056656 105.6906637 20190811060616 
1 0.4530 -0.0196 0.7042 21.0056656 105.6906637 20190811060616 
1 0.6904 -0.0639 0.4050 21.0056656 105.6906637 20190811060616 
1 0.3440 -0.0632 0.6799 21.0056656 105.6906637 20190811060616 
1 0.8376 0.1316 0.5723 21.0056656 105.6906637 20190811060616 
1 0.4961 -0.1423 0.3031 21.0056656 105.6906637 20190811060616 
1 0.8195 -0.0749 0.4705 21.0056656 105.6906637 20190811060616 
1 0.8708 0.0138 0.1661 21.0056656 105.6906637 20190811060616 
1 0.9810 0.0512 -0.1526 21.0056656 105.6906637 20190811060616 
1 0.7627 -0.0872 0.4308 21.0056656 105.6906637 20190811060616 
1 0.4680 -0.0193 0.4872 21.0056656 105.6906637 20190811060616 
1 1.2810 0.2472 -0.2529 21.0056656 105.6906637 20190811060616 
1 1.0139 -0.2186 0.5609 21.0056656 105.6906637 20190811060616 
1 0.7148 0.1060 0.0086 21.0056656 105.6906637 20190811060616 
1 0.7574 0.2195 -1.0499 21.0056656 105.6906637 20190811060616 
1 1.2513 -0.0782 -0.6595 21.0056656 105.6906637 20190811060616 
1 0.2931 -0.1727 0.2015 21.0056656 105.6906637 20190811060616 
1 0.6633 0.1830 -0.7299 21.0056656 105.6906637 20190811060616 
1 0.6409 0.0981 -0.8711 21.0056656 105.6906637 20190811060616 
1 0.8435 -0.1728 0.1492 21.0056656 105.6906637 20190811060616 
1 0.2965 0.1461 -0.8758 21.0056656 105.6906637 20190811060616 
1 0.3769 -0.0145 -2.0848 21.0056656 105.6906637 20190811060616 
1 1.0008 -0.1695 -0.4494 21.0056656 105.6906637 20190811060616 
1 0.7672 -0.1502 1.6341 21.0056656 105.6906637 20190811060616 
1 0.3147 -0.1418 0.1585 21.0056656 105.6906637 20190811060616 
1 0.1203 0.2424 -2.4054 21.0056656 105.6906637 20190811060616 
