1 -0.0044 0.2002 -0.0272 21.0108632 105.7282204 20190811060257 
1 -0.2041 -0.0447 0.3581 21.0108632 105.7282204 20190811060257 
1 -0.4387 0.0673 0.2068 21.0108632 105.7282204 20190811060257 
1 0.0893 0.0896 -0.0939 21.0108632 105.7282204 20190811060257 
1 -0.2703 0.1577 -0.0768 21.0108632 105.7282204 20190811060257 
1 -0.3140 0.0085 0.4987 21.0108632 105.7282204 20190811060257 
1 0.0344 0.1857 -0.0014 21.0108632 105.7282204 20190811060257 
1 -0.1195 0.0428 0.0790 21.0108632 105.7282204 20190811060257 
1 -0.7189 0.0589 0.4044 21.0108632 105.7282204 20190811060257 
1 0.1247 0.2030 0.0425 21.0108632 105.7282204 20190811060257 
1 -0.5467 -0.0567 0.0662 21.0108632 105.7282204 20190811060257 
1 0.0322 0.1124 0.1077 21.0108632 105.7282204 20190811060257 
1 -0.0604 0.2192 -0.3792 21.0108632 105.7282204 20190811060257 
1 -0.1720 -0.1088 0.1182 21.0108632 105.7282204 20190811060257 
1 -0.2033 0.0330 0.5021 21.0108632 105.7282204 20190811060257 
1 0.0989 0.1910 0.0833 21.0108632 105.7282204 20190811060257 
1 -0.3860 -0.0318 0.1027 21.0108632 105.7282204 20190811060257 
1 0.1791 0.0040 0.4411 21.0108632 105.7282204 20190811060257 
1 -0.1604 0.0452 -0.1891 21.0108632 105.7282204 20190811060257 
1 -0.0899 0.0934 -0.0091 21.0108632 105.7282204 20190811060257 
1 -0.1172 0.1171 0.1830 21.0108632 105.7282204 20190811060257 
1 0.0592 0.0350 0.4367 21.0108632 105.7282204 20190811060257 
1 -0.2094 0.0616 0.1625 21.0108632 105.7282204 20190811060258 
1 0.4078 0.2231 -0.2073 21.0108632 105.7282204 20190811060258 
1 -0.3309 0.0154 -0.0236 21.0108632 105.7282204 20190811060258 
1 -0.2616 0.0896 0.1405 21.0108758 105.7280441 20190811060258 
1 -0.0121 0.1875 -0.2530 21.0108758 105.7280441 20190811060258 
1 0.0046 0.1531 -0.4105 21.0108758 105.7280441 20190811060258 
1 -0.3025 0.1491 -0.4661 21.0108758 105.7280441 20190811060258 
1 -0.0672 -0.0394 -0.3667 21.0108758 105.7280441 20190811060258 
1 -0.1738 0.1488 -0.5766 21.0108758 105.7280441 20190811060258 
1 -0.1013 0.1010 -0.3265 21.0108758 105.7280441 20190811060258 
1 -0.1138 0.0976 -0.4205 21.0108758 105.7280441 20190811060258 
1 -0.2118 0.1381 -0.6250 21.0108758 105.7280441 20190811060258 
1 -0.1890 0.0236 -0.2834 21.0108758 105.7280441 20190811060258 
1 0.0130 0.2353 -0.3562 21.0108758 105.7280441 20190811060258 
1 -0.1584 0.1513 -0.4331 21.0108758 105.7280441 20190811060258 
1 -0.4037 0.0103 -0.1840 21.0108758 105.7280441 20190811060258 
1 -0.0818 0.0303 0.0703 21.0108758 105.7280441 20190811060258 
1 0.1456 0.2622 -0.5503 21.0108758 105.7280441 20190811060258 
1 0.0468 0.0665 -0.2270 21.0108758 105.7280441 20190811060258 
1 -0.4176 0.1129 -0.1618 21.0108758 105.7280441 20190811060258 
1 0.2362 0.3397 -0.4978 21.0108758 105.7280441 20190811060258 
1 0.1342 -0.1236 -0.0989 21.0108758 105.7280441 20190811060258 
1 -0.6524 -0.1452 1.0871 21.0108758 105.7280441 20190811060258 
1 0.1099 0.6531 -0.7449 21.0108758 105.7280441 20190811060258 
1 0.0527 -0.1981 -0.1032 21.0108758 105.7280441 20190811060258 
1 -0.4502 0.0384 0.1264 21.0108758 105.7280441 20190811060258 
1 0.1934 0.2840 -0.7015 21.0108758 105.7280441 20190811060258 
1 -0.2244 0.0968 -0.9894 21.0108758 105.7280441 20190811060258 
1 0.1836 -0.0107 0.3174 21.0108758 105.7280441 20190811060258 
1 -0.6991 0.0038 1.3552 21.0108758 105.7280441 20190811060258 
1 0.3897 0.6292 -0.7310 21.0108758 105.7280441 20190811060258 
1 -0.0148 -0.2875 -0.5021 21.0108758 105.7280441 20190811060258 
1 -0.0660 -0.0177 0.6097 21.0108758 105.7280441 20190811060258 
1 -0.0091 0.4589 -0.3067 21.0108758 105.7280441 20190811060258 
1 0.1182 -0.1231 -0.1968 21.0108758 105.7280441 20190811060258 
1 -0.4108 0.2087 0.3082 21.0108758 105.7280441 20190811060258 
1 0.1060 0.3252 -0.1842 21.0108758 105.7280441 20190811060258 
1 -0.1536 0.1201 0.0825 21.0108758 105.7280441 20190811060258 
1 0.1036 0.1202 0.2760 21.0108758 105.7280441 20190811060258 
1 0.2479 0.1206 -0.1799 21.0108758 105.7280441 20190811060258 
1 -0.1967 0.2895 0.0428 21.0108758 105.7280441 20190811060258 
1 -0.0589 0.1071 -0.2837 21.0108758 105.7280441 20190811060258 
1 -0.0988 -0.0140 -0.2780 21.0108758 105.7280441 20190811060258 
1 -0.0411 0.0830 -0.0345 21.0108758 105.7280441 20190811060258 
1 -0.2380 0.0977 -0.1988 21.0108758 105.7280441 20190811060258 
1 -0.2202 0.0892 -0.1121 21.0108758 105.7280441 20190811060258 
1 0.1544 0.0909 -0.0218 21.0108758 105.7280441 20190811060258 
1 -0.0165 -0.0062 0.5415 21.0108758 105.7280441 20190811060258 
1 -0.3607 0.0745 0.7591 21.0108758 105.7280441 20190811060258 
1 0.0121 0.1104 0.0952 21.0108758 105.7280441 20190811060258 
1 -0.0657 0.1040 0.3475 21.0108758 105.7280441 20190811060258 
1 -0.3453 0.1977 0.5015 21.0108758 105.7280441 20190811060258 
1 -0.1184 -0.1226 0.4559 21.0108839 105.7278749 20190811060259 
1 -0.0150 0.0134 0.7380 21.0108839 105.7278749 20190811060259 
1 -0.0266 0.3618 0.6223 21.0108839 105.7278749 20190811060259 
1 -0.1536 -0.0059 0.5529 21.0108839 105.7278749 20190811060259 
1 -0.1338 0.1934 0.4714 21.0108839 105.7278749 20190811060259 
1 0.3637 0.1136 0.2868 21.0108839 105.7278749 20190811060259 
1 -0.0669 0.0238 0.1422 21.0108839 105.7278749 20190811060259 
1 0.3518 0.3139 0.0440 21.0108839 105.7278749 20190811060259 
1 -0.0230 -0.0868 0.1394 21.0108839 105.7278749 20190811060259 
1 0.2723 0.1029 -0.0077 21.0108839 105.7278749 20190811060259 
1 0.0385 0.1355 -0.4090 21.0108839 105.7278749 20190811060259 
1 -0.1510 0.0504 0.1306 21.0108839 105.7278749 20190811060259 
1 0.1974 0.0979 0.1966 21.0108839 105.7278749 20190811060259 
1 0.1983 0.2635 -0.4780 21.0108839 105.7278749 20190811060259 
1 -0.1530 0.0377 -0.5013 21.0108839 105.7278749 20190811060259 
1 -0.1979 -0.0170 0.2999 21.0108839 105.7278749 20190811060259 
1 -0.0048 0.1317 0.0703 21.0108839 105.7278749 20190811060259 
1 0.1596 0.0805 -0.5792 21.0108839 105.7278749 20190811060259 
1 -0.4848 0.0744 -0.2057 21.0108839 105.7278749 20190811060259 
1 -0.0872 -0.0392 0.2767 21.0108839 105.7278749 20190811060259 
1 0.1736 0.1447 0.0059 21.0108839 105.7278749 20190811060259 
1 -0.4395 -0.0819 0.1238 21.0108839 105.7278749 20190811060259 
1 -0.2022 0.1374 0.1730 21.0108839 105.7278749 20190811060259 
1 -0.1933 0.1964 -0.3816 21.0108839 105.7278749 20190811060259 
1 0.0617 0.0865 -0.2274 21.0108839 105.7278749 20190811060259 
1 -0.1761 0.0741 0.0210 21.0108839 105.7278749 20190811060259 
1 0.0730 -0.1461 0.8689 21.0108839 105.7278749 20190811060259 
1 -0.2425 0.4208 -0.4130 21.0108839 105.7278749 20190811060259 
1 0.0264 -0.0172 -0.1365 21.0108839 105.7278749 20190811060259 
1 0.0411 -0.2706 0.4529 21.0108839 105.7278749 20190811060259 
1 -0.1118 0.2087 -0.3953 21.0108839 105.7278749 20190811060259 
1 0.1486 0.0796 -0.6178 21.0108839 105.7278749 20190811060259 
1 0.2356 0.2721 -1.1073 21.0108839 105.7278749 20190811060259 
1 -0.1926 -0.7212 1.9766 21.0108839 105.7278749 20190811060259 
1 -0.1781 0.6536 0.1536 21.0108839 105.7278749 20190811060259 
1 0.1929 0.0270 -0.8049 21.0108839 105.7278749 20190811060259 
1 0.0090 -0.2571 0.6620 21.0108839 105.7278749 20190811060259 
1 -0.1602 0.2839 0.4012 21.0108839 105.7278749 20190811060259 
1 0.1826 -0.0898 -0.0840 21.0108839 105.7278749 20190811060259 
1 0.1749 0.1530 -0.5596 21.0108839 105.7278749 20190811060259 
1 -0.2273 -0.4791 1.1892 21.0108839 105.7278749 20190811060259 
1 0.1985 0.2192 0.6929 21.0108839 105.7278749 20190811060259 
1 -0.1742 0.4244 -0.8963 21.0108839 105.7278749 20190811060259 
1 0.1841 -0.5821 0.8073 21.0108839 105.7278749 20190811060259 
1 -0.1076 0.1747 0.8420 21.0108839 105.7278749 20190811060259 
1 -0.0749 0.2113 -0.7085 21.0108839 105.7278749 20190811060259 
1 0.0708 -0.1951 0.2375 21.0108839 105.7278749 20190811060259 
1 0.1366 -0.0537 0.8722 21.0108839 105.7278749 20190811060259 
1 -0.2190 -0.0354 0.4002 21.0108839 105.7278749 20190811060259 
1 0.1746 0.2010 0.0283 21.0108885 105.7276957 20190811060300 
1 0.0357 -0.0597 0.1770 21.0108885 105.7276957 20190811060300 
1 -0.1283 0.0410 0.1759 21.0108885 105.7276957 20190811060300 
1 0.0490 0.0052 -0.1540 21.0108885 105.7276957 20190811060300 
1 -0.1517 -0.0312 -0.1824 21.0108885 105.7276957 20190811060300 
1 -0.0369 0.0220 0.1909 21.0108885 105.7276957 20190811060300 
1 0.2126 -0.1109 0.1268 21.0108885 105.7276957 20190811060300 
1 -0.2661 0.0313 -0.3054 21.0108885 105.7276957 20190811060300 
1 -0.0725 0.0395 -0.4588 21.0108885 105.7276957 20190811060300 
1 -0.1887 -0.0427 -0.2865 21.0108885 105.7276957 20190811060300 
1 0.0513 -0.0816 0.2121 21.0108885 105.7276957 20190811060300 
1 -0.0477 0.1794 -0.1879 21.0108885 105.7276957 20190811060300 
1 -0.0086 0.0634 -0.5664 21.0108885 105.7276957 20190811060300 
1 -0.1388 -0.1440 0.0031 21.0108885 105.7276957 20190811060300 
1 0.2046 0.0195 -0.1236 21.0108885 105.7276957 20190811060300 
1 -0.1186 0.0031 -0.6040 21.0108885 105.7276957 20190811060300 
1 0.0455 0.1042 -0.2655 21.0108885 105.7276957 20190811060300 
1 -0.0457 0.0191 -0.0119 21.0108885 105.7276957 20190811060300 
1 0.2765 -0.0514 -0.1223 21.0108885 105.7276957 20190811060300 
1 0.1347 0.1289 -0.6560 21.0108885 105.7276957 20190811060300 
1 -0.2189 -0.2162 -0.3819 21.0108885 105.7276957 20190811060300 
1 0.0389 0.0979 -0.3225 21.0108885 105.7276957 20190811060300 
1 0.2286 0.0678 -0.5750 21.0108885 105.7276957 20190811060300 
1 -0.0974 -0.0869 -0.3023 21.0108885 105.7276957 20190811060300 
1 0.0777 0.0906 -0.4994 21.0108885 105.7276957 20190811060300 
1 -0.0849 -0.0714 -0.4157 21.0108885 105.7276957 20190811060300 
1 -0.0629 0.0291 -0.1494 21.0108885 105.7276957 20190811060300 
1 -0.0510 0.0628 -0.2391 21.0108885 105.7276957 20190811060300 
1 0.0360 -0.1284 -0.1621 21.0108885 105.7276957 20190811060300 
1 -0.1062 0.0208 -0.4336 21.0108885 105.7276957 20190811060300 
1 0.0131 -0.0247 -0.2260 21.0108885 105.7276957 20190811060300 
1 -0.0941 -0.1396 -0.0101 21.0108885 105.7276957 20190811060300 
1 -0.3808 -0.0597 -0.0751 21.0108885 105.7276957 20190811060300 
1 0.1424 -0.0498 0.0613 21.0108885 105.7276957 20190811060300 
1 -0.2953 -0.0374 0.1323 21.0108885 105.7276957 20190811060300 
1 0.0231 -0.1547 0.2127 21.0108885 105.7276957 20190811060300 
1 0.0593 -0.1005 0.0638 21.0108885 105.7276957 20190811060300 
1 0.0095 -0.1407 0.6673 21.0108885 105.7276957 20190811060300 
1 -0.2954 -0.1831 0.6350 21.0108885 105.7276957 20190811060300 
1 0.3635 0.0273 0.1526 21.0108885 105.7276957 20190811060300 
1 0.2130 -0.1206 0.1415 21.0108885 105.7276957 20190811060300 
1 -0.1739 -0.2116 0.8658 21.0108885 105.7276957 20190811060300 
1 0.0894 0.0420 0.4392 21.0108885 105.7276957 20190811060300 
1 0.4985 -0.0037 0.0956 21.0108885 105.7276957 20190811060300 
1 -0.1534 -0.1097 0.6491 21.0108885 105.7276957 20190811060300 
1 0.2489 0.0415 0.1298 21.0108885 105.7276957 20190811060300 
1 -0.0830 -0.1630 -0.2128 21.0108885 105.7276957 20190811060300 
1 0.0973 -0.0400 0.0684 21.0108885 105.7276957 20190811060300 
1 0.1297 -0.1340 0.2068 21.0108885 105.7276957 20190811060300 
1 -0.1422 0.0555 -0.2768 21.010901 105.727516 20190811060300 
1 0.0729 0.0411 -0.4207 21.010901 105.727516 20190811060301 
1 0.2090 -0.1382 -0.1492 21.010901 105.727516 20190811060301 
1 -0.1053 -0.1715 0.0609 21.010901 105.727516 20190811060301 
1 -0.0476 -0.2574 0.0034 21.010901 105.727516 20190811060301 
1 -0.0653 -0.2981 0.0736 21.010901 105.727516 20190811060301 
1 0.0484 -0.1312 0.0505 21.010901 105.727516 20190811060301 
1 0.1876 -0.1213 -0.0011 21.010901 105.727516 20190811060301 
1 0.0059 -0.2723 0.6125 21.010901 105.727516 20190811060301 
1 0.0056 0.0009 0.3925 21.010901 105.727516 20190811060301 
1 0.3540 -0.1193 0.1497 21.010901 105.727516 20190811060301 
1 -0.0509 -0.2951 0.7651 21.010901 105.727516 20190811060301 
1 0.0321 -0.2202 0.6819 21.010901 105.727516 20190811060301 
1 0.3647 -0.1291 0.0385 21.010901 105.727516 20190811060301 
1 0.1761 -0.1729 0.0744 21.010901 105.727516 20190811060301 
1 0.3769 -0.2314 0.7517 21.010901 105.727516 20190811060301 
1 0.1052 -0.0221 0.0336 21.010901 105.727516 20190811060301 
1 0.1440 -0.1135 -0.1232 21.010901 105.727516 20190811060301 
1 0.1837 -0.1746 0.4083 21.010901 105.727516 20190811060301 
1 0.1671 0.0080 0.0848 21.010901 105.727516 20190811060301 
1 0.3158 -0.0901 -0.6080 21.010901 105.727516 20190811060301 
1 0.1082 -0.2048 -0.4434 21.010901 105.727516 20190811060301 
1 0.1979 -0.1171 -0.2103 21.010901 105.727516 20190811060301 
1 0.1185 -0.0477 -0.5317 21.010901 105.727516 20190811060301 
1 0.0043 -0.1218 -0.5260 21.010901 105.727516 20190811060301 
1 0.1503 -0.1170 -0.5195 21.010901 105.727516 20190811060301 
1 0.2789 -0.1187 -0.5667 21.010901 105.727516 20190811060301 
1 -0.0780 -0.1935 -0.6319 21.010901 105.727516 20190811060301 
1 0.1437 -0.1933 -0.4585 21.010901 105.727516 20190811060301 
1 0.1068 -0.1720 -0.2859 21.010901 105.727516 20190811060301 
1 -0.1130 -0.0179 -0.3129 21.010901 105.727516 20190811060301 
1 0.3347 -0.2218 -0.2117 21.010901 105.727516 20190811060301 
1 -0.0462 -0.1363 -0.0150 21.010901 105.727516 20190811060301 
1 0.2055 -0.0816 0.1872 21.010901 105.727516 20190811060301 
1 0.0499 -0.1367 0.1607 21.010901 105.727516 20190811060301 
1 -0.1101 -0.0958 0.1496 21.010901 105.727516 20190811060301 
1 0.2330 -0.1732 0.0776 21.010901 105.727516 20190811060301 
1 0.0242 -0.0669 -0.0121 21.010901 105.727516 20190811060301 
1 0.0139 -0.1643 0.1140 21.010901 105.727516 20190811060301 
1 0.3764 -0.1505 0.2887 21.010901 105.727516 20190811060301 
1 0.3461 0.0244 0.2788 21.010901 105.727516 20190811060301 
1 0.0619 -0.2746 0.4782 21.010901 105.727516 20190811060301 
1 0.0880 -0.0772 0.2036 21.010901 105.727516 20190811060301 
1 0.2670 -0.0431 -0.3612 21.010901 105.727516 20190811060301 
1 0.1050 -0.2584 0.1898 21.010901 105.727516 20190811060301 
1 0.1009 -0.1576 0.5764 21.010901 105.727516 20190811060301 
1 0.4058 0.0237 -0.1261 21.010901 105.727516 20190811060301 
1 0.1168 -0.1616 -0.2321 21.010901 105.727516 20190811060301 
1 0.0873 -0.1206 0.4414 21.010901 105.727516 20190811060301 
1 0.1132 -0.1216 0.1137 21.010901 105.727516 20190811060301 
1 -0.0480 -0.1171 -0.1069 21.0109043 105.7273377 20190811060301 
1 0.2130 -0.0798 0.1100 21.0109043 105.7273377 20190811060302 
1 0.2248 -0.0884 0.0651 21.0109043 105.7273377 20190811060302 
1 -0.2023 -0.1122 -0.0257 21.0109043 105.7273377 20190811060302 
1 0.3793 -0.0866 -0.2674 21.0109043 105.7273377 20190811060302 
1 -0.0374 -0.1446 -0.0177 21.0109043 105.7273377 20190811060302 
1 0.1521 -0.0186 0.1519 21.0109043 105.7273377 20190811060302 
1 0.1145 -0.2074 -0.0748 21.0109043 105.7273377 20190811060302 
1 0.1339 -0.1097 -0.1369 21.0109043 105.7273377 20190811060302 
1 0.2158 0.0162 -0.3067 21.0109043 105.7273377 20190811060302 
1 0.1411 -0.1422 -0.2504 21.0109043 105.7273377 20190811060302 
1 -0.0695 -0.1897 0.0064 21.0109043 105.7273377 20190811060302 
1 0.4026 -0.0564 -0.0929 21.0109043 105.7273377 20190811060302 
1 0.1650 -0.0963 -0.2692 21.0109043 105.7273377 20190811060302 
1 -0.0423 -0.0626 -0.1313 21.0109043 105.7273377 20190811060302 
1 0.2070 -0.1925 0.0497 21.0109043 105.7273377 20190811060302 
1 0.2550 -0.0415 -0.1447 21.0109043 105.7273377 20190811060302 
1 -0.0283 -0.0383 -0.5924 21.0109043 105.7273377 20190811060302 
1 -0.0656 -0.2488 0.2616 21.0109043 105.7273377 20190811060302 
1 0.1843 -0.0527 0.1674 21.0109043 105.7273377 20190811060302 
1 0.2733 0.0441 -0.6120 21.0109043 105.7273377 20190811060302 
1 -0.1611 -0.2384 0.0048 21.0109043 105.7273377 20190811060302 
1 0.1331 -0.0711 -0.0372 21.0109043 105.7273377 20190811060302 
1 0.2963 -0.1274 -0.0510 21.0109043 105.7273377 20190811060302 
1 -0.0421 -0.1464 0.1586 21.0109043 105.7273377 20190811060302 
1 -0.0565 -0.1166 0.3373 21.0109043 105.7273377 20190811060302 
1 0.3936 -0.0192 0.0756 21.0109043 105.7273377 20190811060302 
1 0.2816 0.0357 -0.3238 21.0109043 105.7273377 20190811060302 
1 0.0820 -0.3070 0.3590 21.0109043 105.7273377 20190811060302 
1 0.2248 0.0286 0.2137 21.0109043 105.7273377 20190811060302 
1 0.4025 -0.0403 -0.0389 21.0109043 105.7273377 20190811060302 
1 0.2247 -0.1281 0.1832 21.0109043 105.7273377 20190811060302 
1 0.0706 -0.0707 0.3956 21.0109043 105.7273377 20190811060302 
1 0.3888 -0.0379 -0.2609 21.0109043 105.7273377 20190811060302 
1 -0.0373 -0.1470 -0.3724 21.0109043 105.7273377 20190811060302 
1 0.2974 -0.0536 -0.0811 21.0109043 105.7273377 20190811060302 
1 -0.1228 -0.0436 -0.3306 21.0109043 105.7273377 20190811060302 
1 0.0339 -0.0932 -0.1789 21.0109043 105.7273377 20190811060302 
1 0.3005 -0.1193 0.2510 21.0109043 105.7273377 20190811060302 
1 0.0361 -0.1060 0.1071 21.0109043 105.7273377 20190811060302 
1 0.0447 0.1324 -0.7022 21.0109043 105.7273377 20190811060302 
1 0.0041 -0.1234 -0.5033 21.0109043 105.7273377 20190811060302 
1 -0.0266 -0.2793 0.3231 21.0109043 105.7273377 20190811060302 
1 -0.0729 0.1018 -0.1892 21.0109043 105.7273377 20190811060302 
1 -0.1428 -0.0397 -0.4266 21.0109043 105.7273377 20190811060302 
1 0.0833 -0.1448 0.2861 21.0109043 105.7273377 20190811060302 
1 0.0454 -0.0484 0.0933 21.0109043 105.7273377 20190811060302 
1 0.1826 -0.1460 -0.2040 21.0109043 105.7273377 20190811060302 
1 -0.1699 -0.1154 0.1490 21.0109043 105.7273377 20190811060302 
1 0.0296 -0.0578 0.1802 21.010918 105.7271546 20190811060303 
1 0.2772 -0.0478 -0.2147 21.010918 105.7271546 20190811060303 
1 -0.0132 -0.1645 0.1435 21.010918 105.7271546 20190811060303 
1 -0.0437 -0.0332 0.3433 21.010918 105.7271546 20190811060303 
1 0.3059 -0.1084 0.5448 21.010918 105.7271546 20190811060303 
1 0.0930 -0.0527 0.3567 21.010918 105.7271546 20190811060303 
1 -0.0617 -0.1171 0.3726 21.010918 105.7271546 20190811060303 
1 0.2765 -0.0402 0.0631 21.010918 105.7271546 20190811060303 
1 0.0808 -0.1906 0.0507 21.010918 105.7271546 20190811060303 
1 0.0486 -0.1348 0.5524 21.010918 105.7271546 20190811060303 
1 0.1675 0.0835 0.1234 21.010918 105.7271546 20190811060303 
1 -0.1269 -0.1776 0.2186 21.010918 105.7271546 20190811060303 
1 0.0015 -0.1049 0.4728 21.010918 105.7271546 20190811060303 
1 0.0836 -0.1606 0.2556 21.010918 105.7271546 20190811060303 
1 -0.0517 -0.0830 -0.0697 21.010918 105.7271546 20190811060303 
1 0.1371 0.0163 0.0059 21.010918 105.7271546 20190811060303 
1 0.3041 -0.1761 0.2803 21.010918 105.7271546 20190811060303 
1 -0.4217 -0.1187 0.3064 21.010918 105.7271546 20190811060303 
1 0.3357 -0.0294 -0.0376 21.010918 105.7271546 20190811060303 
1 0.1174 -0.1606 0.0930 21.010918 105.7271546 20190811060303 
1 0.0142 -0.0349 0.3950 21.010918 105.7271546 20190811060303 
1 0.2794 -0.2268 0.2046 21.010918 105.7271546 20190811060303 
1 0.0413 -0.3420 0.8678 21.010918 105.7271546 20190811060303 
1 -0.0086 0.3597 -0.7801 21.010918 105.7271546 20190811060303 
1 0.5970 -0.0488 -0.6147 21.010918 105.7271546 20190811060303 
1 -0.6197 -0.2478 0.2565 21.010918 105.7271546 20190811060303 
1 0.4343 0.1501 -0.2819 21.010918 105.7271546 20190811060303 
1 0.1091 0.1492 -0.5781 21.010918 105.7271546 20190811060303 
1 -0.2160 0.1905 -0.0586 21.010918 105.7271546 20190811060303 
1 -0.1225 -0.4562 0.7288 21.010918 105.7271546 20190811060303 
1 0.0167 0.3218 -1.0749 21.010918 105.7271546 20190811060303 
1 -0.0689 -0.0824 -1.6583 21.010918 105.7271546 20190811060303 
1 -0.0162 -0.1132 -1.5414 21.010918 105.7271546 20190811060303 
1 -0.5637 0.0036 -1.0394 21.010918 105.7271546 20190811060303 
1 0.0120 -0.2845 -0.6301 21.010918 105.7271546 20190811060303 
1 0.2126 0.0519 -0.7348 21.010918 105.7271546 20190811060303 
1 -0.3869 0.0281 -0.6493 21.010918 105.7271546 20190811060303 
1 -0.0295 -0.1005 -0.4552 21.010918 105.7271546 20190811060303 
1 -0.1991 -0.1966 -0.2349 21.010918 105.7271546 20190811060303 
1 -0.1819 -0.1569 -0.4727 21.010918 105.7271546 20190811060303 
1 0.0631 -0.2037 0.3911 21.010918 105.7271546 20190811060303 
1 -0.0819 0.1945 -0.3266 21.010918 105.7271546 20190811060303 
1 0.2091 -0.4259 1.1827 21.010918 105.7271546 20190811060303 
1 -0.2263 -0.1405 1.2876 21.010918 105.7271546 20190811060303 
1 -0.0738 0.0562 0.4925 21.010918 105.7271546 20190811060303 
1 -0.1949 -0.1322 0.5557 21.010918 105.7271546 20190811060303 
1 -0.3060 -0.2998 1.3667 21.010918 105.7271546 20190811060303 
1 0.3059 -0.1061 1.4109 21.010918 105.7271546 20190811060303 
1 -0.6585 0.2076 0.0982 21.010918 105.7271546 20190811060304 
1 0.2601 -0.2527 1.2808 21.010918 105.7271546 20190811060304 
1 -0.0076 -0.0359 1.2044 21.010918 105.7271546 20190811060304 
1 -0.2431 0.0965 0.0060 21.0109318 105.7269832 20190811060304 
1 -0.0005 -0.2204 -0.0896 21.0109318 105.7269832 20190811060304 
1 -0.1555 0.0250 0.1748 21.0109318 105.7269832 20190811060304 
1 -0.4074 -0.1142 0.4660 21.0109318 105.7269832 20190811060304 
1 -0.0064 0.0706 -0.2466 21.0109318 105.7269832 20190811060304 
1 0.0001 -0.0519 -0.2761 21.0109318 105.7269832 20190811060304 
1 -0.1698 -0.1140 0.0311 21.0109318 105.7269832 20190811060304 
1 0.2574 0.0538 -0.2730 21.0109318 105.7269832 20190811060304 
1 -0.4523 -0.2267 -0.1956 21.0109318 105.7269832 20190811060304 
1 0.2523 -0.0267 -0.2649 21.0109318 105.7269832 20190811060304 
1 -0.1910 -0.1134 -0.4858 21.0109318 105.7269832 20190811060304 
1 -0.0062 -0.0714 -0.0472 21.0109318 105.7269832 20190811060304 
1 0.0523 -0.1354 0.0955 21.0109318 105.7269832 20190811060304 
1 -0.0147 -0.1581 -0.1889 21.0109318 105.7269832 20190811060304 
1 -0.1423 -0.0240 -0.1395 21.0109318 105.7269832 20190811060304 
1 0.0842 -0.0975 0.1100 21.0109318 105.7269832 20190811060304 
1 -0.1226 -0.1057 0.2319 21.0109318 105.7269832 20190811060304 
1 0.1317 -0.0265 0.0015 21.0109318 105.7269832 20190811060304 
1 -0.0571 -0.0802 -0.0077 21.0109318 105.7269832 20190811060304 
1 -0.1534 0.0766 -0.0525 21.0109318 105.7269832 20190811060304 
1 -0.1530 -0.0265 -0.2497 21.0109318 105.7269832 20190811060304 
1 -0.0650 -0.1049 0.0069 21.0109318 105.7269832 20190811060304 
1 -0.2856 -0.0086 -0.1552 21.0109318 105.7269832 20190811060304 
1 -0.0603 0.0403 -0.6458 21.0109318 105.7269832 20190811060304 
1 -0.2644 0.1020 -0.9599 21.0109318 105.7269832 20190811060304 
1 -0.0394 -0.1677 -0.5234 21.0109318 105.7269832 20190811060304 
1 -0.3876 -0.1409 -0.1623 21.0109318 105.7269832 20190811060304 
1 -0.1635 0.1262 -0.7872 21.0109318 105.7269832 20190811060304 
1 -0.0458 -0.0392 -0.9854 21.0109318 105.7269832 20190811060304 
1 -0.2961 -0.1428 -0.4153 21.0109318 105.7269832 20190811060304 
1 0.0599 -0.0909 -0.3753 21.0109318 105.7269832 20190811060304 
1 -0.1024 0.0448 -0.8300 21.0109318 105.7269832 20190811060304 
1 0.0574 -0.1575 -0.1194 21.0109318 105.7269832 20190811060304 
1 -0.1269 -0.1016 0.1982 21.0109318 105.7269832 20190811060304 
1 -0.1171 -0.0057 -0.2192 21.0109318 105.7269832 20190811060304 
1 -0.0055 -0.0466 0.0308 21.0109318 105.7269832 20190811060304 
1 -0.0046 -0.1688 0.4237 21.0109318 105.7269832 20190811060304 
1 -0.1942 -0.0597 0.4572 21.0109318 105.7269832 20190811060304 
1 0.0295 -0.0027 0.3825 21.0109318 105.7269832 20190811060304 
1 -0.0482 -0.1554 0.5579 21.0109318 105.7269832 20190811060304 
1 0.0565 -0.0340 0.6258 21.0109318 105.7269832 20190811060304 
1 -0.2001 -0.1032 0.6528 21.0109318 105.7269832 20190811060304 
1 0.0157 -0.0843 0.9100 21.0109318 105.7269832 20190811060304 
1 0.0122 0.1267 0.4841 21.0109318 105.7269832 20190811060304 
1 -0.0197 -0.1957 0.6792 21.0109318 105.7269832 20190811060304 
1 -0.2399 -0.0393 0.6686 21.0109318 105.7269832 20190811060304 
1 0.0685 -0.0333 0.3521 21.0109318 105.7269832 20190811060304 
1 0.0145 -0.0907 0.1788 21.010945 105.7268124 20190811060304 
1 -0.1138 0.0649 0.2046 21.010945 105.7268124 20190811060305 
1 -0.0593 -0.0354 0.2058 21.010945 105.7268124 20190811060305 
1 -0.0371 0.0172 -0.0192 21.010945 105.7268124 20190811060305 
1 -0.0104 -0.0746 0.0856 21.010945 105.7268124 20190811060305 
1 -0.1946 0.0492 -0.0832 21.010945 105.7268124 20190811060305 
1 -0.2073 0.0088 -0.0781 21.010945 105.7268124 20190811060305 
1 0.1238 -0.0184 -0.4262 21.010945 105.7268124 20190811060305 
1 -0.2491 -0.0923 -0.2910 21.010945 105.7268124 20190811060305 
1 -0.1601 -0.0143 -0.1383 21.010945 105.7268124 20190811060305 
1 -0.1015 0.0175 -0.3246 21.010945 105.7268124 20190811060305 
1 0.0378 -0.0494 -0.2891 21.010945 105.7268124 20190811060305 
1 -0.2344 -0.0727 -0.2016 21.010945 105.7268124 20190811060305 
1 -0.1624 -0.1388 -0.0691 21.010945 105.7268124 20190811060305 
1 -0.2351 -0.0408 -0.2121 21.010945 105.7268124 20190811060305 
1 0.0575 0.0686 -0.5914 21.010945 105.7268124 20190811060305 
1 -0.3019 -0.1803 0.1381 21.010945 105.7268124 20190811060305 
1 -0.1790 -0.1057 0.6173 21.010945 105.7268124 20190811060305 
1 0.1921 -0.0328 0.0598 21.010945 105.7268124 20190811060305 
1 -0.0084 -0.0754 0.1048 21.010945 105.7268124 20190811060305 
1 -0.0246 -0.1100 0.3973 21.010945 105.7268124 20190811060305 
1 0.1051 -0.0646 0.2015 21.010945 105.7268124 20190811060305 
1 -0.0109 -0.1596 0.3335 21.010945 105.7268124 20190811060305 
1 0.4020 0.0074 0.3179 21.010945 105.7268124 20190811060305 
1 -0.7094 -0.1068 0.1897 21.010945 105.7268124 20190811060305 
1 0.3176 -0.0199 0.3307 21.010945 105.7268124 20190811060305 
1 0.0943 -0.0703 -0.0391 21.010945 105.7268124 20190811060305 
1 0.0115 -0.1526 0.6178 21.010945 105.7268124 20190811060305 
1 -0.0554 0.1305 -0.0873 21.010945 105.7268124 20190811060305 
1 0.1367 -0.0861 -0.1760 21.010945 105.7268124 20190811060305 
1 -0.1814 -0.0107 -0.1963 21.010945 105.7268124 20190811060305 
1 0.1116 -0.0764 -0.4115 21.010945 105.7268124 20190811060305 
1 -0.1728 -0.1443 -0.2858 21.010945 105.7268124 20190811060305 
1 0.1592 0.1667 -0.3680 21.010945 105.7268124 20190811060305 
1 -0.0536 -0.2464 -0.1592 21.010945 105.7268124 20190811060305 
1 -0.1633 -0.0465 -0.3358 21.010945 105.7268124 20190811060305 
1 0.1493 0.0457 -0.6822 21.010945 105.7268124 20190811060305 
1 -0.0514 -0.0837 -0.2673 21.010945 105.7268124 20190811060305 
1 -0.3018 -0.0819 0.1317 21.010945 105.7268124 20190811060305 
1 0.2836 -0.0085 -0.4608 21.010945 105.7268124 20190811060305 
1 -0.2416 -0.0418 -0.1815 21.010945 105.7268124 20190811060305 
1 0.0442 -0.0101 0.0373 21.010945 105.7268124 20190811060305 
1 -0.0817 -0.1556 0.0616 21.010945 105.7268124 20190811060305 
1 0.1549 0.0639 0.0551 21.010945 105.7268124 20190811060305 
1 -0.0888 0.1258 -0.1499 21.010945 105.7268124 20190811060305 
1 -0.2880 -0.1294 -0.1344 21.010945 105.7268124 20190811060305 
1 0.1168 0.0273 -0.1967 21.010945 105.7268124 20190811060305 
1 -0.2742 0.1065 -0.4390 21.010945 105.7268124 20190811060305 
1 0.0856 0.0090 -0.2956 21.010945 105.7268124 20190811060305 
1 -0.1309 0.0131 -0.3382 21.0109603 105.7266184 20190811060306 
1 -0.2501 -0.1024 -0.1133 21.0109603 105.7266184 20190811060306 
1 -0.0316 0.2527 -0.8701 21.0109603 105.7266184 20190811060306 
1 -0.1613 -0.0211 -1.0048 21.0109603 105.7266184 20190811060306 
1 -0.2138 -0.1618 -0.1686 21.0109603 105.7266184 20190811060306 
1 -0.1840 0.1287 -0.3894 21.0109603 105.7266184 20190811060306 
1 -0.1334 0.0188 -0.9107 21.0109603 105.7266184 20190811060306 
1 -0.3798 -0.0938 -0.3515 21.0109603 105.7266184 20190811060306 
1 -0.0110 -0.1565 0.0009 21.0109603 105.7266184 20190811060306 
1 -0.2057 -0.0521 -0.1448 21.0109603 105.7266184 20190811060306 
1 -0.0601 0.0126 -0.1118 21.0109603 105.7266184 20190811060306 
1 -0.0964 -0.2108 0.5795 21.0109603 105.7266184 20190811060306 
1 -0.2358 0.0128 0.5363 21.0109603 105.7266184 20190811060306 
1 0.1780 0.0034 0.3146 21.0109603 105.7266184 20190811060306 
1 -0.2565 -0.1902 0.6456 21.0109603 105.7266184 20190811060306 
1 -0.0036 0.0653 0.4421 21.0109603 105.7266184 20190811060306 
1 0.3473 -0.0235 0.4456 21.0109603 105.7266184 20190811060306 
1 -0.1564 -0.0820 0.5905 21.0109603 105.7266184 20190811060306 
1 -0.1444 -0.0884 0.6530 21.0109603 105.7266184 20190811060306 
1 0.1621 -0.0108 0.3254 21.0109603 105.7266184 20190811060306 
1 -0.0130 0.1090 0.0131 21.0109603 105.7266184 20190811060306 
1 -0.1515 -0.1454 0.4499 21.0109603 105.7266184 20190811060306 
1 -0.0358 -0.0307 0.2624 21.0109603 105.7266184 20190811060306 
1 -0.0997 -0.0137 -0.0966 21.0109603 105.7266184 20190811060306 
1 0.2150 -0.0241 -0.0509 21.0109603 105.7266184 20190811060306 
1 -0.1092 -0.0340 -0.0893 21.0109603 105.7266184 20190811060306 
1 -0.0985 -0.1701 0.0118 21.0109603 105.7266184 20190811060306 
1 0.0292 0.0214 -0.1271 21.0109603 105.7266184 20190811060306 
1 0.0536 0.0414 -0.3297 21.0109603 105.7266184 20190811060306 
1 -0.0522 -0.0453 -0.1766 21.0109603 105.7266184 20190811060306 
1 0.1138 -0.0808 0.1036 21.0109603 105.7266184 20190811060306 
1 0.0588 0.0289 -0.1428 21.0109603 105.7266184 20190811060306 
1 -0.0413 0.0910 -0.1212 21.0109603 105.7266184 20190811060306 
1 -0.3139 -0.0983 0.1485 21.0109603 105.7266184 20190811060306 
1 0.0573 -0.0329 0.1512 21.0109603 105.7266184 20190811060306 
1 -0.0936 0.0316 -0.1936 21.0109603 105.7266184 20190811060306 
1 -0.0268 0.0303 0.0169 21.0109603 105.7266184 20190811060306 
1 -0.0234 -0.0696 0.3022 21.0109603 105.7266184 20190811060306 
1 -0.2525 -0.1163 0.4373 21.0109603 105.7266184 20190811060306 
1 0.1596 0.0373 -0.0367 21.0109603 105.7266184 20190811060306 
1 -0.4730 0.0586 -0.3182 21.0109603 105.7266184 20190811060306 
1 0.1902 -0.2002 0.6098 21.0109603 105.7266184 20190811060306 
1 -0.3173 -0.0996 0.8303 21.0109603 105.7266184 20190811060306 
1 -0.0365 0.2188 0.0863 21.0109603 105.7266184 20190811060306 
1 -0.2631 0.0497 0.0502 21.0109603 105.7266184 20190811060306 
1 -0.0238 -0.0544 0.4608 21.0109603 105.7266184 20190811060306 
1 -0.2490 -0.1187 0.2218 21.0109603 105.7266184 20190811060306 
1 -0.0872 0.1114 0.2234 21.0109603 105.7266184 20190811060306 
1 -0.0111 0.1452 0.1060 21.0109603 105.7266184 20190811060306 
1 -0.3198 0.0267 0.2593 21.0109603 105.7266184 20190811060306 
1 0.2309 0.2029 -0.1203 21.0109718 105.7264356 20190811060306 
1 -0.1051 0.0525 -0.3275 21.0109718 105.7264356 20190811060307 
1 -0.2485 0.1807 -0.4440 21.0109718 105.7264356 20190811060307 
1 0.0483 0.1127 -0.5552 21.0109718 105.7264356 20190811060307 
1 -0.2540 0.0364 -0.0585 21.0109718 105.7264356 20190811060307 
1 -0.0022 0.2691 -0.0576 21.0109718 105.7264356 20190811060307 
1 -0.0133 0.1073 -0.5183 21.0109718 105.7264356 20190811060307 
1 -0.2061 0.1898 -0.3664 21.0109718 105.7264356 20190811060307 
1 0.2089 0.2722 -0.2433 21.0109718 105.7264356 20190811060307 
1 -0.1942 0.0386 -0.2553 21.0109718 105.7264356 20190811060307 
1 0.0006 0.1424 -0.3357 21.0109718 105.7264356 20190811060307 
1 -0.0452 0.1568 -0.4520 21.0109718 105.7264356 20190811060307 
1 -0.1607 0.1321 0.2020 21.0109718 105.7264356 20190811060307 
1 0.0052 0.3126 -0.0583 21.0109718 105.7264356 20190811060307 
1 0.0539 0.2297 -0.4150 21.0109718 105.7264356 20190811060307 
1 -0.5171 0.0303 0.1891 21.0109718 105.7264356 20190811060307 
1 0.4101 0.2393 0.2565 21.0109718 105.7264356 20190811060307 
1 -0.4679 0.2587 -0.2483 21.0109718 105.7264356 20190811060307 
1 0.1916 0.1859 0.3649 21.0109718 105.7264356 20190811060307 
1 -0.3715 0.0948 0.3925 21.0109718 105.7264356 20190811060307 
1 0.0534 0.3196 -0.1446 21.0109718 105.7264356 20190811060307 
1 -0.2192 0.1583 -0.1874 21.0109718 105.7264356 20190811060307 
1 0.1229 0.0730 0.3215 21.0109718 105.7264356 20190811060307 
1 -0.3115 0.3378 0.0680 21.0109718 105.7264356 20190811060307 
1 0.4486 0.1686 -0.0311 21.0109718 105.7264356 20190811060307 
1 -0.4111 0.1420 0.0733 21.0109718 105.7264356 20190811060307 
1 0.2252 0.3057 0.0655 21.0109718 105.7264356 20190811060307 
1 -0.0947 0.0978 -0.0902 21.0109718 105.7264356 20190811060307 
1 -0.0449 0.0833 0.1994 21.0109718 105.7264356 20190811060307 
1 0.0353 0.3289 -0.1275 21.0109718 105.7264356 20190811060307 
1 0.0484 0.2588 -0.3252 21.0109718 105.7264356 20190811060307 
1 -0.1991 0.0758 0.0097 21.0109718 105.7264356 20190811060307 
1 0.0085 0.2685 -0.0810 21.0109718 105.7264356 20190811060307 
1 0.0770 0.2300 -0.1628 21.0109718 105.7264356 20190811060307 
1 0.0284 0.2528 -0.0558 21.0109718 105.7264356 20190811060307 
1 -0.2368 0.1322 0.1304 21.0109718 105.7264356 20190811060307 
1 0.0258 0.1839 -0.0072 21.0109718 105.7264356 20190811060307 
1 0.0767 0.2057 -0.2823 21.0109718 105.7264356 20190811060307 
1 -0.3286 0.1269 -0.0217 21.0109718 105.7264356 20190811060307 
1 0.0125 0.2483 -0.0230 21.0109718 105.7264356 20190811060307 
1 -0.1273 0.1911 -0.1224 21.0109718 105.7264356 20190811060307 
1 -0.0828 0.2345 0.2022 21.0109718 105.7264356 20190811060307 
1 -0.0205 0.2226 0.1378 21.0109718 105.7264356 20190811060307 
1 -0.2571 0.2341 0.2204 21.0109718 105.7264356 20190811060307 
1 0.2234 0.2257 0.3751 21.0109718 105.7264356 20190811060307 
1 -0.3448 0.2267 0.0689 21.0109718 105.7264356 20190811060307 
1 -0.1271 0.2941 -0.1991 21.0109718 105.7264356 20190811060307 
1 -0.2754 0.1690 -0.1864 21.0109718 105.7264356 20190811060307 
1 0.2242 0.2750 0.2877 21.0109718 105.7264356 20190811060307 
1 -0.2997 0.3079 0.1351 21.0109718 105.7264356 20190811060307 
1 0.2265 0.3129 0.0169 21.0109834 105.7262572 20190811060307 
1 -0.0485 0.3040 -0.4313 21.0109834 105.7262572 20190811060308 
1 -0.2328 0.1591 -0.4973 21.0109834 105.7262572 20190811060308 
1 -0.2240 0.2656 -0.3984 21.0109834 105.7262572 20190811060308 
1 -0.1235 0.5143 -0.9088 21.0109834 105.7262572 20190811060308 
1 0.0971 0.1433 -0.5750 21.0109834 105.7262572 20190811060308 
1 -0.2327 0.1942 -0.1416 21.0109834 105.7262572 20190811060308 
1 0.3201 0.2912 -0.5842 21.0109834 105.7262572 20190811060308 
1 0.2170 0.2947 -1.0100 21.0109834 105.7262572 20190811060308 
1 -0.5779 0.1147 -0.2695 21.0109834 105.7262572 20190811060308 
1 0.4566 0.2564 0.0364 21.0109834 105.7262572 20190811060308 
1 -0.1215 0.2372 -0.4117 21.0109834 105.7262572 20190811060308 
1 0.0619 0.2018 -0.0120 21.0109834 105.7262572 20190811060308 
1 0.4427 0.2370 0.0601 21.0109834 105.7262572 20190811060308 
1 -0.0091 0.1487 0.2728 21.0109834 105.7262572 20190811060308 
1 0.1305 0.1907 0.4293 21.0109834 105.7262572 20190811060308 
1 0.1376 0.2578 0.4866 21.0109834 105.7262572 20190811060308 
1 -0.3293 0.2613 0.5308 21.0109834 105.7262572 20190811060308 
1 0.2729 0.3453 0.3356 21.0109834 105.7262572 20190811060308 
1 -0.0680 -0.0029 0.9286 21.0109834 105.7262572 20190811060308 
1 -0.3094 0.0819 1.0837 21.0109834 105.7262572 20190811060308 
1 0.0823 0.2753 0.4403 21.0109834 105.7262572 20190811060308 
1 -0.4534 0.2277 0.4569 21.0109834 105.7262572 20190811060308 
1 -0.1567 0.1019 0.8724 21.0109834 105.7262572 20190811060308 
1 0.0926 0.1817 0.4474 21.0109834 105.7262572 20190811060308 
1 -0.0155 0.3004 0.1896 21.0109834 105.7262572 20190811060308 
1 -0.0468 0.4189 -0.0094 21.0109834 105.7262572 20190811060308 
1 -0.5100 0.3162 -0.0892 21.0109834 105.7262572 20190811060308 
1 0.7000 0.1752 0.2164 21.0109834 105.7262572 20190811060308 
1 -0.4716 0.2642 0.0090 21.0109834 105.7262572 20190811060308 
1 0.2632 0.4672 -0.5779 21.0109834 105.7262572 20190811060308 
1 0.0110 0.1759 -0.6686 21.0109834 105.7262572 20190811060308 
1 0.3094 0.1877 -0.5683 21.0109834 105.7262572 20190811060308 
1 0.1514 0.3224 -1.1129 21.0109834 105.7262572 20190811060308 
1 -0.0739 0.1558 -1.3767 21.0109834 105.7262572 20190811060308 
1 0.2560 0.2623 -0.3641 21.0109834 105.7262572 20190811060308 
1 0.2421 0.4166 -0.5424 21.0109834 105.7262572 20190811060308 
1 -0.1894 0.1993 -0.8869 21.0109834 105.7262572 20190811060308 
1 0.3142 0.2944 -0.9792 21.0109834 105.7262572 20190811060308 
1 -0.0657 0.1524 -1.0097 21.0109834 105.7262572 20190811060308 
1 -0.0655 0.0899 0.0378 21.0109834 105.7262572 20190811060308 
1 0.1658 0.3923 -0.4281 21.0109834 105.7262572 20190811060308 
1 0.0562 0.1768 -0.3865 21.0109834 105.7262572 20190811060308 
1 0.0881 0.0595 0.1536 21.0109834 105.7262572 20190811060308 
1 -0.0125 0.2320 0.2475 21.0109834 105.7262572 20190811060308 
1 -0.0261 0.3084 -0.1872 21.0109834 105.7262572 20190811060308 
1 -0.0922 0.1298 0.1122 21.0109834 105.7262572 20190811060308 
1 0.0469 0.2474 0.7667 21.0109834 105.7262572 20190811060308 
1 0.0855 0.1184 0.9326 21.0109834 105.7262572 20190811060308 
1 -0.0274 -0.2229 1.4572 21.0109834 105.7262572 20190811060308 
1 -0.1687 0.1215 0.8732 21.0109899 105.7260828 20190811060309 
1 0.4589 0.0855 0.6842 21.0109899 105.7260828 20190811060309 
1 -0.2880 -0.1319 0.5660 21.0109899 105.7260828 20190811060309 
1 0.2820 -0.2112 0.7739 21.0109899 105.7260828 20190811060309 
1 0.2635 0.1085 0.4399 21.0109899 105.7260828 20190811060309 
1 -0.0156 -0.0421 1.2445 21.0109899 105.7260828 20190811060309 
1 -0.0288 -0.0642 1.7562 21.0109899 105.7260828 20190811060309 
1 0.1727 0.2459 0.7311 21.0109899 105.7260828 20190811060309 
1 0.0560 0.0831 -0.0587 21.0109899 105.7260828 20190811060309 
1 0.2492 0.0114 0.0556 21.0109899 105.7260828 20190811060309 
1 -0.2558 -0.0751 0.1707 21.0109899 105.7260828 20190811060309 
1 0.1244 0.2097 -0.2034 21.0109899 105.7260828 20190811060309 
1 0.0901 0.1805 -0.4051 21.0109899 105.7260828 20190811060309 
1 0.0220 -0.0099 0.0721 21.0109899 105.7260828 20190811060309 
1 -0.2538 -0.0283 0.5248 21.0109899 105.7260828 20190811060309 
1 0.4871 0.2814 -0.1691 21.0109899 105.7260828 20190811060309 
1 -0.1217 0.0845 -0.2003 21.0109899 105.7260828 20190811060309 
1 -0.1865 -0.2118 0.7409 21.0109899 105.7260828 20190811060309 
1 -0.0013 0.0584 -0.2428 21.0109899 105.7260828 20190811060309 
1 0.0838 0.1277 -1.0352 21.0109899 105.7260828 20190811060309 
1 -0.0034 -0.1756 -0.0173 21.0109899 105.7260828 20190811060309 
1 -0.0493 0.0149 0.2817 21.0109899 105.7260828 20190811060309 
1 0.3734 0.0828 -0.5647 21.0109899 105.7260828 20190811060309 
1 0.0043 0.0904 -0.1685 21.0109899 105.7260828 20190811060309 
1 0.0227 0.0963 0.7353 21.0109899 105.7260828 20190811060309 
1 0.0379 0.1227 -0.0949 21.0109899 105.7260828 20190811060309 
1 0.2925 0.2426 -0.7154 21.0109899 105.7260828 20190811060309 
1 0.0325 0.1050 -0.2734 21.0109899 105.7260828 20190811060309 
1 0.0490 0.1174 -0.3530 21.0109899 105.7260828 20190811060309 
1 0.2909 0.0365 -0.6514 21.0109899 105.7260828 20190811060309 
1 0.0961 0.1250 -1.2987 21.0109899 105.7260828 20190811060309 
1 0.2923 0.1861 -1.3672 21.0109899 105.7260828 20190811060309 
1 -0.0078 0.0442 -0.9214 21.0109899 105.7260828 20190811060309 
1 0.1283 0.2621 -1.3711 21.0109899 105.7260828 20190811060309 
1 0.1948 0.1396 -1.4984 21.0109899 105.7260828 20190811060309 
1 -0.0818 0.1431 -1.0722 21.0109899 105.7260828 20190811060309 
1 0.2131 0.2473 -0.9531 21.0109899 105.7260828 20190811060309 
1 0.2577 0.1985 -1.2532 21.0109899 105.7260828 20190811060309 
1 -0.0998 0.0731 -1.2622 21.0109899 105.7260828 20190811060309 
1 0.0304 -0.0098 -1.1848 21.0109899 105.7260828 20190811060309 
1 0.2685 0.4871 -2.1942 21.0109899 105.7260828 20190811060309 
1 -0.3356 -0.2948 -0.4030 21.0109899 105.7260828 20190811060309 
1 0.2489 0.2851 -0.5233 21.0109899 105.7260828 20190811060309 
1 -0.1124 0.2811 -1.3723 21.0109899 105.7260828 20190811060309 
1 0.0204 -0.0731 -0.3095 21.0109899 105.7260828 20190811060309 
1 -0.3269 0.0108 0.6334 21.0109899 105.7260828 20190811060309 
1 0.0826 0.2577 -0.3907 21.0109899 105.7260828 20190811060309 
1 0.0779 0.3087 -0.6368 21.0109899 105.7260828 20190811060309 
1 -0.2033 -0.3230 1.6165 21.0109899 105.7260828 20190811060309 
1 -0.2938 0.1304 1.6565 21.0110066 105.7259054 20190811060309 
1 0.0809 0.1974 0.5786 21.0110066 105.7259054 20190811060310 
1 -0.0817 -0.1520 1.2502 21.0110066 105.7259054 20190811060310 
1 -0.2252 -0.0105 1.9986 21.0110066 105.7259054 20190811060310 
1 -0.1417 0.0369 1.6293 21.0110066 105.7259054 20190811060310 
1 0.2884 0.0108 0.9820 21.0110066 105.7259054 20190811060310 
1 0.1921 0.0172 1.5680 21.0110066 105.7259054 20190811060310 
1 -0.1224 0.0969 2.4951 21.0110066 105.7259054 20190811060310 
1 0.4044 0.2793 1.5384 21.0110066 105.7259054 20190811060310 
1 0.0964 0.1052 1.2424 21.0110066 105.7259054 20190811060310 
1 0.2151 0.0562 1.5025 21.0110066 105.7259054 20190811060310 
1 0.0654 0.1632 0.6918 21.0110066 105.7259054 20190811060310 
1 0.4487 0.3796 -0.2930 21.0110066 105.7259054 20190811060310 
1 0.1858 0.0973 0.2179 21.0110066 105.7259054 20190811060310 
1 0.0588 0.1649 0.7371 21.0110066 105.7259054 20190811060310 
1 -0.0005 0.3299 0.0564 21.0110066 105.7259054 20190811060310 
1 0.2515 0.2933 -0.2419 21.0110066 105.7259054 20190811060310 
1 0.1236 0.2109 0.0718 21.0110066 105.7259054 20190811060310 
1 0.0837 0.3055 -0.6674 21.0110066 105.7259054 20190811060310 
1 0.0164 0.1696 -1.0980 21.0110066 105.7259054 20190811060310 
1 -0.0361 0.0916 -0.4468 21.0110066 105.7259054 20190811060310 
1 -0.0376 0.1850 -0.4628 21.0110066 105.7259054 20190811060310 
1 -0.3153 0.1563 -0.9050 21.0110066 105.7259054 20190811060310 
1 0.2878 0.2617 -0.9438 21.0110066 105.7259054 20190811060310 
1 -0.0256 0.1848 -0.9594 21.0110066 105.7259054 20190811060310 
1 0.1302 0.2520 -0.7876 21.0110066 105.7259054 20190811060310 
1 0.1266 0.1640 -0.7987 21.0110066 105.7259054 20190811060310 
1 0.0651 0.1627 -0.5436 21.0110066 105.7259054 20190811060310 
1 -0.1756 0.2656 -0.2892 21.0110066 105.7259054 20190811060310 
1 0.0619 0.2080 -0.4901 21.0110066 105.7259054 20190811060310 
1 -0.0544 0.0296 -0.3537 21.0110066 105.7259054 20190811060310 
1 0.2767 0.1696 -0.4828 21.0110066 105.7259054 20190811060310 
1 -0.0150 0.2443 -0.5837 21.0110066 105.7259054 20190811060310 
1 0.2227 0.2105 -0.0183 21.0110066 105.7259054 20190811060310 
1 -0.2098 0.0618 0.2247 21.0110066 105.7259054 20190811060310 
1 0.2183 0.1724 -0.1018 21.0110066 105.7259054 20190811060310 
1 -0.3198 0.1784 0.2075 21.0110066 105.7259054 20190811060310 
1 0.1637 0.2105 0.5048 21.0110066 105.7259054 20190811060310 
1 -0.0613 0.1731 0.3420 21.0110066 105.7259054 20190811060310 
1 -0.0549 -0.0330 0.3362 21.0110066 105.7259054 20190811060310 
1 -0.2240 0.1393 0.3785 21.0110066 105.7259054 20190811060310 
1 0.1182 0.1645 0.2624 21.0110066 105.7259054 20190811060310 
1 -0.1844 0.0434 0.8452 21.0110066 105.7259054 20190811060310 
1 -0.0686 0.1233 0.9226 21.0110066 105.7259054 20190811060310 
1 -0.0124 0.1259 0.4838 21.0110066 105.7259054 20190811060310 
1 0.0109 0.0904 0.8830 21.0110066 105.7259054 20190811060310 
1 0.0710 0.2279 0.7528 21.0110066 105.7259054 20190811060310 
1 0.0346 0.2879 0.1579 21.0110066 105.7259054 20190811060310 
1 0.0422 0.2276 0.4922 21.0110066 105.7259054 20190811060310 
1 0.2866 0.2921 0.4328 21.0110066 105.7259054 20190811060310 
1 -0.1612 0.2167 -0.0047 21.0110253 105.7257239 20190811060311 
1 0.2347 0.1068 0.2609 21.0110253 105.7257239 20190811060311 
1 -0.3525 0.1695 0.0610 21.0110253 105.7257239 20190811060311 
1 0.3561 0.4678 -0.7699 21.0110253 105.7257239 20190811060311 
1 -0.4800 -0.0631 -0.6240 21.0110253 105.7257239 20190811060311 
1 0.0547 0.0345 0.0829 21.0110253 105.7257239 20190811060311 
1 0.0734 0.2169 -0.7530 21.0110253 105.7257239 20190811060311 
1 0.2488 0.2335 -0.4666 21.0110253 105.7257239 20190811060311 
1 -0.3610 0.2230 0.2012 21.0110253 105.7257239 20190811060311 
1 0.0409 0.0570 0.0685 21.0110253 105.7257239 20190811060311 
1 0.2754 0.2252 -0.3590 21.0110253 105.7257239 20190811060311 
1 -0.2786 0.1686 -0.0945 21.0110253 105.7257239 20190811060311 
1 0.0136 0.1446 0.3650 21.0110253 105.7257239 20190811060311 
1 0.1576 0.3027 -0.1043 21.0110253 105.7257239 20190811060311 
1 0.1709 0.1566 -0.4551 21.0110253 105.7257239 20190811060311 
1 -0.0082 0.0843 -0.0648 21.0110253 105.7257239 20190811060311 
1 -0.0919 0.1255 0.1025 21.0110253 105.7257239 20190811060311 
1 0.4965 0.3566 -0.3185 21.0110253 105.7257239 20190811060311 
1 -0.0824 0.1169 0.1577 21.0110253 105.7257239 20190811060311 
1 -0.3786 0.0594 0.2555 21.0110253 105.7257239 20190811060311 
1 0.2283 0.1049 -0.3052 21.0110253 105.7257239 20190811060311 
1 0.1018 0.1629 -0.7226 21.0110253 105.7257239 20190811060311 
1 -0.4217 0.1135 -0.0009 21.0110253 105.7257239 20190811060311 
1 -0.1533 0.1684 0.3688 21.0110253 105.7257239 20190811060311 
1 -0.0763 0.1878 -0.0755 21.0110253 105.7257239 20190811060311 
1 -0.1961 -0.0209 0.3496 21.0110253 105.7257239 20190811060311 
1 -0.1879 0.2503 0.0243 21.0110253 105.7257239 20190811060311 
1 -0.0373 0.1623 -0.0343 21.0110253 105.7257239 20190811060311 
1 -0.0429 0.0703 0.5944 21.0110253 105.7257239 20190811060311 
1 -0.2554 0.1873 0.2220 21.0110253 105.7257239 20190811060311 
1 0.1055 0.1384 -0.0092 21.0110253 105.7257239 20190811060311 
1 -0.2660 0.1935 0.2631 21.0110253 105.7257239 20190811060311 
1 0.0109 0.2533 0.1173 21.0110253 105.7257239 20190811060311 
1 -0.1507 0.1560 -0.0618 21.0110253 105.7257239 20190811060311 
1 -0.0424 0.0631 0.2386 21.0110253 105.7257239 20190811060311 
1 -0.0206 0.2005 0.1676 21.0110253 105.7257239 20190811060311 
1 -0.1197 0.2053 0.0388 21.0110253 105.7257239 20190811060311 
1 0.1202 0.0790 -0.0720 21.0110253 105.7257239 20190811060311 
1 -0.0048 0.2164 -0.3091 21.0110253 105.7257239 20190811060311 
1 -0.0936 0.1374 -0.2342 21.0110253 105.7257239 20190811060311 
1 -0.0896 0.1331 -0.0519 21.0110253 105.7257239 20190811060311 
1 0.0093 0.1415 -0.3030 21.0110253 105.7257239 20190811060311 
1 0.1368 0.2113 -0.1141 21.0110253 105.7257239 20190811060311 
1 -0.3462 0.1400 0.0966 21.0110253 105.7257239 20190811060311 
1 0.1862 0.1705 -0.0335 21.0110253 105.7257239 20190811060311 
1 0.0773 0.1518 -0.2403 21.0110253 105.7257239 20190811060311 
1 -0.3057 0.1507 -0.0150 21.0110253 105.7257239 20190811060311 
1 0.1032 0.1811 0.1273 21.0110384 105.7255283 20190811060311 
1 -0.1917 0.1632 -0.0534 21.0110384 105.7255283 20190811060312 
1 -0.0990 0.1649 -0.2171 21.0110384 105.7255283 20190811060312 
1 -0.2430 0.4310 -0.8865 21.0110384 105.7255283 20190811060312 
1 -0.2366 -0.1138 0.4706 21.0110384 105.7255283 20190811060312 
1 0.2416 0.3285 -0.1447 21.0110384 105.7255283 20190811060312 
1 -0.2197 0.1852 -0.3851 21.0110384 105.7255283 20190811060312 
1 -0.1846 0.0511 0.1831 21.0110384 105.7255283 20190811060312 
1 -0.4558 0.0862 0.0396 21.0110384 105.7255283 20190811060312 
1 0.4202 0.2345 -0.9650 21.0110384 105.7255283 20190811060312 
1 -0.6986 -0.0036 -0.5125 21.0110384 105.7255283 20190811060312 
1 0.0994 -0.0576 0.7024 21.0110384 105.7255283 20190811060312 
1 -0.0013 0.2503 0.0520 21.0110384 105.7255283 20190811060312 
1 -0.4262 0.0339 0.2461 21.0110384 105.7255283 20190811060312 
1 0.3206 0.1789 0.3070 21.0110384 105.7255283 20190811060312 
1 -0.1254 0.1006 0.2457 21.0110384 105.7255283 20190811060312 
1 0.0064 -0.0223 0.6481 21.0110384 105.7255283 20190811060312 
1 0.1695 -0.2224 0.4314 21.0110384 105.7255283 20190811060312 
1 -0.3222 -0.2632 0.4394 21.0110384 105.7255283 20190811060312 
1 0.6241 0.1068 0.2992 21.0110384 105.7255283 20190811060312 
1 -0.1347 -0.0179 0.0781 21.0110384 105.7255283 20190811060312 
1 0.2330 -0.0508 0.2017 21.0110384 105.7255283 20190811060312 
1 0.2248 -0.1523 0.4286 21.0110384 105.7255283 20190811060312 
1 0.1474 0.1879 0.3710 21.0110384 105.7255283 20190811060312 
1 0.1981 0.2065 0.2023 21.0110384 105.7255283 20190811060312 
1 0.4174 -0.0082 -0.0839 21.0110384 105.7255283 20190811060312 
1 0.0758 -0.0371 0.2116 21.0110384 105.7255283 20190811060312 
1 0.0308 0.0462 -0.1612 21.0110384 105.7255283 20190811060312 
1 0.3232 0.0707 -0.2092 21.0110384 105.7255283 20190811060312 
1 -0.0268 0.0791 0.1023 21.0110384 105.7255283 20190811060312 
1 -0.0717 0.0440 -0.0459 21.0110384 105.7255283 20190811060312 
1 0.3720 -0.0007 -0.7772 21.0110384 105.7255283 20190811060312 
1 -0.1302 0.0153 -0.3289 21.0110384 105.7255283 20190811060312 
1 0.2268 0.1367 0.2581 21.0110384 105.7255283 20190811060312 
1 0.2793 0.1100 -0.3371 21.0110384 105.7255283 20190811060312 
1 0.0751 0.0514 -0.7247 21.0110384 105.7255283 20190811060312 
1 -0.0116 -0.1074 0.0438 21.0110384 105.7255283 20190811060312 
1 -0.0427 0.1074 -0.2223 21.0110384 105.7255283 20190811060312 
1 0.3971 0.0904 -0.5238 21.0110384 105.7255283 20190811060312 
1 0.3127 0.0190 -0.2917 21.0110384 105.7255283 20190811060312 
1 0.0654 0.0359 0.1496 21.0110384 105.7255283 20190811060312 
1 0.4283 0.1220 -0.5746 21.0110384 105.7255283 20190811060312 
1 0.3155 0.1035 -0.6644 21.0110384 105.7255283 20190811060312 
1 0.0099 0.0349 -0.0544 21.0110384 105.7255283 20190811060312 
1 0.3548 0.1090 -0.1494 21.0110384 105.7255283 20190811060312 
1 0.2103 -0.0381 -0.3347 21.0110384 105.7255283 20190811060312 
1 0.2443 0.0478 -0.6055 21.0110384 105.7255283 20190811060312 
1 0.0672 0.2061 -0.5480 21.0110384 105.7255283 20190811060312 
1 0.3325 0.3108 -0.4913 21.0110384 105.7255283 20190811060312 
1 -0.1767 0.0570 -0.2377 21.0110384 105.7255283 20190811060312 
1 0.3713 0.1465 -0.3519 21.0110384 105.7255283 20190811060312 
1 -0.1024 0.1864 -0.6102 21.0110384 105.7255283 20190811060313 
1 0.1086 0.1582 -0.5973 21.0110462 105.7253342 20190811060313 
1 0.1763 0.0773 -0.2690 21.0110462 105.7253342 20190811060313 
1 0.0548 0.0642 -0.5330 21.0110462 105.7253342 20190811060313 
1 0.0067 0.0099 -0.4959 21.0110462 105.7253342 20190811060313 
1 0.0097 0.0974 0.1200 21.0110462 105.7253342 20190811060313 
1 0.2535 0.2046 0.1480 21.0110462 105.7253342 20190811060313 
1 0.2956 0.0783 0.0453 21.0110462 105.7253342 20190811060313 
1 -0.1537 0.0461 0.0066 21.0110462 105.7253342 20190811060313 
1 0.1078 0.1816 0.2587 21.0110462 105.7253342 20190811060313 
1 0.2903 0.0831 0.4883 21.0110462 105.7253342 20190811060313 
1 -0.0707 0.1250 0.5806 21.0110462 105.7253342 20190811060313 
1 0.2841 0.1635 0.4917 21.0110462 105.7253342 20190811060313 
1 0.1664 0.1041 0.4239 21.0110462 105.7253342 20190811060313 
1 0.0568 0.2584 0.0718 21.0110462 105.7253342 20190811060313 
1 -0.0788 0.0171 0.0269 21.0110462 105.7253342 20190811060313 
1 0.1808 0.1898 0.2460 21.0110462 105.7253342 20190811060313 
1 -0.0909 0.2309 0.0550 21.0110462 105.7253342 20190811060313 
1 -0.0981 0.0595 -0.0480 21.0110462 105.7253342 20190811060313 
1 0.1083 0.1673 -0.0235 21.0110462 105.7253342 20190811060313 
1 0.0335 0.1485 -0.4628 21.0110462 105.7253342 20190811060313 
1 -0.1137 0.1310 0.0356 21.0110462 105.7253342 20190811060313 
1 0.0470 0.1017 -0.0570 21.0110462 105.7253342 20190811060313 
1 0.1873 -0.0270 -0.0212 21.0110462 105.7253342 20190811060313 
1 -0.0454 0.2561 0.1599 21.0110462 105.7253342 20190811060313 
1 -0.1823 0.0462 0.3662 21.0110462 105.7253342 20190811060313 
1 0.3990 0.2009 0.3050 21.0110462 105.7253342 20190811060313 
1 -0.1526 0.1343 0.2861 21.0110462 105.7253342 20190811060313 
1 0.0023 0.0895 0.3852 21.0110462 105.7253342 20190811060313 
1 0.0668 0.1192 0.2942 21.0110462 105.7253342 20190811060313 
1 0.1300 0.1729 0.4035 21.0110462 105.7253342 20190811060313 
1 -0.0305 0.2571 0.2544 21.0110462 105.7253342 20190811060313 
1 0.1069 0.1293 0.2095 21.0110462 105.7253342 20190811060313 
1 0.0056 0.1531 0.2938 21.0110462 105.7253342 20190811060313 
1 0.0930 0.1638 0.0417 21.0110462 105.7253342 20190811060313 
1 0.0631 0.3371 -0.3681 21.0110462 105.7253342 20190811060313 
1 -0.1188 0.1521 -0.1005 21.0110462 105.7253342 20190811060313 
1 -0.1015 0.0072 0.1963 21.0110462 105.7253342 20190811060313 
1 0.2091 0.2862 -0.4963 21.0110462 105.7253342 20190811060313 
1 -0.0727 0.1093 -0.2451 21.0110462 105.7253342 20190811060313 
1 0.0754 0.2874 0.0892 21.0110462 105.7253342 20190811060313 
1 -0.2870 0.0648 -0.4138 21.0110462 105.7253342 20190811060313 
1 0.3640 0.0637 -0.2622 21.0110462 105.7253342 20190811060313 
1 -0.2940 0.3017 -0.1559 21.0110462 105.7253342 20190811060313 
1 -0.0279 0.1635 -0.0515 21.0110462 105.7253342 20190811060313 
1 -0.3232 0.0531 0.1389 21.0110462 105.7253342 20190811060313 
1 0.2584 0.2316 -0.2777 21.0110462 105.7253342 20190811060313 
1 -0.6053 0.1998 -0.5643 21.0110462 105.7253342 20190811060313 
1 -0.3116 0.0399 0.1108 21.0110462 105.7253342 20190811060313 
1 0.0013 0.2429 -0.1150 21.01106 105.725144 20190811060313 
1 0.0627 0.3133 -0.6066 21.01106 105.725144 20190811060314 
1 -0.3899 0.0028 -0.0352 21.01106 105.725144 20190811060314 
1 -0.0641 0.1081 0.1579 21.01106 105.725144 20190811060314 
1 0.0959 0.0969 -0.1430 21.01106 105.725144 20190811060314 
1 -0.0575 0.2449 -0.2869 21.01106 105.725144 20190811060314 
1 -0.3968 0.2447 -0.2318 21.01106 105.725144 20190811060314 
1 -0.1991 -0.0955 0.0808 21.01106 105.725144 20190811060314 
1 0.4551 0.1790 -0.0790 21.01106 105.725144 20190811060314 
1 -0.4092 0.1507 -0.1814 21.01106 105.725144 20190811060314 
1 -0.0779 0.2472 0.4657 21.01106 105.725144 20190811060314 
1 -0.0001 0.0950 0.7724 21.01106 105.725144 20190811060314 
1 -0.3530 -0.2206 0.3918 21.01106 105.725144 20190811060314 
1 0.1694 -0.1633 1.0863 21.01106 105.725144 20190811060314 
1 -0.1405 0.0938 1.1337 21.01106 105.725144 20190811060314 
1 -0.1996 -0.0325 1.1676 21.01106 105.725144 20190811060314 
1 0.3303 0.0185 0.1582 21.01106 105.725144 20190811060314 
1 -0.0897 -0.0423 0.5697 21.01106 105.725144 20190811060314 
1 -0.4287 0.2661 1.5645 21.01106 105.725144 20190811060314 
1 0.2098 0.2488 1.8837 21.01106 105.725144 20190811060314 
1 -0.3860 0.2144 1.5039 21.01106 105.725144 20190811060314 
1 0.4226 0.0784 1.2045 21.01106 105.725144 20190811060314 
1 -0.4902 0.0717 0.0159 21.01106 105.725144 20190811060314 
1 0.1740 0.3157 -1.0477 21.01106 105.725144 20190811060314 
1 -0.2073 -0.0609 -0.4031 21.01106 105.725144 20190811060314 
1 -0.3227 -0.0221 0.4053 21.01106 105.725144 20190811060314 
1 -0.7412 -0.1239 -0.3634 21.01106 105.725144 20190811060314 
1 0.5635 0.1672 -0.4970 21.01106 105.725144 20190811060314 
1 -0.4572 -0.0090 0.8087 21.01106 105.725144 20190811060314 
1 -0.1273 0.0674 0.0108 21.01106 105.725144 20190811060314 
1 -0.0185 -0.1086 -0.4541 21.01106 105.725144 20190811060314 
1 -0.0867 0.1149 0.0984 21.01106 105.725144 20190811060314 
1 -0.1691 -0.0590 0.8384 21.01106 105.725144 20190811060314 
1 0.1325 0.1654 0.6682 21.01106 105.725144 20190811060314 
1 0.1856 0.0137 0.3647 21.01106 105.725144 20190811060314 
1 0.1247 0.0633 -0.2407 21.01106 105.725144 20190811060314 
1 -0.1493 0.1222 0.1460 21.01106 105.725144 20190811060314 
1 0.1410 0.0631 0.6290 21.01106 105.725144 20190811060314 
1 -0.2726 0.2220 -0.2242 21.01106 105.725144 20190811060314 
1 0.1212 -0.0260 -0.1112 21.01106 105.725144 20190811060314 
1 0.0300 0.1473 -0.1279 21.01106 105.725144 20190811060314 
1 -0.0626 0.0306 -0.5403 21.01106 105.725144 20190811060314 
1 -0.0320 0.0754 -0.4341 21.01106 105.725144 20190811060314 
1 -0.0438 0.0489 -0.6919 21.01106 105.725144 20190811060314 
1 -0.1171 -0.1191 -0.4793 21.01106 105.725144 20190811060314 
1 -0.2936 0.0634 -0.0293 21.01106 105.725144 20190811060314 
1 0.1335 -0.0016 -0.5784 21.01106 105.725144 20190811060314 
1 0.2420 0.0233 -0.3410 21.01106 105.725144 20190811060314 
1 0.0014 0.0092 0.1807 21.01106 105.725144 20190811060314 
1 0.1263 0.0280 0.0170 21.0110763 105.7249372 20190811060314 
1 0.3637 0.0403 0.0129 21.0110763 105.7249372 20190811060315 
1 0.1473 0.0668 0.2365 21.0110763 105.7249372 20190811060315 
1 0.4138 0.0533 0.1568 21.0110763 105.7249372 20190811060315 
1 0.6292 -0.0972 0.3484 21.0110763 105.7249372 20190811060315 
1 0.8078 0.1306 0.2313 21.0110763 105.7249372 20190811060315 
1 0.6485 0.0529 -0.3066 21.0110763 105.7249372 20190811060315 
1 1.2668 -0.0731 0.3775 21.0110763 105.7249372 20190811060315 
1 0.5670 0.0240 0.1946 21.0110763 105.7249372 20190811060315 
1 1.0487 -0.0290 -0.2711 21.0110763 105.7249372 20190811060315 
1 1.4836 -0.1005 0.2748 21.0110763 105.7249372 20190811060315 
1 0.7965 0.0111 0.5157 21.0110763 105.7249372 20190811060315 
1 1.6084 0.1574 -0.7086 21.0110763 105.7249372 20190811060315 
1 1.4511 -0.1482 -0.1364 21.0110763 105.7249372 20190811060315 
1 1.6567 0.0748 0.7974 21.0110763 105.7249372 20190811060315 
1 1.1970 0.1029 -0.2275 21.0110763 105.7249372 20190811060315 
1 1.4725 0.0645 -0.2408 21.0110763 105.7249372 20190811060315 
1 2.0099 0.0595 0.0788 21.0110763 105.7249372 20190811060315 
1 1.2448 0.0134 -0.3640 21.0110763 105.7249372 20190811060315 
1 1.6468 -0.0548 -0.1623 21.0110763 105.7249372 20190811060315 
1 1.8606 0.1563 -0.3938 21.0110763 105.7249372 20190811060315 
1 1.5551 0.1315 -0.7706 21.0110763 105.7249372 20190811060315 
1 0.9718 -0.0980 -0.4748 21.0110763 105.7249372 20190811060315 
1 2.4328 0.1747 -0.1485 21.0110763 105.7249372 20190811060315 
1 1.0600 0.1136 -0.4507 21.0110763 105.7249372 20190811060315 
1 1.3502 0.2089 -0.0898 21.0110763 105.7249372 20190811060315 
1 0.9554 -0.0467 -0.2498 21.0110763 105.7249372 20190811060315 
1 1.4725 0.0584 -0.7827 21.0110763 105.7249372 20190811060315 
1 0.9508 0.2424 -1.5803 21.0110763 105.7249372 20190811060315 
1 0.6889 -0.1409 0.0550 21.0110763 105.7249372 20190811060315 
1 1.7358 0.2278 0.0768 21.0110763 105.7249372 20190811060315 
1 0.6240 -0.0639 -0.7133 21.0110763 105.7249372 20190811060315 
1 0.5183 -0.0384 0.0826 21.0110763 105.7249372 20190811060315 
1 1.2264 0.0948 0.0558 21.0110763 105.7249372 20190811060315 
1 0.9000 0.2224 -0.5751 21.0110763 105.7249372 20190811060315 
1 0.3866 -0.1925 0.4183 21.0110763 105.7249372 20190811060315 
1 1.0588 0.0154 0.5793 21.0110763 105.7249372 20190811060315 
1 0.6103 0.1415 0.4941 21.0110763 105.7249372 20190811060315 
1 0.2731 0.0264 0.5412 21.0110763 105.7249372 20190811060315 
1 0.6305 0.0634 0.4372 21.0110763 105.7249372 20190811060315 
1 0.3384 0.0259 0.4512 21.0110763 105.7249372 20190811060315 
1 0.0273 0.0559 0.3335 21.0110763 105.7249372 20190811060315 
1 0.1345 0.0396 0.3389 21.0110763 105.7249372 20190811060315 
1 0.0361 0.2190 0.8103 21.0110763 105.7249372 20190811060315 
1 -0.1828 -0.0333 0.6133 21.0110763 105.7249372 20190811060315 
1 -0.2938 -0.0261 0.2219 21.0110763 105.7249372 20190811060315 
1 -0.0311 0.2015 0.3226 21.0110763 105.7249372 20190811060315 
1 -0.0561 0.0326 0.3002 21.0110763 105.7249372 20190811060315 
1 -0.4203 0.0650 0.2458 21.0110763 105.7249372 20190811060315 
1 0.1529 0.0663 0.1009 21.0110763 105.7249372 20190811060315 
1 -0.5466 0.0321 0.4512 21.0110907 105.7247275 20190811060315 
1 -0.0892 -0.0046 0.0301 21.0110907 105.7247275 20190811060316 
1 0.0331 0.0374 -0.1960 21.0110907 105.7247275 20190811060316 
1 -0.0463 0.1190 -0.0570 21.0110907 105.7247275 20190811060316 
1 -0.2135 0.0699 -0.0467 21.0110907 105.7247275 20190811060316 
1 -0.0721 0.1108 0.0188 21.0110907 105.7247275 20190811060316 
1 -0.0897 0.1318 0.0270 21.0110907 105.7247275 20190811060316 
1 0.0374 0.0850 0.1095 21.0110907 105.7247275 20190811060316 
1 -0.1464 -0.0315 -0.4480 21.0110907 105.7247275 20190811060316 
1 0.0829 -0.0435 -0.0940 21.0110907 105.7247275 20190811060316 
1 0.1235 0.1413 -0.1645 21.0110907 105.7247275 20190811060316 
1 0.2425 0.0995 -0.3741 21.0110907 105.7247275 20190811060316 
1 0.2320 -0.0066 0.0154 21.0110907 105.7247275 20190811060316 
1 -0.0190 -0.0916 0.4362 21.0110907 105.7247275 20190811060316 
1 0.1587 0.1910 -0.0200 21.0110907 105.7247275 20190811060316 
1 0.5457 0.0443 0.1890 21.0110907 105.7247275 20190811060316 
1 0.2313 -0.0120 0.4602 21.0110907 105.7247275 20190811060316 
1 0.2490 0.0450 -0.0443 21.0110907 105.7247275 20190811060316 
1 0.4135 -0.0331 0.1213 21.0110907 105.7247275 20190811060316 
1 0.6766 0.1794 0.3648 21.0110907 105.7247275 20190811060316 
1 0.1531 0.0628 0.3964 21.0110907 105.7247275 20190811060316 
1 0.7101 -0.0509 -0.0118 21.0110907 105.7247275 20190811060316 
1 0.4118 0.0357 -0.1547 21.0110907 105.7247275 20190811060316 
1 0.1792 0.1545 0.1260 21.0110907 105.7247275 20190811060316 
1 0.5907 0.0362 -0.1926 21.0110907 105.7247275 20190811060316 
1 0.2919 -0.0040 0.0687 21.0110907 105.7247275 20190811060316 
1 0.3184 0.0814 -0.0983 21.0110907 105.7247275 20190811060316 
1 0.2050 0.0413 -0.3861 21.0110907 105.7247275 20190811060316 
1 0.3113 -0.0361 0.0347 21.0110907 105.7247275 20190811060316 
1 0.1991 0.0686 -0.0125 21.0110907 105.7247275 20190811060316 
1 0.1238 -0.1312 -0.4752 21.0110907 105.7247275 20190811060316 
1 0.2680 -0.0648 0.0202 21.0110907 105.7247275 20190811060316 
1 0.0136 0.0982 0.2135 21.0110907 105.7247275 20190811060316 
1 -0.0563 -0.0426 0.5350 21.0110907 105.7247275 20190811060316 
1 0.3066 -0.0040 0.6513 21.0110907 105.7247275 20190811060316 
1 0.0546 0.0343 0.3935 21.0110907 105.7247275 20190811060316 
1 -0.1746 0.0223 0.5785 21.0110907 105.7247275 20190811060316 
1 -0.1609 0.0452 0.6100 21.0110907 105.7247275 20190811060316 
1 -0.3565 0.2250 0.3693 21.0110907 105.7247275 20190811060316 
1 -0.3743 -0.0603 0.1377 21.0110907 105.7247275 20190811060316 
1 -0.5969 0.0096 -0.0016 21.0110907 105.7247275 20190811060316 
1 -0.5121 0.1885 0.2409 21.0110907 105.7247275 20190811060316 
1 -0.9348 0.2219 -0.0726 21.0110907 105.7247275 20190811060316 
1 -0.7270 -0.0571 -0.1798 21.0110907 105.7247275 20190811060316 
1 -0.9611 -0.1356 -0.6104 21.0110907 105.7247275 20190811060316 
1 -1.0046 0.0355 -0.6006 21.0110907 105.7247275 20190811060316 
1 -0.9999 0.1324 -0.7143 21.0110907 105.7247275 20190811060316 
1 -0.9171 -0.0913 0.4179 21.0110907 105.7247275 20190811060316 
1 -1.0814 -0.0733 -0.1933 21.0110907 105.7247275 20190811060316 
1 -0.9970 0.0448 -0.9768 21.0110907 105.7247275 20190811060317 
1 -0.7194 0.1174 -0.2692 21.0110907 105.7247275 20190811060317 
1 -1.1334 0.1056 0.4047 21.0110907 105.7247275 20190811060317 
1 -0.9663 -0.0122 -0.2084 21.0111113 105.7245114 20190811060317 
1 -0.8186 -0.0306 -0.2377 21.0111113 105.7245114 20190811060317 
1 -0.8392 0.1317 -0.1131 21.0111113 105.7245114 20190811060317 
1 -0.5077 -0.0174 -0.2339 21.0111113 105.7245114 20190811060317 
1 -0.9753 -0.0200 -0.3623 21.0111113 105.7245114 20190811060317 
1 -0.4794 0.0775 -0.4265 21.0111113 105.7245114 20190811060317 
1 -0.9479 -0.1256 -0.2113 21.0111113 105.7245114 20190811060317 
1 -0.7973 -0.1127 0.1568 21.0111113 105.7245114 20190811060317 
1 -0.5421 0.2444 -0.4632 21.0111113 105.7245114 20190811060317 
1 -1.5681 -0.3966 -0.1657 21.0111113 105.7245114 20190811060317 
1 -0.5992 -0.6123 0.2636 21.0111113 105.7245114 20190811060317 
1 -0.8780 -0.1886 -0.2320 21.0111113 105.7245114 20190811060317 
1 -0.9452 -0.2649 0.1166 21.0111113 105.7245114 20190811060317 
1 -1.1168 -0.3682 0.0814 21.0111113 105.7245114 20190811060317 
1 -1.4721 -0.0577 -0.7579 21.0111113 105.7245114 20190811060317 
1 -0.9004 -0.2359 -0.3121 21.0111113 105.7245114 20190811060317 
1 -1.7224 -0.3407 0.4092 21.0111113 105.7245114 20190811060317 
1 -0.5271 -0.0714 0.2510 21.0111113 105.7245114 20190811060317 
1 -1.2597 -0.2357 -0.0667 21.0111113 105.7245114 20190811060317 
1 -1.2647 -0.2529 -0.4063 21.0111113 105.7245114 20190811060317 
1 -0.6965 -0.3208 -0.7271 21.0111113 105.7245114 20190811060317 
1 -0.9655 -0.1842 -0.0371 21.0111113 105.7245114 20190811060317 
1 -1.1206 -0.2870 -0.0299 21.0111113 105.7245114 20190811060317 
1 -0.4930 -0.3988 -0.5881 21.0111113 105.7245114 20190811060317 
1 -0.9102 -0.3794 -0.4568 21.0111113 105.7245114 20190811060317 
1 -0.7562 -0.3569 -0.2694 21.0111113 105.7245114 20190811060317 
1 -0.5522 -0.2233 -0.3735 21.0111113 105.7245114 20190811060317 
1 -0.6176 -0.3228 -0.3972 21.0111113 105.7245114 20190811060317 
1 -0.8575 -0.5676 -0.2795 21.0111113 105.7245114 20190811060317 
1 -0.6595 -0.5223 -0.1495 21.0111113 105.7245114 20190811060317 
1 -0.6393 -0.3843 -0.3035 21.0111113 105.7245114 20190811060317 
1 -0.6104 -0.4580 -0.4346 21.0111113 105.7245114 20190811060317 
1 -0.7548 -0.4405 0.0245 21.0111113 105.7245114 20190811060317 
1 -0.6687 -0.6424 1.2659 21.0111113 105.7245114 20190811060317 
1 -0.7485 -0.8000 2.9009 21.0111113 105.7245114 20190811060317 
