1 -0.8968 -0.2499 -1.4197 21.0111113 105.7245114 20190811060317 
1 -0.2987 -0.8196 3.6196 21.0111113 105.7245114 20190811060317 
1 -1.1663 -0.7334 0.8698 21.0111113 105.7245114 20190811060317 
1 -0.3464 -0.1388 -2.4725 21.0111113 105.7245114 20190811060317 
1 -0.9774 -0.4988 -0.2213 21.0111113 105.7245114 20190811060317 
1 -0.6115 -0.7000 1.9109 21.0111113 105.7245114 20190811060317 
1 -0.9110 -0.4657 -0.0626 21.0111113 105.7245114 20190811060317 
1 -0.3194 -0.1741 -0.8389 21.0111113 105.7245114 20190811060317 
1 -0.9962 -0.5189 0.5290 21.0111113 105.7245114 20190811060317 
1 -0.6309 -0.4936 0.1582 21.0111113 105.7245114 20190811060317 
1 -0.8459 -0.3772 -0.7045 21.0111113 105.7245114 20190811060317 
1 -0.4077 -0.4907 0.0774 21.0111113 105.7245114 20190811060318 
1 -0.7992 -0.2696 -0.0536 21.0111113 105.7245114 20190811060318 
1 -0.6583 -0.3277 -0.3468 21.0111353 105.7242877 20190811060318 
1 -0.7044 -0.5010 -0.0606 21.0111353 105.7242877 20190811060318 
1 -0.4437 -0.3163 -0.5709 21.0111353 105.7242877 20190811060318 
1 -0.5124 -0.2648 -0.6521 21.0111353 105.7242877 20190811060318 
1 -0.8648 -0.4669 -0.2863 21.0111353 105.7242877 20190811060318 
1 -0.5197 -0.5429 -0.4689 21.0111353 105.7242877 20190811060318 
1 -0.3804 -0.3131 -0.9095 21.0111353 105.7242877 20190811060318 
1 -0.7457 -0.3518 -0.5689 21.0111353 105.7242877 20190811060318 
1 -0.6841 -0.4029 -0.4271 21.0111353 105.7242877 20190811060318 
1 -0.4875 -0.6316 -0.6160 21.0111353 105.7242877 20190811060318 
1 -0.5644 -0.2901 -0.4992 21.0111353 105.7242877 20190811060318 
1 -0.7734 -0.3359 -0.4584 21.0111353 105.7242877 20190811060318 
1 -0.4158 -0.4572 -0.2880 21.0111353 105.7242877 20190811060318 
1 -0.4925 -0.3932 -0.2830 21.0111353 105.7242877 20190811060318 
1 -0.5900 -0.5152 -0.2165 21.0111353 105.7242877 20190811060318 
1 -0.4955 -0.2723 0.0198 21.0111353 105.7242877 20190811060318 
1 -0.4896 -0.3419 -0.2905 21.0111353 105.7242877 20190811060318 
1 -0.5565 -0.4295 0.1477 21.0111353 105.7242877 20190811060318 
1 -0.5099 -0.4161 0.2484 21.0111353 105.7242877 20190811060318 
1 -0.4362 -0.2558 -0.0697 21.0111353 105.7242877 20190811060318 
1 -0.5451 -0.4628 0.2304 21.0111353 105.7242877 20190811060318 
1 -0.6761 -0.3880 0.3170 21.0111353 105.7242877 20190811060318 
1 -0.3031 -0.6032 0.0563 21.0111353 105.7242877 20190811060318 
1 -0.3818 -0.4048 -0.0244 21.0111353 105.7242877 20190811060318 
1 -0.7184 -0.3564 0.3474 21.0111353 105.7242877 20190811060318 
1 -0.2731 -0.3618 0.5773 21.0111353 105.7242877 20190811060318 
1 -0.5140 -0.5569 0.5165 21.0111353 105.7242877 20190811060318 
1 -0.5737 -0.3481 0.0315 21.0111353 105.7242877 20190811060318 
1 -0.2344 -0.3722 0.3805 21.0111353 105.7242877 20190811060318 
1 -0.3637 -0.4376 0.6133 21.0111353 105.7242877 20190811060318 
1 -0.5278 -0.4647 0.7554 21.0111353 105.7242877 20190811060318 
1 -0.3556 -0.4982 0.3503 21.0111353 105.7242877 20190811060318 
1 -0.4065 -0.4223 0.5585 21.0111353 105.7242877 20190811060318 
1 -0.3365 -0.3686 0.4506 21.0111353 105.7242877 20190811060318 
1 -0.3328 -0.3619 0.4291 21.0111353 105.7242877 20190811060318 
1 -0.4840 -0.4682 0.5237 21.0111353 105.7242877 20190811060318 
1 -0.5164 -0.4623 0.6554 21.0111353 105.7242877 20190811060318 
1 -0.3011 -0.3270 0.5307 21.0111353 105.7242877 20190811060318 
1 -0.1140 -0.3086 0.3510 21.0111353 105.7242877 20190811060318 
1 -0.2465 -0.4351 -0.1636 21.0111353 105.7242877 20190811060318 
1 -0.4195 -0.5201 0.2171 21.0111353 105.7242877 20190811060318 
1 0.0734 -0.2451 0.2354 21.0111353 105.7242877 20190811060318 
1 -0.2608 -0.3488 0.0817 21.0111353 105.7242877 20190811060318 
1 -0.3217 -0.4281 0.2744 21.0111353 105.7242877 20190811060318 
1 -0.2747 -0.4779 -0.1117 21.0111353 105.7242877 20190811060318 
1 0.0715 -0.4166 -0.2798 21.0111353 105.7242877 20190811060318 
1 -0.1728 -0.3864 0.0599 21.0111353 105.7242877 20190811060319 
1 -0.1830 -0.3348 -0.4297 21.0111353 105.7242877 20190811060319 
1 0.1309 -0.5302 -0.0352 21.0111353 105.7242877 20190811060319 
1 -0.1616 -0.5379 0.1857 21.0111553 105.7240682 20190811060319 
1 -0.2335 -0.1817 -0.2256 21.0111553 105.7240682 20190811060319 
1 0.0462 -0.3315 -0.3247 21.0111553 105.7240682 20190811060319 
1 -0.1055 -0.5495 0.2794 21.0111553 105.7240682 20190811060319 
1 -0.1267 -0.4069 -0.2643 21.0111553 105.7240682 20190811060319 
1 -0.0186 -0.3724 -0.3748 21.0111553 105.7240682 20190811060319 
1 -0.0761 -0.2747 0.0700 21.0111553 105.7240682 20190811060319 
1 -0.0784 -0.4220 0.1609 21.0111553 105.7240682 20190811060319 
1 -0.2062 -0.4971 -0.8313 21.0111553 105.7240682 20190811060319 
1 -0.3442 -0.3817 -0.5276 21.0111553 105.7240682 20190811060319 
1 0.1978 -0.3501 0.2424 21.0111553 105.7240682 20190811060319 
1 -0.0954 -0.3474 -0.0117 21.0111553 105.7240682 20190811060319 
1 0.0852 -0.4941 -0.1952 21.0111553 105.7240682 20190811060319 
1 -0.2611 -0.5870 -0.2149 21.0111553 105.7240682 20190811060319 
1 -0.0588 -0.3221 -0.1331 21.0111553 105.7240682 20190811060319 
1 0.2887 -0.3817 0.1267 21.0111553 105.7240682 20190811060319 
1 -0.3729 -0.4097 0.4697 21.0111553 105.7240682 20190811060319 
1 0.2795 -0.4324 0.3429 21.0111553 105.7240682 20190811060319 
1 0.1548 -0.4907 0.3543 21.0111553 105.7240682 20190811060319 
1 0.1258 -0.3290 0.5037 21.0111553 105.7240682 20190811060319 
1 -0.0287 -0.2403 0.0508 21.0111553 105.7240682 20190811060319 
1 0.1098 -0.4734 0.4384 21.0111553 105.7240682 20190811060319 
1 -0.0441 -0.3851 0.3244 21.0111553 105.7240682 20190811060319 
1 0.0288 -0.2946 -0.2371 21.0111553 105.7240682 20190811060319 
1 0.0101 -0.3609 0.0774 21.0111553 105.7240682 20190811060319 
1 0.0886 -0.2454 0.0903 21.0111553 105.7240682 20190811060319 
1 0.0551 -0.5108 0.0459 21.0111553 105.7240682 20190811060319 
1 -0.0715 -0.4361 -0.2006 21.0111553 105.7240682 20190811060319 
1 0.1213 -0.2442 0.0755 21.0111553 105.7240682 20190811060319 
1 -0.0815 -0.2783 -0.0305 21.0111553 105.7240682 20190811060319 
1 0.0438 -0.4263 -0.1203 21.0111553 105.7240682 20190811060319 
1 0.1461 -0.4368 -0.0078 21.0111553 105.7240682 20190811060319 
1 -0.1328 -0.3947 0.3123 21.0111553 105.7240682 20190811060319 
1 -0.1686 -0.2780 0.0487 21.0111553 105.7240682 20190811060319 
1 0.0927 -0.2895 0.1762 21.0111553 105.7240682 20190811060319 
1 -0.1049 -0.4590 0.1617 21.0111553 105.7240682 20190811060319 
1 -0.0547 -0.3473 0.1002 21.0111553 105.7240682 20190811060319 
1 0.1644 -0.2218 0.0833 21.0111553 105.7240682 20190811060319 
1 -0.0043 -0.1722 0.1843 21.0111553 105.7240682 20190811060319 
1 -0.2287 -0.4177 0.0478 21.0111553 105.7240682 20190811060319 
1 0.0177 -0.4009 0.0810 21.0111553 105.7240682 20190811060319 
1 0.0778 -0.2369 -0.1610 21.0111553 105.7240682 20190811060319 
1 -0.2296 -0.2876 -0.4562 21.0111553 105.7240682 20190811060319 
1 0.1334 -0.4040 -0.2234 21.0111553 105.7240682 20190811060319 
1 0.0619 -0.4434 -0.2350 21.0111553 105.7240682 20190811060319 
1 0.0906 -0.3220 -0.5721 21.0111553 105.7240682 20190811060319 
1 0.0860 -0.2170 -0.4752 21.0111553 105.7240682 20190811060319 
1 0.2632 -0.2782 0.2316 21.0111553 105.7240682 20190811060319 
1 -0.1942 -0.4610 -0.1472 21.0111634 105.7238626 20190811060320 
1 0.0270 -0.2750 -0.5666 21.0111634 105.7238626 20190811060320 
1 0.4467 -0.1113 -0.4803 21.0111634 105.7238626 20190811060320 
1 -0.0383 -0.4471 -0.0266 21.0111634 105.7238626 20190811060320 
1 0.2312 -0.3297 -0.4560 21.0111634 105.7238626 20190811060320 
1 0.7144 -0.3378 -0.7133 21.0111634 105.7238626 20190811060320 
1 -0.1694 -0.3673 0.3136 21.0111634 105.7238626 20190811060320 
1 -0.3314 -0.3079 0.7015 21.0111634 105.7238626 20190811060320 
1 0.1619 -0.2620 -0.5853 21.0111634 105.7238626 20190811060320 
1 0.1150 -0.4855 -0.3403 21.0111634 105.7238626 20190811060320 
1 0.2311 -0.3838 0.0187 21.0111634 105.7238626 20190811060320 
1 0.0342 -0.2777 0.0082 21.0111634 105.7238626 20190811060320 
1 0.2979 -0.3327 0.7148 21.0111634 105.7238626 20190811060320 
1 -0.3418 -0.2670 1.1472 21.0111634 105.7238626 20190811060320 
1 -0.1210 -0.2947 0.1110 21.0111634 105.7238626 20190811060320 
1 0.1618 -0.3661 -0.1616 21.0111634 105.7238626 20190811060320 
1 0.5784 -0.1523 0.0262 21.0111634 105.7238626 20190811060320 
1 -0.1597 -0.2739 0.2395 21.0111634 105.7238626 20190811060320 
1 0.0481 -0.4075 0.5017 21.0111634 105.7238626 20190811060320 
1 0.1092 -0.2734 0.1217 21.0111634 105.7238626 20190811060320 
1 0.0343 -0.3059 -0.1488 21.0111634 105.7238626 20190811060320 
1 0.4008 -0.2598 -0.2492 21.0111634 105.7238626 20190811060320 
1 0.2563 -0.2599 -0.0313 21.0111634 105.7238626 20190811060320 
1 0.0131 -0.4205 0.0873 21.0111634 105.7238626 20190811060320 
1 -0.0231 -0.3631 -0.0635 21.0111634 105.7238626 20190811060320 
1 0.5716 -0.0764 -0.2050 21.0111634 105.7238626 20190811060320 
1 0.0163 -0.2749 0.3650 21.0111634 105.7238626 20190811060320 
1 0.2160 -0.2674 0.0211 21.0111634 105.7238626 20190811060320 
1 0.2487 -0.2456 -0.4041 21.0111634 105.7238626 20190811060320 
1 0.2930 -0.1814 -0.3299 21.0111634 105.7238626 20190811060320 
1 0.3571 -0.1545 -0.0457 21.0111634 105.7238626 20190811060320 
1 -0.0967 -0.3298 -0.1081 21.0111634 105.7238626 20190811060320 
1 0.1917 -0.2943 -0.2796 21.0111634 105.7238626 20190811060320 
1 0.1547 -0.2545 -0.3720 21.0111634 105.7238626 20190811060320 
1 -0.0433 -0.2814 -0.3151 21.0111634 105.7238626 20190811060320 
1 0.3546 -0.2288 -0.2653 21.0111634 105.7238626 20190811060320 
1 -0.0982 -0.4273 -0.3125 21.0111634 105.7238626 20190811060320 
1 0.0565 -0.3450 0.1679 21.0111634 105.7238626 20190811060320 
1 -0.0204 -0.2814 0.3367 21.0111634 105.7238626 20190811060320 
1 0.0873 -0.3945 0.6367 21.0111634 105.7238626 20190811060320 
1 -0.0089 -0.2278 0.1861 21.0111634 105.7238626 20190811060320 
1 -0.1100 -0.5541 0.4243 21.0111634 105.7238626 20190811060320 
1 -0.0274 -0.4415 0.6565 21.0111634 105.7238626 20190811060320 
1 0.0100 -0.0651 0.2321 21.0111634 105.7238626 20190811060320 
1 0.3303 -0.2992 0.7023 21.0111634 105.7238626 20190811060320 
1 -0.0950 -0.5391 1.1953 21.0111634 105.7238626 20190811060320 
1 0.1496 -0.2200 0.1826 21.0111634 105.7238626 20190811060320 
1 0.3341 -0.1257 -0.3319 21.0111634 105.7238626 20190811060320 
1 -0.2522 -0.6515 1.1159 21.0111634 105.7238626 20190811060321 
1 0.2399 -0.1904 0.2656 21.0111634 105.7238626 20190811060321 
1 0.3952 -0.4367 -0.5244 21.0111634 105.7238626 20190811060321 
1 0.3309 -0.3807 0.4704 21.01118 105.7236421 20190811060321 
1 0.1726 -0.4099 0.6130 21.01118 105.7236421 20190811060321 
1 -0.2787 -0.4512 -0.3268 21.01118 105.7236421 20190811060321 
1 0.1959 -0.2429 -0.0871 21.01118 105.7236421 20190811060321 
1 -0.1433 -0.3029 0.2260 21.01118 105.7236421 20190811060321 
1 -0.2615 -0.2992 0.0733 21.01118 105.7236421 20190811060321 
1 0.2297 -0.1711 -0.6983 21.01118 105.7236421 20190811060321 
1 -0.2190 -0.1582 -0.6633 21.01118 105.7236421 20190811060321 
1 -0.2729 -0.5014 -0.1532 21.01118 105.7236421 20190811060321 
1 -0.2808 -0.2606 -0.6792 21.01118 105.7236421 20190811060321 
1 0.0444 -0.0313 -1.0994 21.01118 105.7236421 20190811060321 
1 -0.0615 -0.3925 -0.6430 21.01118 105.7236421 20190811060321 
1 -0.1705 -0.5846 -0.4533 21.01118 105.7236421 20190811060321 
1 -0.0830 -0.3316 -0.6470 21.01118 105.7236421 20190811060321 
1 0.0451 -0.2097 -0.8420 21.01118 105.7236421 20190811060321 
1 -0.0562 -0.5499 -0.3697 21.01118 105.7236421 20190811060321 
1 -0.0074 -0.3562 -0.1540 21.01118 105.7236421 20190811060321 
1 0.0855 -0.3464 -0.2256 21.01118 105.7236421 20190811060321 
1 -0.0077 -0.4321 0.4811 21.01118 105.7236421 20190811060321 
1 -0.1002 -0.2854 0.8719 21.01118 105.7236421 20190811060321 
1 -0.0618 -0.2727 0.6531 21.01118 105.7236421 20190811060321 
1 -0.1184 -0.5856 0.4828 21.01118 105.7236421 20190811060321 
1 0.1909 -0.4361 0.4995 21.01118 105.7236421 20190811060321 
1 -0.1276 -0.2589 0.8361 21.01118 105.7236421 20190811060321 
1 0.0797 -0.2512 0.7368 21.01118 105.7236421 20190811060321 
1 -0.0853 -0.5101 0.7459 21.01118 105.7236421 20190811060321 
1 -0.2010 -0.4401 0.3928 21.01118 105.7236421 20190811060321 
1 0.3866 -0.1953 -0.0847 21.01118 105.7236421 20190811060321 
1 0.1291 -0.3697 0.1846 21.01118 105.7236421 20190811060321 
1 0.1013 -0.4132 0.6544 21.01118 105.7236421 20190811060321 
1 -0.0397 -0.2934 0.0290 21.01118 105.7236421 20190811060321 
1 0.2756 -0.3158 -0.2107 21.01118 105.7236421 20190811060321 
1 -0.1296 -0.2557 -0.1597 21.01118 105.7236421 20190811060321 
1 0.1095 -0.3490 -0.2711 21.01118 105.7236421 20190811060321 
1 0.1351 -0.2691 -0.4071 21.01118 105.7236421 20190811060321 
1 0.3315 -0.2368 -0.7279 21.01118 105.7236421 20190811060321 
1 -0.0580 -0.3389 -0.3503 21.01118 105.7236421 20190811060321 
1 0.1141 -0.1913 -0.2093 21.01118 105.7236421 20190811060321 
1 0.3181 -0.2099 -0.7408 21.01118 105.7236421 20190811060321 
1 -0.0894 -0.3871 -0.7667 21.01118 105.7236421 20190811060321 
1 0.2772 -0.2142 -1.2315 21.01118 105.7236421 20190811060321 
1 0.4887 -0.4790 -0.5761 21.01118 105.7236421 20190811060321 
1 -0.5150 -0.3773 -0.2193 21.01118 105.7236421 20190811060321 
1 0.1660 -0.0314 -0.7424 21.01118 105.7236421 20190811060321 
1 0.2300 -0.6344 -0.4454 21.01118 105.7236421 20190811060321 
1 -0.4177 -0.4697 -0.1699 21.01118 105.7236421 20190811060321 
1 0.4094 0.0137 -1.0548 21.01118 105.7236421 20190811060321 
1 0.0230 -0.4235 0.1116 21.01118 105.7236421 20190811060321 
1 0.0962 -0.4001 1.2836 21.0111946 105.7234287 20190811060322 
1 -0.6667 -0.4036 -0.3425 21.0111946 105.7234287 20190811060322 
1 0.2454 -0.3398 -0.0307 21.0111946 105.7234287 20190811060322 
1 0.1324 -0.1115 0.3535 21.0111946 105.7234287 20190811060322 
1 -0.1222 -0.2840 0.1334 21.0111946 105.7234287 20190811060322 
1 -0.1447 -0.6592 0.7059 21.0111946 105.7234287 20190811060322 
1 0.2307 -0.2311 0.1376 21.0111946 105.7234287 20190811060322 
1 0.0035 -0.0606 0.1141 21.0111946 105.7234287 20190811060322 
1 -0.1989 -0.5032 0.9262 21.0111946 105.7234287 20190811060322 
1 0.0511 -0.4009 0.5438 21.0111946 105.7234287 20190811060322 
1 0.1629 -0.2941 -0.4469 21.0111946 105.7234287 20190811060322 
1 0.1013 -0.3223 0.1060 21.0111946 105.7234287 20190811060322 
1 -0.0720 -0.3252 0.6941 21.0111946 105.7234287 20190811060322 
1 -0.1277 -0.3641 0.3843 21.0111946 105.7234287 20190811060322 
1 0.0469 -0.2124 0.0333 21.0111946 105.7234287 20190811060322 
1 -0.0587 -0.2345 0.3346 21.0111946 105.7234287 20190811060322 
1 -0.0709 -0.2943 0.2719 21.0111946 105.7234287 20190811060322 
1 0.0109 -0.3340 0.1598 21.0111946 105.7234287 20190811060322 
1 0.1616 -0.1800 0.1980 21.0111946 105.7234287 20190811060322 
1 -0.1312 -0.3243 -0.1149 21.0111946 105.7234287 20190811060322 
1 0.1041 -0.4244 -0.0910 21.0111946 105.7234287 20190811060322 
1 -0.0638 -0.3049 0.2577 21.0111946 105.7234287 20190811060322 
1 0.0031 -0.1434 -0.1092 21.0111946 105.7234287 20190811060322 
1 -0.0463 -0.3033 -0.0876 21.0111946 105.7234287 20190811060322 
1 0.0140 -0.3935 0.2366 21.0111946 105.7234287 20190811060322 
1 0.0928 -0.2067 -0.0580 21.0111946 105.7234287 20190811060322 
1 0.1703 -0.1147 -0.4166 21.0111946 105.7234287 20190811060322 
1 -0.1753 -0.2378 0.2502 21.0111946 105.7234287 20190811060322 
1 0.1009 -0.3536 0.0799 21.0111946 105.7234287 20190811060322 
1 0.0259 -0.2806 -0.3678 21.0111946 105.7234287 20190811060322 
1 0.1772 -0.0464 -0.6252 21.0111946 105.7234287 20190811060322 
1 0.2209 -0.3738 -0.0144 21.0111946 105.7234287 20190811060322 
1 -0.0872 -0.4048 0.0345 21.0111946 105.7234287 20190811060322 
1 0.1074 -0.2864 -0.4488 21.0111946 105.7234287 20190811060322 
1 0.1073 -0.1981 -0.4810 21.0111946 105.7234287 20190811060322 
1 0.1232 -0.1787 -0.1271 21.0111946 105.7234287 20190811060322 
1 -0.3699 -0.4984 0.1614 21.0111946 105.7234287 20190811060322 
1 0.5133 -0.2726 0.1900 21.0111946 105.7234287 20190811060322 
1 -0.1219 -0.2673 0.0270 21.0111946 105.7234287 20190811060322 
1 0.0766 -0.2837 -0.0350 21.0111946 105.7234287 20190811060322 
1 -0.0856 -0.3371 0.3551 21.0111946 105.7234287 20190811060322 
1 0.0107 -0.2144 0.1121 21.0111946 105.7234287 20190811060322 
1 -0.1545 -0.4059 0.4107 21.0111946 105.7234287 20190811060322 
1 -0.0824 -0.2015 0.1412 21.0111946 105.7234287 20190811060322 
1 0.0933 -0.2024 0.2796 21.0111946 105.7234287 20190811060322 
1 0.1358 -0.3037 0.2252 21.0111946 105.7234287 20190811060322 
1 0.0165 -0.0730 0.0864 21.0111946 105.7234287 20190811060322 
1 -0.0051 -0.0836 -0.4969 21.011207 105.7232207 20190811060322 
1 0.0252 -0.1778 0.4188 21.011207 105.7232207 20190811060323 
1 0.2147 0.0242 0.0177 21.011207 105.7232207 20190811060323 
1 -0.0013 -0.0855 -0.7216 21.011207 105.7232207 20190811060323 
1 -0.1374 -0.2094 -0.4885 21.011207 105.7232207 20190811060323 
1 -0.0388 -0.0845 -0.5468 21.011207 105.7232207 20190811060323 
1 0.2469 -0.1212 -0.8791 21.011207 105.7232207 20190811060323 
1 0.0913 -0.2797 -0.3114 21.011207 105.7232207 20190811060323 
1 -0.3998 -0.1046 0.1705 21.011207 105.7232207 20190811060323 
1 0.2484 -0.0316 -0.3783 21.011207 105.7232207 20190811060323 
1 -0.2054 -0.1732 -0.5736 21.011207 105.7232207 20190811060323 
1 -0.2896 -0.1593 -0.0470 21.011207 105.7232207 20190811060323 
1 -0.0955 -0.0976 -0.1355 21.011207 105.7232207 20190811060323 
1 -0.1250 -0.1527 0.2255 21.011207 105.7232207 20190811060323 
1 -0.4608 -0.1675 0.5048 21.011207 105.7232207 20190811060323 
1 -0.4440 -0.0111 -0.1667 21.011207 105.7232207 20190811060323 
1 -0.0394 -0.0810 -0.1461 21.011207 105.7232207 20190811060323 
1 -0.4127 -0.1153 0.1586 21.011207 105.7232207 20190811060323 
1 -0.0128 -0.0901 0.0425 21.011207 105.7232207 20190811060323 
1 -0.2584 -0.2308 0.2765 21.011207 105.7232207 20190811060323 
1 -0.2246 -0.1433 0.5755 21.011207 105.7232207 20190811060323 
1 -0.3312 -0.0040 0.1102 21.011207 105.7232207 20190811060323 
1 0.0712 -0.1178 -0.1587 21.011207 105.7232207 20190811060323 
1 -0.0785 -0.2640 -0.0383 21.011207 105.7232207 20190811060323 
1 -0.3320 -0.1961 0.2232 21.011207 105.7232207 20190811060323 
1 0.0427 0.0695 0.0670 21.011207 105.7232207 20190811060323 
1 -0.2343 -0.0753 0.4237 21.011207 105.7232207 20190811060323 
1 -0.2831 -0.2303 1.0703 21.011207 105.7232207 20190811060323 
1 0.0548 -0.1066 0.0439 21.011207 105.7232207 20190811060323 
1 -0.0282 -0.0419 -0.3046 21.011207 105.7232207 20190811060323 
1 0.0187 -0.0953 0.3612 21.011207 105.7232207 20190811060323 
1 -0.2971 -0.1159 0.3123 21.011207 105.7232207 20190811060323 
1 -0.2156 -0.1947 0.1104 21.011207 105.7232207 20190811060323 
1 -0.1506 -0.0270 0.1617 21.011207 105.7232207 20190811060323 
1 0.0386 0.0237 0.1701 21.011207 105.7232207 20190811060323 
1 -0.2230 -0.1673 0.1240 21.011207 105.7232207 20190811060323 
1 0.2807 -0.0406 -0.1037 21.011207 105.7232207 20190811060323 
1 -0.2310 -0.1784 -0.5496 21.011207 105.7232207 20190811060323 
1 -0.2728 -0.1763 0.0182 21.011207 105.7232207 20190811060323 
1 0.3413 -0.0028 0.3125 21.011207 105.7232207 20190811060323 
1 -0.4638 -0.0943 0.0950 21.011207 105.7232207 20190811060323 
1 0.0393 -0.1450 0.3801 21.011207 105.7232207 20190811060323 
1 0.0378 -0.1328 -0.1038 21.011207 105.7232207 20190811060323 
1 -0.0882 0.0644 -0.3272 21.011207 105.7232207 20190811060323 
1 -0.1241 -0.1174 0.2280 21.011207 105.7232207 20190811060323 
1 -0.2397 -0.0748 0.3996 21.011207 105.7232207 20190811060323 
1 -0.0440 -0.0034 0.3476 21.011207 105.7232207 20190811060323 
1 -0.0700 -0.0533 0.0640 21.011207 105.7232207 20190811060323 
1 -0.1215 0.0626 -0.0110 21.011207 105.7232207 20190811060323 
1 -0.1684 0.0839 -0.1156 21.011207 105.7232207 20190811060323 
1 -0.1388 0.3572 -0.3549 21.011207 105.7232207 20190811060323 
1 -0.3659 -0.0536 -0.5702 21.011207 105.7232207 20190811060323 
1 -0.0484 -0.1118 -0.2361 21.0112169 105.7230103 20190811060323 
1 -0.2109 0.2454 -0.2549 21.0112169 105.7230103 20190811060324 
1 -0.2504 0.0611 -0.1443 21.0112169 105.7230103 20190811060324 
1 -0.4686 -0.0905 -0.3400 21.0112169 105.7230103 20190811060324 
1 -0.1229 -0.1166 -0.5986 21.0112169 105.7230103 20190811060324 
1 -0.3681 0.0376 -0.9128 21.0112169 105.7230103 20190811060324 
1 -0.1340 0.1685 -0.7453 21.0112169 105.7230103 20190811060324 
1 -0.0613 0.0437 -0.0571 21.0112169 105.7230103 20190811060324 
1 -0.5537 -0.1874 0.4450 21.0112169 105.7230103 20190811060324 
1 -0.2333 0.1355 -0.6743 21.0112169 105.7230103 20190811060324 
1 0.1622 0.0963 -0.5446 21.0112169 105.7230103 20190811060324 
1 -0.1835 -0.0858 0.0969 21.0112169 105.7230103 20190811060324 
1 -0.4869 -0.0303 0.2703 21.0112169 105.7230103 20190811060324 
1 -0.0076 -0.1210 -0.0189 21.0112169 105.7230103 20190811060324 
1 -0.2756 -0.0556 0.4885 21.0112169 105.7230103 20190811060324 
1 -0.0531 -0.1071 0.2748 21.0112169 105.7230103 20190811060324 
1 -0.0743 -0.0496 -0.0235 21.0112169 105.7230103 20190811060324 
1 -0.1250 -0.1093 0.4946 21.0112169 105.7230103 20190811060324 
1 -0.2768 -0.2669 0.4483 21.0112169 105.7230103 20190811060324 
1 -0.2937 -0.0051 0.4547 21.0112169 105.7230103 20190811060324 
1 0.0610 0.1217 0.4089 21.0112169 105.7230103 20190811060324 
1 0.0585 -0.0551 0.5710 21.0112169 105.7230103 20190811060324 
1 -0.3385 -0.0755 0.1161 21.0112169 105.7230103 20190811060324 
1 -0.1277 -0.0614 0.0786 21.0112169 105.7230103 20190811060324 
1 -0.0752 0.0955 0.2573 21.0112169 105.7230103 20190811060324 
1 -0.1972 0.1544 0.0694 21.0112169 105.7230103 20190811060324 
1 -0.2434 0.0397 0.2024 21.0112169 105.7230103 20190811060324 
1 0.1423 -0.0507 -0.0990 21.0112169 105.7230103 20190811060324 
1 -0.3811 -0.0713 -0.3402 21.0112169 105.7230103 20190811060324 
1 -0.2400 0.1699 -0.5375 21.0112169 105.7230103 20190811060324 
1 0.0006 0.0294 -0.4171 21.0112169 105.7230103 20190811060324 
1 -0.4705 -0.1566 -0.2844 21.0112169 105.7230103 20190811060324 
1 -0.3344 -0.1055 -0.2464 21.0112169 105.7230103 20190811060324 
1 -0.3777 -0.0324 -0.1736 21.0112169 105.7230103 20190811060324 
1 -0.0554 0.0900 -0.2405 21.0112169 105.7230103 20190811060324 
1 -0.3162 -0.1830 -0.1295 21.0112169 105.7230103 20190811060324 
1 -0.1480 -0.0822 -0.1464 21.0112169 105.7230103 20190811060324 
1 -0.0861 0.0205 -0.2921 21.0112169 105.7230103 20190811060324 
1 -0.1206 0.0234 0.0474 21.0112169 105.7230103 20190811060324 
1 -0.1749 -0.0724 0.4543 21.0112169 105.7230103 20190811060324 
1 -0.0542 -0.0293 0.3192 21.0112169 105.7230103 20190811060324 
1 0.1358 -0.0053 -0.1829 21.0112169 105.7230103 20190811060324 
1 -0.1120 -0.0945 -0.3099 21.0112169 105.7230103 20190811060324 
1 0.0245 -0.0193 -0.1540 21.0112169 105.7230103 20190811060324 
1 0.2442 0.2149 0.0062 21.0112169 105.7230103 20190811060324 
1 0.0646 0.0601 0.2934 21.0112169 105.7230103 20190811060324 
1 -0.2697 -0.1746 0.4476 21.0112169 105.7230103 20190811060324 
1 0.2664 0.0288 0.2249 21.0112169 105.7230103 20190811060324 
1 0.0448 0.1373 -0.2657 21.0112169 105.7230103 20190811060324 
1 -0.1989 -0.1357 0.3224 21.0112271 105.7228077 20190811060324 
1 -0.1560 -0.1694 0.3461 21.0112271 105.7228077 20190811060325 
1 0.0486 0.0218 -0.0194 21.0112271 105.7228077 20190811060325 
1 -0.2951 0.1146 -0.0289 21.0112271 105.7228077 20190811060325 
1 -0.1517 0.1046 0.4869 21.0112271 105.7228077 20190811060325 
1 -0.0908 0.1181 0.0378 21.0112271 105.7228077 20190811060325 
1 -0.0252 0.0005 -0.1378 21.0112271 105.7228077 20190811060325 
1 -0.4505 0.0071 0.1126 21.0112271 105.7228077 20190811060325 
1 -0.1970 0.0978 0.1191 21.0112271 105.7228077 20190811060325 
1 0.0280 0.0707 -0.3730 21.0112271 105.7228077 20190811060325 
1 -0.4228 -0.0127 -0.3666 21.0112271 105.7228077 20190811060325 
1 0.0346 -0.0137 -0.2305 21.0112271 105.7228077 20190811060325 
1 -0.3094 0.1699 -0.2570 21.0112271 105.7228077 20190811060325 
1 0.0891 0.1155 -0.3785 21.0112271 105.7228077 20190811060325 
1 -0.4574 -0.0447 -0.3599 21.0112271 105.7228077 20190811060325 
1 -0.0340 0.0110 -0.0139 21.0112271 105.7228077 20190811060325 
1 -0.1724 -0.0454 -0.0609 21.0112271 105.7228077 20190811060325 
1 -0.0982 0.1074 -0.7011 21.0112271 105.7228077 20190811060325 
1 -0.1693 -0.0596 -0.0784 21.0112271 105.7228077 20190811060325 
1 -0.1057 0.0435 0.2631 21.0112271 105.7228077 20190811060325 
1 -0.3486 -0.0613 0.1692 21.0112271 105.7228077 20190811060325 
1 -0.2515 -0.0408 0.0816 21.0112271 105.7228077 20190811060325 
1 -0.0281 0.0887 0.1594 21.0112271 105.7228077 20190811060325 
1 -0.3978 0.0234 0.2465 21.0112271 105.7228077 20190811060325 
1 -0.1013 0.0650 0.3824 21.0112271 105.7228077 20190811060325 
1 0.0342 -0.1075 0.3985 21.0112271 105.7228077 20190811060325 
1 -0.3316 0.0116 0.3730 21.0112271 105.7228077 20190811060325 
1 -0.0424 -0.0532 0.5678 21.0112271 105.7228077 20190811060325 
1 0.0122 0.0625 0.3884 21.0112271 105.7228077 20190811060325 
1 -0.0327 0.0790 0.6048 21.0112271 105.7228077 20190811060325 
1 0.0007 -0.1314 0.4413 21.0112271 105.7228077 20190811060325 
1 -0.1556 -0.0402 0.3595 21.0112271 105.7228077 20190811060325 
1 0.1587 0.1545 -0.0692 21.0112271 105.7228077 20190811060325 
1 -0.0076 -0.0439 0.3764 21.0112271 105.7228077 20190811060325 
1 -0.1764 -0.0715 0.6740 21.0112271 105.7228077 20190811060325 
1 0.1672 0.0661 0.0658 21.0112271 105.7228077 20190811060325 
1 0.0382 0.1358 -0.0537 21.0112271 105.7228077 20190811060325 
1 -0.0316 0.0117 0.3076 21.0112271 105.7228077 20190811060325 
1 -0.0665 0.0676 -0.2119 21.0112271 105.7228077 20190811060325 
1 0.1497 0.0143 -0.5273 21.0112271 105.7228077 20190811060325 
1 -0.3150 -0.0100 -0.1157 21.0112271 105.7228077 20190811060325 
1 0.1125 0.0297 0.0135 21.0112271 105.7228077 20190811060325 
1 -0.0082 -0.0487 -0.0644 21.0112271 105.7228077 20190811060325 
1 -0.1363 0.1908 -0.4543 21.0112271 105.7228077 20190811060325 
1 0.1427 0.0169 -0.5558 21.0112271 105.7228077 20190811060325 
1 -0.1513 -0.0937 -0.0849 21.0112271 105.7228077 20190811060325 
1 -0.1209 0.1756 -0.2211 21.0112271 105.7228077 20190811060325 
1 -0.0776 0.0931 -0.4362 21.0112271 105.7228077 20190811060325 
1 -0.1470 0.0457 -0.2625 21.0112271 105.7228077 20190811060326 
1 -0.0355 -0.0814 -0.0543 21.0112271 105.7228077 20190811060326 
1 -0.0868 -0.0269 -0.3001 21.0112271 105.7228077 20190811060326 
1 0.0156 0.1465 -0.5539 21.0112331 105.7226157 20190811060326 
1 -0.2617 -0.0866 -0.2458 21.0112331 105.7226157 20190811060326 
1 0.1033 0.0919 0.0944 21.0112331 105.7226157 20190811060326 
1 -0.0745 -0.0155 -0.4007 21.0112331 105.7226157 20190811060326 
1 0.2261 -0.0130 -0.4313 21.0112331 105.7226157 20190811060326 
1 -0.0939 0.0265 -0.0478 21.0112331 105.7226157 20190811060326 
1 -0.0090 0.0462 -0.0486 21.0112331 105.7226157 20190811060326 
1 0.1592 -0.0558 -0.0459 21.0112331 105.7226157 20190811060326 
1 -0.1057 -0.0776 0.2501 21.0112331 105.7226157 20190811060326 
1 0.0441 0.1551 0.0165 21.0112331 105.7226157 20190811060326 
1 -0.0398 -0.0093 -0.2237 21.0112331 105.7226157 20190811060326 
1 -0.0520 0.0604 0.2225 21.0112331 105.7226157 20190811060326 
1 -0.0272 0.0207 -0.1515 21.0112331 105.7226157 20190811060326 
1 -0.1511 -0.0269 -0.1294 21.0112331 105.7226157 20190811060326 
1 0.0341 0.0745 0.1553 21.0112331 105.7226157 20190811060326 
1 -0.1353 0.1809 0.1080 21.0112331 105.7226157 20190811060326 
1 0.1681 0.1353 -0.0676 21.0112331 105.7226157 20190811060326 
1 -0.1812 0.0204 0.0657 21.0112331 105.7226157 20190811060326 
1 0.0678 0.1210 -0.5045 21.0112331 105.7226157 20190811060326 
1 0.0305 -0.0407 -0.5423 21.0112331 105.7226157 20190811060326 
1 0.0140 0.0888 -0.1000 21.0112331 105.7226157 20190811060326 
1 0.0830 0.0648 -0.1524 21.0112331 105.7226157 20190811060326 
1 -0.0217 -0.1016 -0.2701 21.0112331 105.7226157 20190811060326 
1 0.4359 -0.1237 0.2445 21.0112331 105.7226157 20190811060326 
1 -0.2664 0.1662 -0.3542 21.0112331 105.7226157 20190811060326 
1 0.5650 0.1218 -0.1157 21.0112331 105.7226157 20190811060326 
1 -0.2952 -0.2017 0.3905 21.0112331 105.7226157 20190811060326 
1 0.1508 -0.1415 0.3512 21.0112331 105.7226157 20190811060326 
1 0.2685 -0.0159 0.5347 21.0112331 105.7226157 20190811060326 
1 0.1062 0.2116 0.7739 21.0112331 105.7226157 20190811060326 
1 -0.2144 0.1522 0.8323 21.0112331 105.7226157 20190811060326 
1 0.1966 -0.0536 0.0008 21.0112331 105.7226157 20190811060326 
1 -0.2527 -0.0588 0.4179 21.0112331 105.7226157 20190811060326 
1 -0.2746 0.0943 0.3387 21.0112331 105.7226157 20190811060326 
1 -0.0182 0.0848 0.2211 21.0112331 105.7226157 20190811060326 
1 -0.3544 -0.0169 0.5097 21.0112331 105.7226157 20190811060326 
1 -0.2428 -0.0660 0.1263 21.0112331 105.7226157 20190811060326 
1 -0.2050 0.0166 -0.5844 21.0112331 105.7226157 20190811060326 
1 -0.4677 0.0007 -0.2160 21.0112331 105.7226157 20190811060326 
1 -0.1646 0.0560 0.2735 21.0112331 105.7226157 20190811060326 
1 -0.2614 0.0543 -0.0495 21.0112331 105.7226157 20190811060326 
1 -0.1422 -0.0859 -0.0739 21.0112331 105.7226157 20190811060326 
1 -0.2224 -0.0199 0.0076 21.0112331 105.7226157 20190811060326 
1 -0.0594 0.2779 -0.4635 21.0112331 105.7226157 20190811060326 
1 0.0737 0.0801 0.0043 21.0112331 105.7226157 20190811060326 
1 -0.1158 -0.0661 0.4152 21.0112331 105.7226157 20190811060326 
1 -0.0465 0.0558 0.0404 21.0112331 105.7226157 20190811060326 
1 0.4165 0.1535 -0.6036 21.0112331 105.7226157 20190811060326 
1 -0.0921 0.1697 -0.5522 21.0112453 105.7224179 20190811060327 
1 -0.1569 0.0852 -0.2507 21.0112453 105.7224179 20190811060327 
1 -0.0205 -0.1900 -0.2324 21.0112453 105.7224179 20190811060327 
1 0.0130 0.0582 -0.5326 21.0112453 105.7224179 20190811060327 
1 0.0138 0.3141 -0.4891 21.0112453 105.7224179 20190811060327 
1 -0.1010 -0.0280 0.3540 21.0112453 105.7224179 20190811060327 
1 -0.0364 -0.0481 0.2508 21.0112453 105.7224179 20190811060327 
1 -0.3513 0.0739 -0.8930 21.0112453 105.7224179 20190811060327 
1 -0.1474 0.0721 -0.6846 21.0112453 105.7224179 20190811060327 
1 -0.2501 0.0604 0.3153 21.0112453 105.7224179 20190811060327 
1 -0.3637 0.1019 0.2520 21.0112453 105.7224179 20190811060327 
1 -0.2920 -0.0336 -0.0201 21.0112453 105.7224179 20190811060327 
1 -0.3328 0.0205 0.1134 21.0112453 105.7224179 20190811060327 
1 -0.4131 0.0929 0.3813 21.0112453 105.7224179 20190811060327 
1 -0.3711 0.0514 0.0313 21.0112453 105.7224179 20190811060327 
1 -0.2972 0.0249 -0.0513 21.0112453 105.7224179 20190811060327 
1 -0.3671 -0.0868 0.1893 21.0112453 105.7224179 20190811060327 
1 -0.1746 0.0011 0.1474 21.0112453 105.7224179 20190811060327 
1 0.0298 -0.0647 0.3290 21.0112453 105.7224179 20190811060327 
1 -0.2369 0.1045 0.2733 21.0112453 105.7224179 20190811060327 
1 -0.0535 0.0528 0.4107 21.0112453 105.7224179 20190811060327 
1 -0.1741 -0.1966 0.5863 21.0112453 105.7224179 20190811060327 
1 0.2992 0.0560 0.4940 21.0112453 105.7224179 20190811060327 
1 0.1079 0.1094 0.0180 21.0112453 105.7224179 20190811060327 
1 0.4133 -0.0349 0.7675 21.0112453 105.7224179 20190811060327 
1 0.1709 -0.0806 0.8759 21.0112453 105.7224179 20190811060327 
1 0.2819 -0.0307 0.2221 21.0112453 105.7224179 20190811060327 
1 0.1222 0.0323 -0.0824 21.0112453 105.7224179 20190811060327 
1 0.1712 0.0540 0.3417 21.0112453 105.7224179 20190811060327 
1 0.0853 -0.0158 0.7057 21.0112453 105.7224179 20190811060327 
1 0.0752 -0.0673 0.4320 21.0112453 105.7224179 20190811060327 
1 0.0622 0.0768 -0.0723 21.0112453 105.7224179 20190811060327 
1 0.0825 0.0311 0.0322 21.0112453 105.7224179 20190811060327 
1 -0.2163 -0.0540 0.3931 21.0112453 105.7224179 20190811060327 
1 0.2812 0.1493 -0.2945 21.0112453 105.7224179 20190811060327 
1 -0.2381 -0.1481 -0.0960 21.0112453 105.7224179 20190811060327 
1 -0.2846 0.0545 0.4711 21.0112453 105.7224179 20190811060327 
1 -0.1050 0.1690 -0.2205 21.0112453 105.7224179 20190811060327 
1 -0.0283 -0.0333 -0.5548 21.0112453 105.7224179 20190811060327 
1 -0.2359 0.0391 -0.0844 21.0112453 105.7224179 20190811060327 
1 -0.1541 -0.0525 -0.0912 21.0112453 105.7224179 20190811060327 
1 -0.0126 0.1002 -0.2878 21.0112453 105.7224179 20190811060327 
1 0.0434 0.0067 -0.1071 21.0112453 105.7224179 20190811060327 
1 -0.0440 0.0487 -0.1730 21.0112453 105.7224179 20190811060327 
1 -0.0206 -0.0274 -0.3646 21.0112453 105.7224179 20190811060327 
1 0.0614 -0.0640 -0.7059 21.0112453 105.7224179 20190811060327 
1 0.2421 -0.0793 -0.0736 21.0112453 105.7224179 20190811060327 
1 -0.1776 -0.0190 -0.1650 21.0112453 105.7224179 20190811060327 
1 0.2528 0.1868 -0.2204 21.0112565 105.7222084 20190811060327 
1 0.1953 -0.1474 0.0770 21.0112565 105.7222084 20190811060328 
1 0.2651 -0.1032 0.4525 21.0112565 105.7222084 20190811060328 
1 -0.0272 -0.0331 -0.0593 21.0112565 105.7222084 20190811060328 
1 0.1960 -0.0316 -0.0039 21.0112565 105.7222084 20190811060328 
1 0.5130 0.0690 0.3258 21.0112565 105.7222084 20190811060328 
1 0.1831 -0.1988 0.4924 21.0112565 105.7222084 20190811060328 
1 0.1780 -0.0476 0.2486 21.0112565 105.7222084 20190811060328 
1 0.5354 0.0401 0.2127 21.0112565 105.7222084 20190811060328 
1 0.3026 0.0471 0.4657 21.0112565 105.7222084 20190811060328 
1 0.1743 -0.0504 0.5805 21.0112565 105.7222084 20190811060328 
1 0.6733 -0.2430 0.5022 21.0112565 105.7222084 20190811060328 
1 0.5326 0.1262 0.2816 21.0112565 105.7222084 20190811060328 
1 0.2497 0.1597 -0.1601 21.0112565 105.7222084 20190811060328 
1 0.3851 0.0107 0.0480 21.0112565 105.7222084 20190811060328 
1 0.3571 -0.0843 0.1955 21.0112565 105.7222084 20190811060328 
1 0.3501 -0.0357 -0.2034 21.0112565 105.7222084 20190811060328 
1 0.3222 0.0943 -0.3412 21.0112565 105.7222084 20190811060328 
1 0.0869 0.0401 -0.0088 21.0112565 105.7222084 20190811060328 
1 0.7746 0.0873 -0.3402 21.0112565 105.7222084 20190811060328 
1 0.0617 -0.0966 -0.8844 21.0112565 105.7222084 20190811060328 
1 0.1547 0.0227 -0.7474 21.0112565 105.7222084 20190811060328 
1 0.6617 0.2059 -0.4638 21.0112565 105.7222084 20190811060328 
1 0.0698 -0.0773 -0.1238 21.0112565 105.7222084 20190811060328 
1 0.2972 0.0426 -0.6944 21.0112565 105.7222084 20190811060328 
1 0.5238 -0.0354 -1.1131 21.0112565 105.7222084 20190811060328 
1 0.4797 0.0035 -0.8193 21.0112565 105.7222084 20190811060328 
1 0.3304 0.0741 -0.4057 21.0112565 105.7222084 20190811060328 
1 0.2788 0.0007 -0.7076 21.0112565 105.7222084 20190811060328 
1 0.5274 -0.0018 -0.5728 21.0112565 105.7222084 20190811060328 
1 0.4169 -0.0120 -0.2677 21.0112565 105.7222084 20190811060328 
1 0.5695 0.0847 -0.1379 21.0112565 105.7222084 20190811060328 
1 0.3213 0.0084 -0.2759 21.0112565 105.7222084 20190811060328 
1 0.5609 -0.0184 -0.1926 21.0112565 105.7222084 20190811060328 
1 0.3522 -0.0806 -0.0576 21.0112565 105.7222084 20190811060328 
1 0.2884 -0.0044 0.0197 21.0112565 105.7222084 20190811060328 
1 0.4285 0.0600 0.0236 21.0112565 105.7222084 20190811060328 
1 0.3614 0.0288 0.2088 21.0112565 105.7222084 20190811060328 
1 0.4021 0.0428 0.6672 21.0112565 105.7222084 20190811060328 
1 0.5502 0.0278 0.3630 21.0112565 105.7222084 20190811060328 
1 0.0059 0.0232 -0.1038 21.0112565 105.7222084 20190811060328 
1 0.8079 -0.0009 0.1231 21.0112565 105.7222084 20190811060328 
1 0.2282 -0.0090 0.0745 21.0112565 105.7222084 20190811060328 
1 0.5021 0.0429 -0.0508 21.0112565 105.7222084 20190811060328 
1 0.1172 -0.0054 -0.0739 21.0112565 105.7222084 20190811060328 
1 0.3561 0.0347 0.2160 21.0112565 105.7222084 20190811060328 
1 0.3826 0.0334 0.3287 21.0112565 105.7222084 20190811060328 
1 0.3398 -0.0320 -0.1314 21.0112565 105.7222084 20190811060328 
1 0.5838 -0.0373 -0.3231 21.0112565 105.7222084 20190811060328 
1 0.2737 -0.0922 -0.0910 21.0112565 105.7222084 20190811060328 
1 0.2054 -0.1334 0.0042 21.0112565 105.7222084 20190811060328 
1 0.2006 0.0592 -0.5322 21.0112639 105.7220039 20190811060328 
1 0.5903 -0.0202 0.0600 21.0112639 105.7220039 20190811060329 
1 0.3063 -0.0668 0.2082 21.0112639 105.7220039 20190811060329 
1 0.3490 -0.0711 0.0176 21.0112639 105.7220039 20190811060329 
1 0.2788 -0.1487 0.1260 21.0112639 105.7220039 20190811060329 
1 0.0425 0.0329 0.1587 21.0112639 105.7220039 20190811060329 
1 0.3367 -0.0381 0.0421 21.0112639 105.7220039 20190811060329 
1 0.5119 -0.2120 -0.3006 21.0112639 105.7220039 20190811060329 
1 0.2288 -0.1707 0.1605 21.0112639 105.7220039 20190811060329 
1 0.5871 0.0883 0.3344 21.0112639 105.7220039 20190811060329 
1 0.1919 -0.1066 0.7481 21.0112639 105.7220039 20190811060329 
1 0.3263 -0.0787 0.8877 21.0112639 105.7220039 20190811060329 
1 0.0998 -0.1409 0.1533 21.0112639 105.7220039 20190811060329 
1 0.4005 -0.1007 0.1391 21.0112639 105.7220039 20190811060329 
1 0.4769 -0.0642 0.6758 21.0112639 105.7220039 20190811060329 
1 -0.0106 -0.0615 0.6269 21.0112639 105.7220039 20190811060329 
1 0.4543 0.0007 -0.0009 21.0112639 105.7220039 20190811060329 
1 0.4183 -0.1107 0.4318 21.0112639 105.7220039 20190811060329 
1 0.2106 0.0912 0.4243 21.0112639 105.7220039 20190811060329 
1 0.1026 0.0375 -0.1005 21.0112639 105.7220039 20190811060329 
1 0.2499 -0.1242 0.0955 21.0112639 105.7220039 20190811060329 
1 0.3586 -0.0338 0.0278 21.0112639 105.7220039 20190811060329 
1 0.1459 0.0527 -0.5030 21.0112639 105.7220039 20190811060329 
1 0.5422 0.0372 -0.4884 21.0112639 105.7220039 20190811060329 
1 0.0099 -0.0190 -0.3880 21.0112639 105.7220039 20190811060329 
1 0.4365 0.0651 -0.4816 21.0112639 105.7220039 20190811060329 
1 0.3193 -0.1615 -0.4517 21.0112639 105.7220039 20190811060329 
1 0.3291 0.0077 -0.2293 21.0112639 105.7220039 20190811060329 
1 0.2745 0.1325 -0.5889 21.0112639 105.7220039 20190811060329 
1 0.3161 -0.0951 -0.6013 21.0112639 105.7220039 20190811060329 
1 0.2896 0.0096 -0.3227 21.0112639 105.7220039 20190811060329 
1 0.3311 -0.0322 -0.5309 21.0112639 105.7220039 20190811060329 
1 0.4410 -0.0037 -0.3636 21.0112639 105.7220039 20190811060329 
1 0.4984 0.0950 -0.1002 21.0112639 105.7220039 20190811060329 
1 0.3940 0.0898 -0.0230 21.0112639 105.7220039 20190811060329 
1 0.0553 -0.0770 -0.1761 21.0112639 105.7220039 20190811060329 
1 0.2413 0.0099 -0.3579 21.0112639 105.7220039 20190811060329 
1 0.3179 0.1443 -0.5971 21.0112639 105.7220039 20190811060329 
1 0.0996 -0.0020 -0.1405 21.0112639 105.7220039 20190811060329 
1 0.3202 -0.0431 0.2298 21.0112639 105.7220039 20190811060329 
1 0.1384 0.1394 -0.3990 21.0112639 105.7220039 20190811060329 
1 0.0100 0.0074 -0.3556 21.0112639 105.7220039 20190811060329 
1 0.1112 -0.0335 0.2538 21.0112639 105.7220039 20190811060329 
1 0.2499 0.1511 -0.3072 21.0112639 105.7220039 20190811060329 
1 0.0071 0.0834 -0.5746 21.0112639 105.7220039 20190811060329 
1 0.2396 -0.0735 0.2111 21.0112639 105.7220039 20190811060329 
1 0.1120 0.0006 0.4538 21.0112639 105.7220039 20190811060329 
1 -0.0406 0.1342 -0.0659 21.0112639 105.7220039 20190811060329 
1 0.1471 -0.0957 -0.0031 21.0112639 105.7220039 20190811060329 
1 -0.1649 -0.1167 0.5587 21.0112639 105.7220039 20190811060329 
1 0.1019 0.1976 -0.9185 21.0112612 105.7218041 20190811060330 
1 0.3436 -0.0011 -0.7102 21.0112612 105.7218041 20190811060330 
1 0.0358 -0.0176 0.9116 21.0112612 105.7218041 20190811060330 
1 -0.0436 0.1490 0.9948 21.0112612 105.7218041 20190811060330 
1 0.3752 0.2922 0.0640 21.0112612 105.7218041 20190811060330 
1 0.0372 -0.1907 0.6184 21.0112612 105.7218041 20190811060330 
1 0.1134 -0.0327 0.1480 21.0112612 105.7218041 20190811060330 
1 0.4018 0.1500 -0.9065 21.0112612 105.7218041 20190811060330 
1 0.4634 -0.0527 -0.2607 21.0112612 105.7218041 20190811060330 
1 0.5281 -0.0372 0.6491 21.0112612 105.7218041 20190811060330 
1 0.1721 0.0533 0.1489 21.0112612 105.7218041 20190811060330 
1 0.6018 0.1003 0.0201 21.0112612 105.7218041 20190811060330 
1 0.5087 0.1539 0.0351 21.0112612 105.7218041 20190811060330 
1 0.4353 0.0819 0.2083 21.0112612 105.7218041 20190811060330 
1 0.1592 -0.0708 0.3114 21.0112612 105.7218041 20190811060330 
1 0.4882 0.0300 -0.2601 21.0112612 105.7218041 20190811060330 
1 0.1408 0.1225 -0.4457 21.0112612 105.7218041 20190811060330 
1 0.4458 0.1929 -0.2819 21.0112612 105.7218041 20190811060330 
1 0.1155 -0.0088 0.1091 21.0112612 105.7218041 20190811060330 
1 0.2930 -0.0040 -0.5143 21.0112612 105.7218041 20190811060330 
1 0.2046 0.0072 -0.5026 21.0112612 105.7218041 20190811060330 
1 0.1442 0.0943 0.0390 21.0112612 105.7218041 20190811060330 
1 0.0441 0.0927 -0.1152 21.0112612 105.7218041 20190811060330 
1 0.4839 -0.0186 -0.4357 21.0112612 105.7218041 20190811060330 
1 0.0569 -0.1198 0.1449 21.0112612 105.7218041 20190811060330 
1 0.1692 0.0271 0.2591 21.0112612 105.7218041 20190811060330 
1 0.1603 -0.0150 0.3575 21.0112612 105.7218041 20190811060330 
1 0.1251 -0.0000 0.2351 21.0112612 105.7218041 20190811060330 
1 0.4865 -0.0100 0.5127 21.0112612 105.7218041 20190811060330 
1 -0.1448 -0.2060 0.8385 21.0112612 105.7218041 20190811060330 
1 0.2013 0.2408 0.5925 21.0112612 105.7218041 20190811060330 
1 0.7267 0.2580 -0.1134 21.0112612 105.7218041 20190811060330 
1 -0.2144 -0.2568 1.8472 21.0112612 105.7218041 20190811060330 
1 -0.1509 0.0128 1.3912 21.0112612 105.7218041 20190811060330 
1 0.1383 0.2257 -0.3218 21.0112612 105.7218041 20190811060330 
1 0.1504 -0.0142 0.5686 21.0112612 105.7218041 20190811060330 
1 -0.1484 -0.0574 0.7337 21.0112612 105.7218041 20190811060330 
1 0.1677 0.1956 -0.8749 21.0112612 105.7218041 20190811060330 
1 0.0748 -0.0980 -0.1132 21.0112612 105.7218041 20190811060330 
1 -0.0680 0.1110 1.0747 21.0112612 105.7218041 20190811060330 
1 -0.4024 0.2536 0.0335 21.0112612 105.7218041 20190811060330 
1 0.0756 0.0452 -0.0321 21.0112612 105.7218041 20190811060330 
1 0.6858 0.2008 -0.2356 21.0112612 105.7218041 20190811060330 
1 -0.5757 -0.0493 -0.5731 21.0112612 105.7218041 20190811060330 
1 -0.0426 0.0389 -0.1657 21.0112612 105.7218041 20190811060330 
1 0.2434 0.2198 -0.1069 21.0112612 105.7218041 20190811060330 
1 -0.2287 0.0544 -0.2872 21.0112612 105.7218041 20190811060330 
1 0.3238 0.0672 -0.0244 21.0112612 105.7218041 20190811060330 
1 0.4242 0.2180 -0.5666 21.0112612 105.7218041 20190811060330 
1 0.0640 0.1308 -0.3897 21.0112712 105.7215977 20190811060330 
1 -0.0036 0.0479 0.4524 21.0112712 105.7215977 20190811060331 
1 0.0923 0.2633 0.3630 21.0112712 105.7215977 20190811060331 
1 0.1609 0.1993 0.0191 21.0112712 105.7215977 20190811060331 
1 -0.2492 0.0943 0.2265 21.0112712 105.7215977 20190811060331 
1 -0.0154 0.3314 -0.3361 21.0112712 105.7215977 20190811060331 
1 0.1585 0.3087 -0.5311 21.0112712 105.7215977 20190811060331 
1 0.1680 0.1871 -0.0577 21.0112712 105.7215977 20190811060331 
1 -0.3925 0.1064 0.2174 21.0112712 105.7215977 20190811060331 
1 0.2060 0.2691 -0.0217 21.0112712 105.7215977 20190811060331 
1 -0.1889 0.3139 -0.4686 21.0112712 105.7215977 20190811060331 
1 -0.3184 0.1174 -0.1700 21.0112712 105.7215977 20190811060331 
1 0.2419 0.2354 -0.2965 21.0112712 105.7215977 20190811060331 
1 -0.1634 -0.0315 -0.1520 21.0112712 105.7215977 20190811060331 
1 -0.0689 0.3093 -0.4431 21.0112712 105.7215977 20190811060331 
1 -0.0089 0.3981 -0.3043 21.0112712 105.7215977 20190811060331 
1 -0.3361 0.0939 0.6234 21.0112712 105.7215977 20190811060331 
1 0.1362 0.1743 0.3533 21.0112712 105.7215977 20190811060331 
1 0.2194 0.2862 -0.5678 21.0112712 105.7215977 20190811060331 
1 0.0341 0.1222 0.4887 21.0112712 105.7215977 20190811060331 
1 -0.1334 0.2008 0.5923 21.0112712 105.7215977 20190811060331 
1 0.0914 0.2808 -0.3975 21.0112712 105.7215977 20190811060331 
1 -0.1335 0.0731 -0.1965 21.0112712 105.7215977 20190811060331 
1 -0.0590 0.1839 0.1608 21.0112712 105.7215977 20190811060331 
1 0.3508 0.2087 0.1165 21.0112712 105.7215977 20190811060331 
1 -0.0165 0.0715 0.1564 21.0112712 105.7215977 20190811060331 
1 0.1776 0.1290 0.0859 21.0112712 105.7215977 20190811060331 
1 -0.2178 -0.0127 -0.1649 21.0112712 105.7215977 20190811060331 
1 0.1311 -0.0716 0.2587 21.0112712 105.7215977 20190811060331 
1 0.0961 0.0756 0.1683 21.0112712 105.7215977 20190811060331 
1 0.1241 0.1491 0.4204 21.0112712 105.7215977 20190811060331 
1 0.0303 -0.0261 0.7087 21.0112712 105.7215977 20190811060331 
1 0.2048 0.0016 0.3686 21.0112712 105.7215977 20190811060331 
1 -0.0529 0.0966 -0.1802 21.0112712 105.7215977 20190811060331 
1 0.5283 0.1517 -0.2126 21.0112712 105.7215977 20190811060331 
1 -0.1526 -0.0316 0.1250 21.0112712 105.7215977 20190811060331 
1 -0.1034 0.0487 0.1733 21.0112712 105.7215977 20190811060331 
1 0.1306 0.0658 -0.2861 21.0112712 105.7215977 20190811060331 
1 -0.0382 0.0364 -0.0677 21.0112712 105.7215977 20190811060331 
1 -0.1265 0.1565 -0.2343 21.0112712 105.7215977 20190811060331 
1 -0.0141 0.1215 -0.8528 21.0112712 105.7215977 20190811060331 
1 -0.0596 -0.2882 -0.3669 21.0112712 105.7215977 20190811060331 
1 -0.1055 0.0884 -0.2224 21.0112712 105.7215977 20190811060331 
1 0.0711 0.2109 -0.7935 21.0112712 105.7215977 20190811060331 
1 -0.1446 -0.1657 -0.2447 21.0112712 105.7215977 20190811060331 
1 0.2532 0.1685 -0.8464 21.0112712 105.7215977 20190811060331 
1 -0.1963 -0.1324 -1.0251 21.0112712 105.7215977 20190811060331 
1 -0.2529 -0.1410 0.6606 21.0112712 105.7215977 20190811060331 
1 -0.5422 0.2396 0.2207 21.0112712 105.7215977 20190811060331 
1 0.3379 -0.0023 -0.6785 21.0112712 105.7215977 20190811060331 
1 -0.0283 -0.2905 0.2677 21.0112875 105.7213985 20190811060332 
1 0.0931 0.0268 -0.3649 21.0112875 105.7213985 20190811060332 
1 0.0120 0.0887 -0.6369 21.0112875 105.7213985 20190811060332 
1 0.0181 0.0006 0.6766 21.0112875 105.7213985 20190811060332 
1 -0.5696 0.0758 0.3053 21.0112875 105.7213985 20190811060332 
1 -0.3580 -0.0051 -0.4192 21.0112875 105.7213985 20190811060332 
1 0.4738 -0.0031 -0.1014 21.0112875 105.7213985 20190811060332 
1 0.4084 0.1417 0.2250 21.0112875 105.7213985 20190811060332 
1 -0.6470 -0.1777 0.3996 21.0112875 105.7213985 20190811060332 
1 0.3103 -0.1186 0.1108 21.0112875 105.7213985 20190811060332 
1 -0.0623 -0.1501 -0.5432 21.0112875 105.7213985 20190811060332 
1 -0.2757 -0.1089 -0.0030 21.0112875 105.7213985 20190811060332 
1 -0.2141 -0.1037 0.3010 21.0112875 105.7213985 20190811060332 
1 0.2362 -0.2790 0.3584 21.0112875 105.7213985 20190811060332 
1 0.2012 -0.0594 0.7657 21.0112875 105.7213985 20190811060332 
1 0.2853 0.0718 0.6787 21.0112875 105.7213985 20190811060332 
1 0.3061 -0.2296 1.4500 21.0112875 105.7213985 20190811060332 
1 -0.1225 -0.1146 1.3933 21.0112875 105.7213985 20190811060332 
1 -0.0838 0.0966 0.7149 21.0112875 105.7213985 20190811060332 
1 -0.1596 -0.0455 0.7226 21.0112875 105.7213985 20190811060332 
1 0.0399 -0.0664 0.8710 21.0112875 105.7213985 20190811060332 
1 0.1134 -0.0367 0.2397 21.0112875 105.7213985 20190811060332 
1 0.1035 0.0221 0.0899 21.0112875 105.7213985 20190811060332 
1 -0.2565 0.0610 0.1971 21.0112875 105.7213985 20190811060332 
1 0.1608 -0.0890 0.3639 21.0112875 105.7213985 20190811060332 
1 -1.0174 -0.1669 0.2372 21.0112875 105.7213985 20190811060332 
1 0.1772 0.2763 -1.0382 21.0112875 105.7213985 20190811060332 
1 0.0320 -0.0257 -0.5395 21.0112875 105.7213985 20190811060332 
1 0.2462 -0.0687 0.2308 21.0112875 105.7213985 20190811060332 
1 -0.1987 -0.3372 0.0552 21.0112875 105.7213985 20190811060332 
1 0.1333 0.1014 -0.7847 21.0112875 105.7213985 20190811060332 
1 -0.7617 -0.1597 0.4241 21.0112875 105.7213985 20190811060332 
1 -0.4854 0.1048 -0.4718 21.0112875 105.7213985 20190811060332 
1 0.4405 0.1825 -1.6364 21.0112875 105.7213985 20190811060332 
1 0.1053 -0.4428 -0.4551 21.0112875 105.7213985 20190811060332 
1 0.3884 0.1879 0.2848 21.0112875 105.7213985 20190811060332 
1 -0.3833 0.1836 0.3932 21.0112875 105.7213985 20190811060332 
1 -0.3024 -0.0059 0.4017 21.0112875 105.7213985 20190811060332 
1 -0.0915 -0.4298 0.0619 21.0112875 105.7213985 20190811060332 
1 0.2456 -0.2712 -0.8598 21.0112875 105.7213985 20190811060332 
1 0.9080 0.3629 -1.6422 21.0112875 105.7213985 20190811060332 
1 -0.0359 -0.1341 0.1875 21.0112875 105.7213985 20190811060332 
1 -0.2925 -0.3007 0.8133 21.0112875 105.7213985 20190811060332 
1 0.0452 -0.0532 -0.3715 21.0112875 105.7213985 20190811060332 
1 -0.0873 0.2189 -0.3186 21.0112875 105.7213985 20190811060332 
1 0.0993 0.0248 1.0917 21.0112875 105.7213985 20190811060332 
1 0.0402 0.0683 -0.0770 21.0112875 105.7213985 20190811060332 
1 0.6273 -0.0440 -1.2380 21.0112875 105.7213985 20190811060332 
1 -0.5653 -0.2354 -0.6788 21.0112875 105.7213985 20190811060332 
1 0.0346 0.2611 -0.1792 21.0112963 105.721208 20190811060333 
1 -0.8313 -0.1549 0.5051 21.0112963 105.721208 20190811060333 
1 -0.8250 -0.0283 -0.3390 21.0112963 105.721208 20190811060333 
1 0.2942 0.1920 -1.4297 21.0112963 105.721208 20190811060333 
1 0.0694 -0.3492 -0.3889 21.0112963 105.721208 20190811060333 
1 -0.0401 0.1683 -0.2904 21.0112963 105.721208 20190811060333 
1 -0.0482 0.0562 -0.8940 21.0112963 105.721208 20190811060333 
1 -0.2355 -0.3134 0.3352 21.0112963 105.721208 20190811060333 
1 -0.6119 -0.0920 0.6617 21.0112963 105.721208 20190811060333 
1 -0.4580 0.0657 -0.6867 21.0112963 105.721208 20190811060333 
1 0.4359 0.0619 -0.1909 21.0112963 105.721208 20190811060333 
1 -0.0185 -0.0258 0.3505 21.0112963 105.721208 20190811060333 
1 -0.2127 -0.0414 0.3719 21.0112963 105.721208 20190811060333 
1 -0.0022 -0.1677 0.7061 21.0112963 105.721208 20190811060333 
1 0.2933 0.0656 0.6892 21.0112963 105.721208 20190811060333 
1 -0.0941 0.0136 0.7053 21.0112963 105.721208 20190811060333 
1 -0.2236 -0.3034 0.9893 21.0112963 105.721208 20190811060333 
1 0.6122 0.1508 -0.0143 21.0112963 105.721208 20190811060333 
1 0.1428 -0.1302 0.1608 21.0112963 105.721208 20190811060333 
1 0.0455 -0.2018 1.0270 21.0112963 105.721208 20190811060333 
1 0.3772 0.1212 0.5947 21.0112963 105.721208 20190811060333 
1 0.1819 0.0689 0.4180 21.0112963 105.721208 20190811060333 
1 0.3423 0.0587 0.8195 21.0112963 105.721208 20190811060333 
1 0.1126 -0.0680 0.5467 21.0112963 105.721208 20190811060333 
1 0.0079 0.0277 -0.1319 21.0112963 105.721208 20190811060333 
1 0.0654 0.1854 -1.0105 21.0112963 105.721208 20190811060333 
1 -0.0095 -0.0438 -0.1204 21.0112963 105.721208 20190811060333 
1 -0.3068 -0.2227 0.8030 21.0112963 105.721208 20190811060333 
1 -0.2650 0.1346 -0.5917 21.0112963 105.721208 20190811060333 
1 -0.0267 0.2351 -1.4392 21.0112963 105.721208 20190811060333 
1 -0.1394 -0.1615 0.4390 21.0112963 105.721208 20190811060333 
1 -0.2312 0.2572 -0.4752 21.0112963 105.721208 20190811060333 
1 -0.2317 -0.0437 -1.1104 21.0112963 105.721208 20190811060333 
1 -0.0349 0.0975 -0.7385 21.0112963 105.721208 20190811060333 
1 -0.4679 -0.1568 0.5419 21.0112963 105.721208 20190811060333 
1 -0.4793 0.2309 -1.2013 21.0112963 105.721208 20190811060333 
1 0.1250 0.1646 -0.9557 21.0112963 105.721208 20190811060333 
1 0.0141 -0.1175 -0.6779 21.0112963 105.721208 20190811060333 
1 -0.6727 0.0077 -0.7431 21.0112963 105.721208 20190811060333 
1 -0.3286 0.1934 -0.8793 21.0112963 105.721208 20190811060333 
1 -0.2625 0.2005 -0.4619 21.0112963 105.721208 20190811060333 
1 -0.5350 -0.3719 0.6528 21.0112963 105.721208 20190811060333 
1 -0.4643 0.0419 -0.5139 21.0112963 105.721208 20190811060333 
1 -0.1684 0.0075 -0.4982 21.0112963 105.721208 20190811060333 
1 -0.2980 0.0384 0.0292 21.0112963 105.721208 20190811060333 
1 -0.8422 -0.0884 0.6387 21.0112963 105.721208 20190811060333 
1 -0.6313 -0.1296 0.2573 21.0112963 105.721208 20190811060333 
1 -0.1478 -0.0188 0.8744 21.0112963 105.721208 20190811060333 
1 -0.4492 0.0773 1.0809 21.0112963 105.721208 20190811060333 
1 0.1555 0.0330 1.0285 21.0112963 105.721208 20190811060333 
1 0.2316 -0.0074 0.9063 21.0113007 105.7210033 20190811060334 
1 -0.3357 -0.1264 0.6066 21.0113007 105.7210033 20190811060334 
1 -0.0796 0.1032 0.2979 21.0113007 105.7210033 20190811060334 
1 0.3559 0.2049 0.3609 21.0113007 105.7210033 20190811060334 
1 -0.3417 0.1271 0.4790 21.0113007 105.7210033 20190811060334 
1 0.1476 0.0504 -0.0134 21.0113007 105.7210033 20190811060334 
1 -0.0418 -0.0708 -0.2979 21.0113007 105.7210033 20190811060334 
1 -0.2096 0.5394 -1.0738 21.0113007 105.7210033 20190811060334 
1 -0.7257 -0.3416 0.2422 21.0113007 105.7210033 20190811060334 
1 0.3045 0.1259 -0.6320 21.0113007 105.7210033 20190811060334 
1 -0.1790 0.2291 -1.6081 21.0113007 105.7210033 20190811060334 
1 -0.7422 -0.1153 -0.8875 21.0113007 105.7210033 20190811060334 
1 -0.2380 -0.0778 0.1370 21.0113007 105.7210033 20190811060334 
1 -0.5794 0.2721 -1.0914 21.0113007 105.7210033 20190811060334 
1 0.2564 0.1899 -0.8384 21.0113007 105.7210033 20190811060334 
1 -1.2314 -0.3899 0.5526 21.0113007 105.7210033 20190811060334 
1 0.1133 0.0602 -0.3909 21.0113007 105.7210033 20190811060334 
1 -0.2418 0.0615 -0.8808 21.0113007 105.7210033 20190811060334 
1 -0.7541 0.0809 0.4678 21.0113007 105.7210033 20190811060334 
1 -0.4499 -0.1832 0.8373 21.0113007 105.7210033 20190811060334 
1 -0.1584 -0.1214 0.2292 21.0113007 105.7210033 20190811060334 
1 -0.5887 -0.0209 0.7285 21.0113007 105.7210033 20190811060334 
1 -0.3343 0.0594 1.2798 21.0113007 105.7210033 20190811060334 
1 -0.4175 -0.1840 1.6139 21.0113007 105.7210033 20190811060334 
1 -0.4228 -0.0865 1.3241 21.0113007 105.7210033 20190811060334 
1 0.1052 0.0435 0.6239 21.0113007 105.7210033 20190811060334 
1 -0.2584 -0.2055 1.4979 21.0113007 105.7210033 20190811060334 
1 -0.1378 0.0408 1.7119 21.0113007 105.7210033 20190811060334 
1 0.2730 0.1638 0.4289 21.0113007 105.7210033 20190811060334 
1 0.2495 -0.1202 0.8069 21.0113007 105.7210033 20190811060334 
1 0.1591 -0.0613 1.0669 21.0113007 105.7210033 20190811060334 
1 0.3856 0.1414 0.1199 21.0113007 105.7210033 20190811060334 
1 0.2844 0.0374 0.2614 21.0113007 105.7210033 20190811060334 
1 0.3730 0.0105 0.8115 21.0113007 105.7210033 20190811060334 
1 0.3431 0.0601 -0.2874 21.0113007 105.7210033 20190811060334 
1 0.3177 -0.0331 -0.9278 21.0113007 105.7210033 20190811060334 
1 0.5099 0.0635 -0.4759 21.0113007 105.7210033 20190811060334 
1 0.6520 0.1137 -0.3282 21.0113007 105.7210033 20190811060334 
1 -0.1820 -0.1879 0.0531 21.0113007 105.7210033 20190811060334 
1 0.5783 -0.0337 -0.3889 21.0113007 105.7210033 20190811060334 
1 0.7086 0.0316 -0.7669 21.0113007 105.7210033 20190811060334 
1 0.3493 -0.0333 -0.5805 21.0113007 105.7210033 20190811060334 
1 0.4370 -0.0591 -0.4067 21.0113007 105.7210033 20190811060334 
1 0.6809 -0.0535 -0.1719 21.0113007 105.7210033 20190811060334 
1 0.3932 -0.1184 -0.1501 21.0113007 105.7210033 20190811060334 
1 0.7028 0.0848 -0.1686 21.0113007 105.7210033 20190811060334 
1 1.0370 0.1460 -0.0463 21.0113007 105.7210033 20190811060334 
1 0.8218 0.0017 0.5032 21.0113019 105.7207986 20190811060334 
1 0.7475 -0.2011 0.3679 21.0113019 105.7207986 20190811060335 
1 0.7989 0.0180 0.3268 21.0113019 105.7207986 20190811060335 
1 0.9018 0.1715 -0.1669 21.0113019 105.7207986 20190811060335 
1 1.1272 -0.1752 0.0299 21.0113019 105.7207986 20190811060335 
1 1.0963 -0.1547 0.2965 21.0113019 105.7207986 20190811060335 
1 0.5652 -0.0801 0.3631 21.0113019 105.7207986 20190811060335 
1 1.1860 0.1411 0.5140 21.0113019 105.7207986 20190811060335 
1 0.5370 -0.1190 0.8767 21.0113019 105.7207986 20190811060335 
1 0.8810 0.0166 0.5671 21.0113019 105.7207986 20190811060335 
1 0.8719 0.1294 0.1069 21.0113019 105.7207986 20190811060335 
1 0.4021 -0.1603 0.7231 21.0113019 105.7207986 20190811060335 
1 0.9519 0.1634 0.4446 21.0113019 105.7207986 20190811060335 
1 0.6780 0.1505 0.1143 21.0113019 105.7207986 20190811060335 
1 0.5863 -0.0166 0.2930 21.0113019 105.7207986 20190811060335 
1 0.7205 -0.0372 0.8428 21.0113019 105.7207986 20190811060335 
1 0.5016 0.1969 0.0773 21.0113019 105.7207986 20190811060335 
1 1.0375 0.2381 -0.5687 21.0113019 105.7207986 20190811060335 
1 0.7668 -0.2466 0.1405 21.0113019 105.7207986 20190811060335 
1 0.8349 0.0620 0.1578 21.0113019 105.7207986 20190811060335 
1 0.9410 0.1807 -0.7898 21.0113019 105.7207986 20190811060335 
1 0.9479 -0.1281 0.6156 21.0113019 105.7207986 20190811060335 
1 0.7271 -0.0273 1.1159 21.0113019 105.7207986 20190811060335 
1 0.9300 0.2712 -0.9274 21.0113019 105.7207986 20190811060335 
1 1.3042 -0.0312 -0.2225 21.0113019 105.7207986 20190811060335 
1 0.9158 -0.2952 1.0232 21.0113019 105.7207986 20190811060335 
1 0.8212 0.1678 -0.1215 21.0113019 105.7207986 20190811060335 
1 1.4540 0.2402 -0.1928 21.0113019 105.7207986 20190811060335 
1 1.3570 0.0710 0.7495 21.0113019 105.7207986 20190811060335 
1 0.9216 -0.0145 0.9737 21.0113019 105.7207986 20190811060335 
1 0.7552 -0.0159 -0.0028 21.0113019 105.7207986 20190811060335 
1 1.2030 0.1988 -0.1821 21.0113019 105.7207986 20190811060335 
1 0.8758 0.1323 0.0754 21.0113019 105.7207986 20190811060335 
1 1.0074 -0.0039 0.2984 21.0113019 105.7207986 20190811060335 
1 0.9328 0.0328 -0.3436 21.0113019 105.7207986 20190811060335 
1 0.9651 0.0487 -0.3580 21.0113019 105.7207986 20190811060335 
1 0.6760 0.0141 0.0867 21.0113019 105.7207986 20190811060335 
1 0.4134 0.1748 0.3492 21.0113019 105.7207986 20190811060335 
1 0.7955 0.1855 -0.0773 21.0113019 105.7207986 20190811060335 
1 0.5087 -0.1257 -0.1164 21.0113019 105.7207986 20190811060335 
1 0.4644 0.0849 -0.1111 21.0113019 105.7207986 20190811060335 
1 0.5777 0.2650 -0.3592 21.0113019 105.7207986 20190811060335 
1 0.3265 0.0009 0.2631 21.0113019 105.7207986 20190811060335 
1 0.5232 0.0662 0.6161 21.0113019 105.7207986 20190811060335 
1 -0.0365 -0.0954 0.2763 21.0113019 105.7207986 20190811060335 
1 0.3392 0.2247 -0.4617 21.0113019 105.7207986 20190811060335 
1 0.1576 0.0955 -0.3781 21.0113019 105.7207986 20190811060335 
1 0.1281 -0.0029 -0.0336 21.0113019 105.7207986 20190811060335 
1 0.0715 0.1814 -0.4040 21.0113019 105.7207986 20190811060335 
1 -0.0191 0.0978 -0.0054 21.0113019 105.7207986 20190811060335 
1 -0.1745 0.2022 0.2849 21.0113019 105.7207986 20190811060335 
1 0.1729 0.1907 -0.0986 21.0113226 105.720577 20190811060335 
1 -0.2290 0.1178 -1.1044 21.0113226 105.720577 20190811060336 
1 0.2160 -0.1281 -0.8400 21.0113226 105.720577 20190811060336 
1 -0.2171 -0.0837 -0.5110 21.0113226 105.720577 20190811060336 
1 -0.4041 0.3594 -0.8665 21.0113226 105.720577 20190811060336 
1 0.1228 0.2680 -1.1983 21.0113226 105.720577 20190811060336 
1 -0.5088 0.1783 -0.7422 21.0113226 105.720577 20190811060336 
1 -0.3519 0.0050 -0.6164 21.0113226 105.720577 20190811060336 
1 -0.4475 0.3366 -1.1091 21.0113226 105.720577 20190811060336 
1 -0.3736 0.2881 -1.0298 21.0113226 105.720577 20190811060336 
1 -0.4065 0.0417 -0.7455 21.0113226 105.720577 20190811060336 
1 -0.5963 0.0809 -0.3223 21.0113226 105.720577 20190811060336 
1 -0.1683 0.0589 -0.5616 21.0113226 105.720577 20190811060336 
1 -0.7556 0.1215 -0.6987 21.0113226 105.720577 20190811060336 
1 -0.7979 0.0754 0.2699 21.0113226 105.720577 20190811060336 
1 -0.4480 0.1375 0.1495 21.0113226 105.720577 20190811060336 
1 -0.3829 0.2995 -0.1134 21.0113226 105.720577 20190811060336 
1 -0.5142 0.1254 0.2046 21.0113226 105.720577 20190811060336 
1 -0.7433 0.0073 0.8372 21.0113226 105.720577 20190811060336 
1 0.1702 0.4043 0.4108 21.0113226 105.720577 20190811060336 
1 -0.5726 0.2509 0.3057 21.0113226 105.720577 20190811060336 
1 -0.7065 0.1772 0.5657 21.0113226 105.720577 20190811060336 
1 -0.2274 -0.0351 0.5984 21.0113226 105.720577 20190811060336 
1 -0.5373 0.2170 -0.1857 21.0113226 105.720577 20190811060336 
1 -1.0133 0.0755 0.5107 21.0113226 105.720577 20190811060336 
1 -0.5338 0.1400 0.5824 21.0113226 105.720577 20190811060336 
1 -0.5640 -0.0120 0.3206 21.0113226 105.720577 20190811060336 
1 -1.4929 0.1587 -0.0438 21.0113226 105.720577 20190811060336 
1 -1.0207 0.2658 0.1781 21.0113226 105.720577 20190811060336 
1 -1.4330 0.0576 0.1918 21.0113226 105.720577 20190811060336 
1 -0.9739 0.2657 0.8248 21.0113226 105.720577 20190811060336 
1 -1.9328 0.0623 0.2886 21.0113226 105.720577 20190811060336 
1 -1.4465 0.2215 -0.0894 21.0113226 105.720577 20190811060336 
1 -1.4547 0.3286 0.0567 21.0113226 105.720577 20190811060336 
1 -1.3810 0.3054 0.0974 21.0113226 105.720577 20190811060336 
1 -1.6948 0.1128 -0.2486 21.0113226 105.720577 20190811060336 
1 -0.8701 0.3001 -0.5757 21.0113226 105.720577 20190811060336 
1 -1.2581 0.3280 -0.3714 21.0113226 105.720577 20190811060336 
1 -1.5202 0.2149 -0.2854 21.0113226 105.720577 20190811060336 
1 -0.7896 0.2743 -0.8122 21.0113226 105.720577 20190811060336 
1 -1.1147 0.2705 -0.9543 21.0113226 105.720577 20190811060336 
1 -1.2287 0.1349 -0.3238 21.0113226 105.720577 20190811060336 
1 -1.0922 0.3743 -0.8442 21.0113226 105.720577 20190811060336 
1 -0.9940 0.2876 -0.7469 21.0113226 105.720577 20190811060336 
1 -1.4791 0.0397 -0.4866 21.0113226 105.720577 20190811060336 
1 -0.8152 0.1787 -0.7342 21.0113226 105.720577 20190811060336 
1 -1.0957 0.3053 -1.1093 21.0113226 105.720577 20190811060336 
1 -1.2824 0.3185 -0.1416 21.0113226 105.720577 20190811060336 
1 -1.1619 0.1340 0.3334 21.0113226 105.720577 20190811060336 
1 -1.0940 0.2359 -0.3399 21.0113226 105.720577 20190811060336 
1 -1.1218 0.2794 -0.3714 21.0113301 105.7203775 20190811060337 
1 -1.4062 0.2292 0.1102 21.0113301 105.7203775 20190811060337 
1 -1.3356 0.3207 -0.1755 21.0113301 105.7203775 20190811060337 
1 -0.9116 0.2301 -0.4789 21.0113301 105.7203775 20190811060337 
1 -1.5110 -0.0434 0.0765 21.0113301 105.7203775 20190811060337 
1 -1.2569 0.4496 0.1162 21.0113301 105.7203775 20190811060337 
1 -1.1368 0.3576 -0.0512 21.0113301 105.7203775 20190811060337 
1 -1.3181 0.1416 0.1733 21.0113301 105.7203775 20190811060337 
1 -1.3131 0.1402 -0.1331 21.0113301 105.7203775 20190811060337 
1 -1.0663 0.2131 -0.3797 21.0113301 105.7203775 20190811060337 
1 -1.0989 0.1442 0.1612 21.0113301 105.7203775 20190811060337 
1 -1.4595 0.1977 0.2842 21.0113301 105.7203775 20190811060337 
1 -0.8400 0.1739 0.1378 21.0113301 105.7203775 20190811060337 
1 -1.0193 0.1548 0.1352 21.0113301 105.7203775 20190811060337 
1 -1.0594 0.3211 0.0672 21.0113301 105.7203775 20190811060337 
1 -1.0676 0.3028 0.1072 21.0113301 105.7203775 20190811060337 
1 -0.7272 0.2001 0.5514 21.0113301 105.7203775 20190811060337 
1 -1.1637 0.2412 0.4932 21.0113301 105.7203775 20190811060337 
1 -1.0429 0.1888 -0.1253 21.0113301 105.7203775 20190811060337 
1 -0.6914 0.2528 0.1474 21.0113301 105.7203775 20190811060337 
1 -1.0294 0.2444 0.1682 21.0113301 105.7203775 20190811060337 
1 -0.8076 0.1980 -0.1836 21.0113301 105.7203775 20190811060337 
1 -1.0503 0.0584 0.7421 21.0113301 105.7203775 20190811060337 
1 -1.0723 0.2212 0.3318 21.0113301 105.7203775 20190811060337 
1 -0.7138 0.3326 -0.2730 21.0113301 105.7203775 20190811060337 
1 -1.2919 0.1377 0.1436 21.0113301 105.7203775 20190811060337 
1 -0.7664 0.1990 0.2159 21.0113301 105.7203775 20190811060337 
1 -0.9786 0.0817 -0.1666 21.0113301 105.7203775 20190811060337 
1 -0.8230 0.1485 0.1480 21.0113301 105.7203775 20190811060337 
1 -0.9337 0.1875 0.4810 21.0113301 105.7203775 20190811060337 
1 -0.8467 0.2964 0.2550 21.0113301 105.7203775 20190811060337 
1 -0.6437 0.1226 0.2593 21.0113301 105.7203775 20190811060337 
1 -0.9728 0.1121 -0.0103 21.0113301 105.7203775 20190811060337 
1 -0.4313 0.2326 0.2946 21.0113301 105.7203775 20190811060337 
1 -0.7348 0.2651 0.4246 21.0113301 105.7203775 20190811060337 
1 -0.4988 0.1453 0.4471 21.0113301 105.7203775 20190811060337 
1 -0.5679 0.0399 0.6803 21.0113301 105.7203775 20190811060337 
1 -0.6029 0.2432 -0.0105 21.0113301 105.7203775 20190811060337 
1 -0.3850 0.1006 -0.1868 21.0113301 105.7203775 20190811060337 
1 -0.1693 0.1948 0.5275 21.0113301 105.7203775 20190811060337 
1 -0.5708 0.1726 0.1013 21.0113301 105.7203775 20190811060337 
1 -0.6011 -0.2732 -0.0811 21.0113301 105.7203775 20190811060337 
1 -0.3156 0.1682 -0.1541 21.0113301 105.7203775 20190811060337 
1 -0.4982 0.1435 -0.1398 21.0113301 105.7203775 20190811060337 
1 -0.4253 0.0108 -0.1707 21.0113301 105.7203775 20190811060337 
1 -0.4556 0.0329 -0.4243 21.0113301 105.7203775 20190811060337 
1 -0.4293 0.1229 0.3081 21.0113301 105.7203775 20190811060337 
1 -0.4588 0.1536 -0.4803 21.0113301 105.7203775 20190811060337 
1 -0.6796 0.0954 -1.3796 21.0113301 105.7203775 20190811060337 
