1000
1 0.0745 0.0087 0.7332 21.0112792 105.7210501 20190810025836 ;
1 -0.3112 -0.1004 0.9146 21.0112792 105.7210501 20190810025836 ;
1 0.0989 -0.0703 1.3700 21.0112876 105.7208418 20190810025836 ;
1 -0.2809 -0.1995 1.2861 21.0112876 105.7208418 20190810025836 ;
1 0.0995 0.0277 0.8308 21.0112876 105.7208418 20190810025836 ;
1 0.1538 -0.0583 0.9319 21.0112876 105.7208418 20190810025836 ;
1 -0.0875 -0.0548 1.0525 21.0112876 105.7208418 20190810025836 ;
1 0.3031 -0.0439 1.0157 21.0112876 105.7208418 20190810025836 ;
1 -0.1501 0.0317 0.6683 21.0112876 105.7208418 20190810025836 ;
1 0.6089 0.0524 0.7718 21.0112876 105.7208418 20190810025836 ;
1 -0.2386 -0.1028 0.7331 21.0112876 105.7208418 20190810025836 ;
1 0.3032 0.1666 0.0313 21.0112876 105.7208418 20190810025836 ;
1 -0.1671 -0.1555 -0.1621 21.0112876 105.7208418 20190810025836 ;
1 0.3551 0.1023 -0.0961 21.0112876 105.7208418 20190810025836 ;
1 -0.3135 -0.0378 -0.2888 21.0112876 105.7208418 20190810025836 ;
1 0.1931 0.1030 -0.1604 21.0112876 105.7208418 20190810025836 ;
1 -0.3826 -0.1345 -0.1095 21.0112876 105.7208418 20190810025836 ;
1 0.0566 -0.0236 -0.2922 21.0112876 105.7208418 20190810025836 ;
1 -0.0096 -0.1401 -0.4308 21.0112876 105.7208418 20190810025836 ;
1 0.0122 0.0047 -0.7162 21.0112876 105.7208418 20190810025836 ;
1 -0.1335 -0.2290 -0.4274 21.0112876 105.7208418 20190810025837 ;
1 -0.1007 -0.2608 0.3888 21.0112876 105.7208418 20190810025837 ;
1 -0.0757 0.0186 0.2120 21.0112876 105.7208418 20190810025837 ;
1 0.0279 -0.1079 0.2760 21.0112876 105.7208418 20190810025837 ;
1 -0.0526 -0.1418 0.6092 21.0112876 105.7208418 20190810025837 ;
1 0.2536 -0.1287 0.4807 21.0112876 105.7208418 20190810025837 ;
1 0.1570 0.0370 0.2064 21.0112876 105.7208418 20190810025837 ;
1 -0.1054 -0.0453 0.3696 21.0112876 105.7208418 20190810025837 ;
1 0.5404 -0.0767 1.0872 21.0112876 105.7208418 20190810025837 ;
1 -0.2449 -0.0621 0.4153 21.0112876 105.7208418 20190810025837 ;
1 0.2632 0.0920 0.1004 21.0112876 105.7208418 20190810025837 ;
1 0.1752 -0.1421 0.5070 21.0112876 105.7208418 20190810025837 ;
1 0.0871 -0.2395 0.3959 21.0112876 105.7208418 20190810025837 ;
1 0.0433 -0.0041 -0.4819 21.0112876 105.7208418 20190810025837 ;
1 0.2703 -0.1373 -0.0715 21.0112876 105.7208418 20190810025837 ;
1 0.0453 -0.1251 0.3728 21.0112876 105.7208418 20190810025837 ;
1 -0.1693 -0.0276 -0.1616 21.0112876 105.7208418 20190810025837 ;
1 0.1824 -0.0536 -0.3267 21.0112876 105.7208418 20190810025837 ;
1 -0.0784 -0.0143 0.1610 21.0112876 105.7208418 20190810025837 ;
1 -0.2709 -0.0744 0.0839 21.0112876 105.7208418 20190810025837 ;
1 0.0156 -0.0469 -0.1787 21.0112876 105.7208418 20190810025837 ;
1 0.1901 -0.0529 -0.4500 21.0112876 105.7208418 20190810025837 ;
1 0.0829 -0.1489 -0.0628 21.0112876 105.7208418 20190810025837 ;
1 -0.0033 -0.1472 -0.1542 21.0112876 105.7208418 20190810025837 ;
1 0.1662 -0.2305 -0.0005 21.0112876 105.7208418 20190810025837 ;
1 0.0575 -0.1003 0.0583 21.0112876 105.7208418 20190810025837 ;
1 -0.1428 -0.1883 -0.0657 21.0112876 105.7208418 20190810025837 ;
1 0.3678 -0.1101 0.2445 21.0112876 105.7208418 20190810025837 ;
1 0.2615 -0.2967 0.9878 21.0112876 105.7208418 20190810025837 ;
1 0.2963 0.1889 0.7094 21.0112876 105.7208418 20190810025837 ;
1 0.1952 -0.2063 0.8723 21.0112876 105.7208418 20190810025837 ;
1 0.1609 -0.1338 0.9235 21.0112876 105.7208418 20190810025837 ;
1 -0.3241 -0.0230 -0.0281 21.0112876 105.7208418 20190810025837 ;
1 0.1637 -0.2669 -0.0016 21.0112876 105.7208418 20190810025837 ;
1 -0.0556 -0.0466 0.8050 21.0112876 105.7208418 20190810025837 ;
1 -0.1753 -0.0018 0.2060 21.0112983 105.7206257 20190810025837 ;
1 -0.0241 -0.2172 -0.1954 21.0112983 105.7206257 20190810025837 ;
1 -0.1611 -0.0912 -0.1020 21.0112983 105.7206257 20190810025837 ;
1 -0.1493 0.0005 -0.0808 21.0112983 105.7206257 20190810025837 ;
1 -0.1783 -0.2131 0.0393 21.0112983 105.7206257 20190810025837 ;
1 -0.0743 -0.1375 -0.0450 21.0112983 105.7206257 20190810025837 ;
1 -0.2687 -0.1243 -0.3166 21.0112983 105.7206257 20190810025837 ;
1 -0.1159 -0.0993 -0.2002 21.0112983 105.7206257 20190810025837 ;
1 -0.0317 -0.1153 0.0663 21.0112983 105.7206257 20190810025837 ;
1 -0.0065 -0.1949 0.3286 21.0112983 105.7206257 20190810025837 ;
1 -0.3761 -0.1288 0.1131 21.0112983 105.7206257 20190810025837 ;
1 -0.5757 -0.1024 -0.1134 21.0112983 105.7206257 20190810025837 ;
1 0.1126 0.0080 -0.2435 21.0112983 105.7206257 20190810025837 ;
1 -0.0415 -0.2039 -0.2184 21.0112983 105.7206257 20190810025838 ;
1 -0.3364 0.0253 -0.3613 21.0112983 105.7206257 20190810025838 ;
1 -0.3050 0.0000 0.1620 21.0112983 105.7206257 20190810025838 ;
1 -0.4533 0.1442 -0.0118 21.0112983 105.7206257 20190810025838 ;
1 -0.2375 -0.0918 -0.0194 21.0112983 105.7206257 20190810025838 ;
1 -0.6698 0.0840 -0.7460 21.0112983 105.7206257 20190810025838 ;
1 -0.3880 0.1047 -1.3305 21.0112983 105.7206257 20190810025838 ;
1 -0.1161 -0.0637 -0.7606 21.0112983 105.7206257 20190810025838 ;
1 -0.6580 0.0747 -0.8889 21.0112983 105.7206257 20190810025838 ;
1 -0.4250 0.0115 -1.3786 21.0112983 105.7206257 20190810025838 ;
1 -0.4978 0.1055 -1.0958 21.0112983 105.7206257 20190810025838 ;
1 -0.5831 0.0753 -0.8778 21.0112983 105.7206257 20190810025838 ;
1 -0.2261 0.1666 -1.7861 21.0112983 105.7206257 20190810025838 ;
1 -0.3742 -0.1824 -0.9853 21.0112983 105.7206257 20190810025838 ;
1 -0.3358 -0.2558 -0.8630 21.0112983 105.7206257 20190810025838 ;
1 -0.3206 -0.0326 -0.9772 21.0112983 105.7206257 20190810025838 ;
1 -0.4034 -0.2795 -0.4828 21.0112983 105.7206257 20190810025838 ;
1 -0.2624 -0.0213 -0.0023 21.0112983 105.7206257 20190810025838 ;
1 0.0064 0.0910 -0.5226 21.0112983 105.7206257 20190810025838 ;
1 -0.6144 -0.2314 0.6639 21.0112983 105.7206257 20190810025838 ;
1 -0.1113 -0.0454 0.5922 21.0112983 105.7206257 20190810025838 ;
1 -0.1428 -0.2892 0.6098 21.0112983 105.7206257 20190810025838 ;
1 -0.2169 -0.0558 1.1640 21.0112983 105.7206257 20190810025838 ;
1 -0.4755 -0.0937 1.6394 21.0112983 105.7206257 20190810025838 ;
1 -0.2925 -0.1315 0.8531 21.0112983 105.7206257 20190810025838 ;
1 0.0930 -0.0144 1.3630 21.0112983 105.7206257 20190810025838 ;
1 -0.7823 -0.4444 1.3561 21.0112983 105.7206257 20190810025838 ;
1 0.4812 0.1135 1.3226 21.0112983 105.7206257 20190810025838 ;
1 -0.2897 0.0095 1.0268 21.0112983 105.7206257 20190810025838 ;
1 -0.9672 -0.2773 1.2068 21.0112983 105.7206257 20190810025838 ;
1 0.1629 0.1999 0.2870 21.0112983 105.7206257 20190810025838 ;
1 -0.2102 -0.1173 0.1273 21.0112983 105.7206257 20190810025838 ;
1 -0.2768 -0.2103 0.6485 21.0112983 105.7206257 20190810025838 ;
1 -0.6803 0.2191 -0.5995 21.0112983 105.7206257 20190810025838 ;
1 -0.3564 -0.1620 -0.4984 21.0112983 105.7206257 20190810025838 ;
1 -0.5521 0.0391 -0.5837 21.0113065 105.7204143 20190810025838 ;
1 -0.4296 0.0346 -0.8869 21.0113065 105.7204143 20190810025838 ;
1 -0.5386 0.0155 -1.0196 21.0113065 105.7204143 20190810025838 ;
1 -0.3355 -0.1263 -0.5514 21.0113065 105.7204143 20190810025838 ;
1 -0.6198 0.1410 -1.2368 21.0113065 105.7204143 20190810025838 ;
1 -0.3116 -0.0179 -1.0518 21.0113065 105.7204143 20190810025838 ;
1 -0.4156 0.0302 -0.7947 21.0113065 105.7204143 20190810025838 ;
1 -0.5861 -0.0805 -1.1275 21.0113065 105.7204143 20190810025838 ;
1 -0.2544 -0.0451 -1.2576 21.0113065 105.7204143 20190810025838 ;
1 -0.3528 0.1527 -1.0379 21.0113065 105.7204143 20190810025838 ;
1 -0.0848 -0.0381 -0.5923 21.0113065 105.7204143 20190810025838 ;
1 -0.4555 -0.0863 -0.5635 21.0113065 105.7204143 20190810025838 ;
1 -0.2774 -0.0646 -0.7255 21.0113065 105.7204143 20190810025838 ;
1 -0.2472 0.0289 -0.5433 21.0113065 105.7204143 20190810025838 ;
1 -0.1343 -0.0312 -0.2563 21.0113065 105.7204143 20190810025838 ;
1 -0.2564 -0.0637 -0.1793 21.0113065 105.7204143 20190810025838 ;
1 -0.0023 -0.0668 -0.0367 21.0113065 105.7204143 20190810025838 ;
1 -0.0802 0.0255 0.1113 21.0113065 105.7204143 20190810025839 ;
1 -0.3243 0.0415 0.1015 21.0113065 105.7204143 20190810025839 ;
1 0.0444 -0.0673 0.1990 21.0113065 105.7204143 20190810025839 ;
1 -0.0486 0.0753 -0.0229 21.0113065 105.7204143 20190810025839 ;
1 -0.2743 0.0019 -0.0135 21.0113065 105.7204143 20190810025839 ;
1 -0.0689 -0.0932 0.4991 21.0113065 105.7204143 20190810025839 ;
1 -0.0857 0.0191 0.5177 21.0113065 105.7204143 20190810025839 ;
1 -0.2481 0.0747 -0.0985 21.0113065 105.7204143 20190810025839 ;
1 -0.1723 0.0012 -0.2951 21.0113065 105.7204143 20190810025839 ;
1 -0.2259 -0.0976 0.1505 21.0113065 105.7204143 20190810025839 ;
1 -0.3106 0.0412 0.0094 21.0113065 105.7204143 20190810025839 ;
1 -0.2290 -0.0310 -0.1177 21.0113065 105.7204143 20190810025839 ;
1 -0.4137 0.0346 0.1230 21.0113065 105.7204143 20190810025839 ;
1 -0.8969 -0.0232 -0.2482 21.0113065 105.7204143 20190810025839 ;
1 0.4408 -0.1027 -0.3720 21.0113065 105.7204143 20190810025839 ;
1 -0.6370 -0.0438 -0.2158 21.0113065 105.7204143 20190810025839 ;
1 -0.3245 0.0886 -0.0234 21.0113065 105.7204143 20190810025839 ;
1 -0.5565 -0.1320 0.0539 21.0113065 105.7204143 20190810025839 ;
1 -0.0810 -0.1763 0.6763 21.0113065 105.7204143 20190810025839 ;
1 -0.4880 0.1112 -0.0474 21.0113065 105.7204143 20190810025839 ;
1 -0.1134 -0.0345 -0.0604 21.0113065 105.7204143 20190810025839 ;
1 0.0810 -0.1324 0.7100 21.0113065 105.7204143 20190810025839 ;
1 -0.3669 0.1043 0.3228 21.0113065 105.7204143 20190810025839 ;
1 -0.0713 -0.0882 0.4247 21.0113065 105.7204143 20190810025839 ;
1 -0.1055 0.0675 0.5852 21.0113065 105.7204143 20190810025839 ;
1 0.4402 0.0291 0.7848 21.0113065 105.7204143 20190810025839 ;
1 -0.1303 -0.0956 0.5770 21.0113065 105.7204143 20190810025839 ;
1 0.0523 0.0021 0.5088 21.0113065 105.7204143 20190810025839 ;
1 0.3277 0.0022 0.3092 21.0113065 105.7204143 20190810025839 ;
1 0.2284 -0.0681 0.6055 21.0113065 105.7204143 20190810025839 ;
1 0.2028 -0.0309 0.4111 21.0113065 105.7204143 20190810025839 ;
1 0.0053 -0.0119 0.2397 21.0113065 105.7204143 20190810025839 ;
1 0.0860 0.0746 0.1794 21.0113105 105.7202013 20190810025839 ;
1 0.1325 0.0783 0.4882 21.0113105 105.7202013 20190810025839 ;
1 -0.1983 -0.0984 0.2541 21.0113105 105.7202013 20190810025839 ;
1 0.0717 0.1643 -0.1937 21.0113105 105.7202013 20190810025839 ;
1 -0.0838 0.0155 0.0565 21.0113105 105.7202013 20190810025839 ;
1 -0.6223 -0.1262 -0.0360 21.0113105 105.7202013 20190810025839 ;
1 0.0185 0.1547 -0.5386 21.0113105 105.7202013 20190810025839 ;
1 -0.1751 -0.0651 -0.7775 21.0113105 105.7202013 20190810025839 ;
1 -0.0972 -0.0368 -0.4591 21.0113105 105.7202013 20190810025839 ;
1 -0.3933 -0.0978 -0.3417 21.0113105 105.7202013 20190810025839 ;
1 0.0928 0.1396 -0.5584 21.0113105 105.7202013 20190810025839 ;
1 -0.3154 -0.1233 -0.4058 21.0113105 105.7202013 20190810025839 ;
1 -0.2416 -0.0329 -0.1014 21.0113105 105.7202013 20190810025839 ;
1 -0.2268 0.0674 -0.7431 21.0113105 105.7202013 20190810025839 ;
1 0.2170 0.0723 -0.7542 21.0113105 105.7202013 20190810025839 ;
1 -0.2137 -0.1310 0.0661 21.0113105 105.7202013 20190810025839 ;
1 -0.0605 0.0952 -0.2551 21.0113105 105.7202013 20190810025839 ;
1 0.0576 -0.0024 -0.4403 21.0113105 105.7202013 20190810025840 ;
1 -0.2595 0.0020 -0.2570 21.0113105 105.7202013 20190810025840 ;
1 -0.2101 0.1148 -0.6516 21.0113105 105.7202013 20190810025840 ;
1 -0.0031 -0.0590 -0.6636 21.0113105 105.7202013 20190810025840 ;
1 0.0940 -0.0174 -0.3436 21.0113105 105.7202013 20190810025840 ;
1 -0.1627 0.1263 -0.4548 21.0113105 105.7202013 20190810025840 ;
1 -0.2333 -0.0442 -0.0065 21.0113105 105.7202013 20190810025840 ;
1 -0.0323 -0.1268 -0.1101 21.0113105 105.7202013 20190810025840 ;
1 -0.0378 -0.0445 -0.6403 21.0113105 105.7202013 20190810025840 ;
1 -0.1769 -0.0523 -0.5052 21.0113105 105.7202013 20190810025840 ;
1 -0.0628 -0.1401 0.1882 21.0113105 105.7202013 20190810025840 ;
1 -0.1765 -0.1533 0.3114 21.0113105 105.7202013 20190810025840 ;
1 -0.2080 0.0733 -0.0840 21.0113105 105.7202013 20190810025840 ;
1 -0.0897 -0.1946 0.4535 21.0113105 105.7202013 20190810025840 ;
1 -0.2915 -0.1699 1.2901 21.0113105 105.7202013 20190810025840 ;
1 0.0593 -0.1497 1.3835 21.0113105 105.7202013 20190810025840 ;
1 -0.3924 -0.2509 1.1600 21.0113105 105.7202013 20190810025840 ;
1 -0.1916 -0.0876 1.2581 21.0113105 105.7202013 20190810025840 ;
1 0.0426 -0.2676 1.2387 21.0113105 105.7202013 20190810025840 ;
1 0.0062 -0.3181 1.4022 21.0113105 105.7202013 20190810025840 ;
1 0.2292 0.1030 1.2231 21.0113105 105.7202013 20190810025840 ;
1 -0.1327 -0.1413 1.6066 21.0113105 105.7202013 20190810025840 ;
1 0.0392 0.0222 1.5197 21.0113105 105.7202013 20190810025840 ;
1 -0.1456 -0.0100 0.8781 21.0113105 105.7202013 20190810025840 ;
1 0.0139 0.0604 0.3574 21.0113105 105.7202013 20190810025840 ;
1 -0.0284 0.1065 0.5077 21.0113105 105.7202013 20190810025840 ;
1 -0.1516 0.0770 -0.0153 21.0113105 105.7202013 20190810025840 ;
1 0.1965 0.0001 -0.5971 21.0113105 105.7202013 20190810025840 ;
1 -0.3278 -0.0987 -0.5187 21.0113105 105.7202013 20190810025840 ;
1 0.0802 0.1794 -0.8254 21.0113105 105.7202013 20190810025840 ;
1 -0.0390 -0.0147 -1.0260 21.0113092 105.7199894 20190810025840 ;
1 -0.2188 -0.1663 -0.5874 21.0113092 105.7199894 20190810025840 ;
1 -0.2073 0.0162 -0.8922 21.0113092 105.7199894 20190810025840 ;
1 -0.0373 0.0876 -1.4974 21.0113092 105.7199894 20190810025840 ;
1 -0.3179 -0.1180 -0.8127 21.0113092 105.7199894 20190810025840 ;
1 -0.4033 -0.2260 -0.4545 21.0113092 105.7199894 20190810025840 ;
1 0.2260 0.0798 -1.0944 21.0113092 105.7199894 20190810025840 ;
1 -0.2893 -0.0134 -0.5221 21.0113092 105.7199894 20190810025840 ;
1 -0.2891 0.0314 -0.4625 21.0113092 105.7199894 20190810025840 ;
1 -0.5714 -0.3719 -0.4546 21.0113092 105.7199894 20190810025840 ;
1 0.0739 -0.2013 -0.3041 21.0113092 105.7199894 20190810025840 ;
1 -0.7504 0.0134 -0.1207 21.0113092 105.7199894 20190810025840 ;
1 -0.2261 -0.0817 0.3210 21.0113092 105.7199894 20190810025840 ;
1 -0.0455 -0.2195 0.3258 21.0113092 105.7199894 20190810025840 ;
1 -0.2568 -0.0044 -0.4394 21.0113092 105.7199894 20190810025840 ;
1 -0.3013 -0.1592 0.2194 21.0113092 105.7199894 20190810025840 ;
1 0.0905 -0.0364 1.0429 21.0113092 105.7199894 20190810025840 ;
1 -0.1892 0.0416 0.6975 21.0113092 105.7199894 20190810025840 ;
1 -0.0203 -0.1534 0.5924 21.0113092 105.7199894 20190810025840 ;
1 0.1293 0.0066 0.2692 21.0113092 105.7199894 20190810025841 ;
1 -0.2394 0.0904 -0.2359 21.0113092 105.7199894 20190810025841 ;
1 -0.0876 -0.0859 0.0828 21.0113092 105.7199894 20190810025841 ;
1 0.0362 0.0734 -0.2029 21.0113092 105.7199894 20190810025841 ;
1 -0.1937 -0.0869 -0.1970 21.0113092 105.7199894 20190810025841 ;
1 0.3127 0.0278 0.1945 21.0113092 105.7199894 20190810025841 ;
1 -0.1763 0.1432 -0.5960 21.0113092 105.7199894 20190810025841 ;
1 -0.3268 -0.0224 -0.5953 21.0113092 105.7199894 20190810025841 ;
1 -0.1053 -0.2754 -0.2883 21.0113092 105.7199894 20190810025841 ;
1 -0.4725 0.1393 -0.8592 21.0113092 105.7199894 20190810025841 ;
1 0.0159 -0.0491 -0.7970 21.0113092 105.7199894 20190810025841 ;
1 0.0530 -0.1706 -0.2555 21.0113092 105.7199894 20190810025841 ;
1 0.1379 0.0853 -0.5480 21.0113092 105.7199894 20190810025841 ;
1 0.2016 0.2771 -1.1519 21.0113092 105.7199894 20190810025841 ;
1 -0.1817 -0.1173 -0.6418 21.0113092 105.7199894 20190810025841 ;
1 -0.0101 -0.1147 0.1101 21.0113092 105.7199894 20190810025841 ;
1 -0.3652 0.0879 -0.2607 21.0113092 105.7199894 20190810025841 ;
1 0.1744 0.2590 -0.5269 21.0113092 105.7199894 20190810025841 ;
1 -0.1526 -0.1351 0.1893 21.0113092 105.7199894 20190810025841 ;
1 0.2112 -0.0959 -0.2373 21.0113092 105.7199894 20190810025841 ;
1 0.1770 0.1081 -1.0896 21.0113092 105.7199894 20190810025841 ;
1 -0.2546 0.0046 -0.3866 21.0113092 105.7199894 20190810025841 ;
1 0.0727 -0.0982 0.6151 21.0113092 105.7199894 20190810025841 ;
1 -0.7802 -0.0333 -0.0388 21.0113092 105.7199894 20190810025841 ;
1 -0.0348 -0.0131 0.0636 21.0113092 105.7199894 20190810025841 ;
1 0.3355 0.2121 0.2348 21.0113092 105.7199894 20190810025841 ;
1 0.2453 0.2870 -0.2556 21.0113092 105.7199894 20190810025841 ;
1 0.0984 -0.5941 1.2102 21.0113092 105.7199894 20190810025841 ;
1 0.4720 0.2197 -0.1483 21.0113092 105.7199894 20190810025841 ;
1 -0.5269 0.0254 -0.4660 21.0113092 105.7199894 20190810025841 ;
1 0.1640 -0.2111 1.0921 21.0113092 105.7199894 20190810025841 ;
1 0.2330 -0.0820 0.2522 21.0113092 105.7199894 20190810025841 ;
1 0.4629 0.3724 -1.0485 21.0113092 105.7199894 20190810025841 ;
1 0.4945 -0.3093 1.4878 21.0113068 105.7197784 20190810025841 ;
1 -0.1113 0.1343 1.3111 21.0113068 105.7197784 20190810025841 ;
1 0.1689 -0.1550 0.4192 21.0113068 105.7197784 20190810025841 ;
1 -0.2145 -0.0128 -0.0600 21.0113068 105.7197784 20190810025841 ;
1 0.3212 0.1776 -0.3294 21.0113068 105.7197784 20190810025841 ;
1 0.0456 -0.3937 0.5269 21.0113068 105.7197784 20190810025841 ;
1 0.5525 0.1574 0.6094 21.0113068 105.7197784 20190810025841 ;
1 0.2088 0.2328 0.0811 21.0113068 105.7197784 20190810025841 ;
1 0.0754 -0.1298 0.9513 21.0113068 105.7197784 20190810025841 ;
1 0.3288 -0.1168 0.5773 21.0113068 105.7197784 20190810025841 ;
1 0.0251 0.0584 -0.5186 21.0113068 105.7197784 20190810025841 ;
1 1.1338 -0.0597 0.4592 21.0113068 105.7197784 20190810025841 ;
1 0.6119 0.0616 0.9604 21.0113068 105.7197784 20190810025841 ;
1 -0.0066 0.2193 -0.4951 21.0113068 105.7197784 20190810025841 ;
1 -0.2729 -0.1584 -0.1200 21.0113068 105.7197784 20190810025841 ;
1 -0.0496 -0.0435 1.0346 21.0113068 105.7197784 20190810025841 ;
1 0.4726 0.0995 0.4150 21.0113068 105.7197784 20190810025841 ;
1 0.8945 0.3610 0.0894 21.0113068 105.7197784 20190810025842 ;
1 0.1385 -0.3099 0.6812 21.0113068 105.7197784 20190810025842 ;
1 0.2952 -0.0096 -0.7107 21.0113068 105.7197784 20190810025842 ;
1 -0.0679 0.0377 -1.1848 21.0113068 105.7197784 20190810025842 ;
1 0.1594 -0.0435 1.0374 21.0113068 105.7197784 20190810025842 ;
1 0.0382 0.0632 0.5171 21.0113068 105.7197784 20190810025842 ;
1 0.6974 -0.1579 -0.4385 21.0113068 105.7197784 20190810025842 ;
1 0.5516 0.2234 -0.4383 21.0113068 105.7197784 20190810025842 ;
1 0.1347 0.0580 -0.3224 21.0113068 105.7197784 20190810025842 ;
1 0.3273 -0.0309 -0.4588 21.0113068 105.7197784 20190810025842 ;
1 0.6171 0.0696 -0.5258 21.0113068 105.7197784 20190810025842 ;
1 -0.2881 -0.2409 -0.1960 21.0113068 105.7197784 20190810025842 ;
1 -0.0141 0.1680 0.0007 21.0113068 105.7197784 20190810025842 ;
1 0.4225 0.2639 -0.9216 21.0113068 105.7197784 20190810025842 ;
1 -0.2940 -0.1188 -0.6302 21.0113068 105.7197784 20190810025842 ;
1 0.4644 -0.0381 0.0540 21.0113068 105.7197784 20190810025842 ;
1 0.3621 -0.1313 -0.0905 21.0113068 105.7197784 20190810025842 ;
1 -0.0929 -0.1152 0.3795 21.0113068 105.7197784 20190810025842 ;
1 0.2541 -0.0138 0.1073 21.0113068 105.7197784 20190810025842 ;
1 0.3074 0.0033 -0.8245 21.0113068 105.7197784 20190810025842 ;
1 0.5849 -0.0506 -0.5429 21.0113068 105.7197784 20190810025842 ;
1 0.0163 -0.0192 0.6251 21.0113068 105.7197784 20190810025842 ;
1 0.7943 0.1183 0.9248 21.0113068 105.7197784 20190810025842 ;
1 0.0482 -0.0602 1.0225 21.0113068 105.7197784 20190810025842 ;
1 0.1729 0.0948 0.8201 21.0113068 105.7197784 20190810025842 ;
1 -0.1196 0.0079 -0.2160 21.0113068 105.7197784 20190810025842 ;
1 0.5734 0.1163 -0.4473 21.0113068 105.7197784 20190810025842 ;
1 -0.6540 -0.0759 -0.8218 21.0113068 105.7197784 20190810025842 ;
1 -0.0610 0.1171 -0.5750 21.0113068 105.7197784 20190810025842 ;
1 0.3290 -0.1102 0.0779 21.0113068 105.7197784 20190810025842 ;
1 -0.0988 0.1555 -0.0236 21.0113068 105.7197784 20190810025842 ;
1 -0.2085 0.1087 -0.7442 21.0113049 105.7195751 20190810025842 ;
1 -0.4543 -0.2305 -0.5337 21.0113049 105.7195751 20190810025842 ;
1 0.0229 -0.1411 -0.4245 21.0113049 105.7195751 20190810025842 ;
1 -0.2034 -0.0011 -1.1569 21.0113049 105.7195751 20190810025842 ;
1 -0.0945 -0.0093 -0.5394 21.0113049 105.7195751 20190810025842 ;
1 -0.1317 -0.0487 0.0657 21.0113049 105.7195751 20190810025842 ;
1 0.0579 -0.1270 -0.0581 21.0113049 105.7195751 20190810025842 ;
1 -0.5152 -0.0183 -0.3056 21.0113049 105.7195751 20190810025842 ;
1 -0.0005 0.1851 -0.1696 21.0113049 105.7195751 20190810025842 ;
1 0.0506 -0.0489 0.2861 21.0113049 105.7195751 20190810025842 ;
1 -0.5128 -0.2509 0.3037 21.0113049 105.7195751 20190810025842 ;
1 0.3465 0.1731 -0.4028 21.0113049 105.7195751 20190810025842 ;
1 -0.4418 0.0007 -0.3919 21.0113049 105.7195751 20190810025842 ;
1 0.0500 -0.0285 0.3962 21.0113049 105.7195751 20190810025842 ;
1 0.1514 -0.0637 -0.1230 21.0113049 105.7195751 20190810025842 ;
1 -0.1559 -0.0362 -0.4355 21.0113049 105.7195751 20190810025842 ;
1 0.2982 -0.0784 0.6487 21.0113049 105.7195751 20190810025842 ;
1 -0.0646 -0.0515 0.4411 21.0113049 105.7195751 20190810025842 ;
1 0.0864 0.0661 -0.3336 21.0113049 105.7195751 20190810025843 ;
1 -0.0251 -0.1434 -0.0921 21.0113049 105.7195751 20190810025843 ;
1 0.1175 -0.0682 0.4870 21.0113049 105.7195751 20190810025843 ;
1 -0.1595 -0.0315 0.7361 21.0113049 105.7195751 20190810025843 ;
1 0.4073 0.0067 0.8906 21.0113049 105.7195751 20190810025843 ;
1 -0.4008 -0.0573 0.4271 21.0113049 105.7195751 20190810025843 ;
1 -0.0656 -0.2496 0.3479 21.0113049 105.7195751 20190810025843 ;
1 0.1377 0.0846 0.0365 21.0113049 105.7195751 20190810025843 ;
1 -0.2510 -0.2238 0.2050 21.0113049 105.7195751 20190810025843 ;
1 -0.1830 -0.2528 1.1204 21.0113049 105.7195751 20190810025843 ;
1 -0.0946 0.0584 0.5993 21.0113049 105.7195751 20190810025843 ;
1 0.1040 0.1773 -0.1017 21.0113049 105.7195751 20190810025843 ;
1 -0.7647 -0.3958 1.0220 21.0113049 105.7195751 20190810025843 ;
1 -0.2369 0.1320 0.4655 21.0113049 105.7195751 20190810025843 ;
1 0.0465 0.6154 -1.9071 21.0113049 105.7195751 20190810025843 ;
1 0.4939 -0.7620 0.9877 21.0113049 105.7195751 20190810025843 ;
1 -0.4411 0.2145 0.6483 21.0113049 105.7195751 20190810025843 ;
1 0.1512 0.5851 -1.7175 21.0113049 105.7195751 20190810025843 ;
1 0.1344 -0.2486 -0.7808 21.0113049 105.7195751 20190810025843 ;
1 -0.2072 -0.3031 0.7876 21.0113049 105.7195751 20190810025843 ;
1 0.2577 0.2151 -1.6450 21.0113049 105.7195751 20190810025843 ;
1 0.2879 -0.2349 -1.3961 21.0113049 105.7195751 20190810025843 ;
1 0.5384 -0.0318 1.0254 21.0113049 105.7195751 20190810025843 ;
1 0.5010 0.1770 -1.0454 21.0113049 105.7195751 20190810025843 ;
1 -0.3621 -0.2699 -1.5010 21.0113049 105.7195751 20190810025843 ;
1 0.8579 0.1231 0.4226 21.0113049 105.7195751 20190810025843 ;
1 -0.2087 -0.2673 0.7514 21.0113049 105.7195751 20190810025843 ;
1 -0.0330 0.1550 -0.0064 21.0113049 105.7195751 20190810025843 ;
1 0.1492 -0.2488 0.1357 21.0113049 105.7195751 20190810025843 ;
1 -0.0214 0.0497 -0.7052 21.0113049 105.7195751 20190810025843 ;
1 0.3398 -0.0665 -0.3089 21.0113049 105.7195751 20190810025843 ;
1 -0.2006 -0.1192 -0.4365 21.0113049 105.7195751 20190810025843 ;
1 -0.0098 -0.2189 -0.1470 21.0113049 105.7195751 20190810025843 ;
1 -0.1107 -0.0340 -0.3184 21.0112939 105.7193596 20190810025843 ;
1 0.4007 -0.1272 0.0079 21.0112939 105.7193596 20190810025843 ;
1 -0.6622 -0.4197 0.1982 21.0112939 105.7193596 20190810025843 ;
1 0.3303 0.0589 -0.0815 21.0112939 105.7193596 20190810025843 ;
1 0.2811 -0.1663 -0.3980 21.0112939 105.7193596 20190810025843 ;
1 -0.3269 -0.3138 0.5702 21.0112939 105.7193596 20190810025843 ;
1 0.0662 -0.0963 0.8193 21.0112939 105.7193596 20190810025843 ;
1 0.2726 0.0247 0.2038 21.0112939 105.7193596 20190810025843 ;
1 -0.0498 -0.1810 0.8652 21.0112939 105.7193596 20190810025843 ;
1 0.0875 -0.0052 0.7760 21.0112939 105.7193596 20190810025843 ;
1 0.2459 0.0096 -0.1246 21.0112939 105.7193596 20190810025843 ;
1 -0.1006 -0.0554 0.0025 21.0112939 105.7193596 20190810025843 ;
1 -0.0267 0.0877 -0.0689 21.0112939 105.7193596 20190810025843 ;
1 0.3401 -0.0264 -0.3651 21.0112939 105.7193596 20190810025843 ;
1 0.2784 -0.2004 -0.2044 21.0112939 105.7193596 20190810025843 ;
1 0.0349 -0.1311 -0.4507 21.0112939 105.7193596 20190810025843 ;
1 0.2801 0.0502 -0.8675 21.0112939 105.7193596 20190810025844 ;
1 0.2893 -0.3434 -0.4463 21.0112939 105.7193596 20190810025844 ;
1 0.1400 -0.2183 -0.2400 21.0112939 105.7193596 20190810025844 ;
1 0.2961 -0.0941 -0.3885 21.0112939 105.7193596 20190810025844 ;
1 0.1542 -0.0970 -0.4754 21.0112939 105.7193596 20190810025844 ;
1 0.2216 -0.1555 0.2190 21.0112939 105.7193596 20190810025844 ;
1 0.2497 -0.2087 0.4598 21.0112939 105.7193596 20190810025844 ;
1 0.0769 -0.0969 0.2495 21.0112939 105.7193596 20190810025844 ;
1 0.2738 -0.3558 1.0868 21.0112939 105.7193596 20190810025844 ;
1 -0.0663 -0.2695 1.4590 21.0112939 105.7193596 20190810025844 ;
1 0.3876 0.0381 0.6199 21.0112939 105.7193596 20190810025844 ;
1 0.1809 -0.4101 1.1386 21.0112939 105.7193596 20190810025844 ;
1 -0.0983 -0.1034 1.1540 21.0112939 105.7193596 20190810025844 ;
1 0.0554 0.2840 -0.2844 21.0112939 105.7193596 20190810025844 ;
1 0.4985 -0.2805 0.7699 21.0112939 105.7193596 20190810025844 ;
1 -0.1627 0.0070 0.7921 21.0112939 105.7193596 20190810025844 ;
1 0.5336 0.2838 -0.6636 21.0112939 105.7193596 20190810025844 ;
1 0.2239 -0.3036 -0.2112 21.0112939 105.7193596 20190810025844 ;
1 0.1364 -0.1428 -0.0770 21.0112939 105.7193596 20190810025844 ;
1 0.3060 0.1661 -1.6091 21.0112939 105.7193596 20190810025844 ;
1 0.1042 -0.2079 -1.4771 21.0112939 105.7193596 20190810025844 ;
1 0.1760 0.0403 -0.4897 21.0112939 105.7193596 20190810025844 ;
1 0.1030 0.0566 -1.1277 21.0112939 105.7193596 20190810025844 ;
1 0.3493 -0.1561 -1.0305 21.0112939 105.7193596 20190810025844 ;
1 0.1433 -0.2213 -0.0520 21.0112939 105.7193596 20190810025844 ;
1 0.2311 -0.1417 0.0286 21.0112939 105.7193596 20190810025844 ;
1 -0.1221 -0.0741 -1.3079 21.0112939 105.7193596 20190810025844 ;
1 0.0500 -0.1937 -1.4843 21.0112939 105.7193596 20190810025844 ;
1 0.1630 -0.0675 -0.7956 21.0112939 105.7193596 20190810025844 ;
1 0.6269 0.0579 0.0072 21.0112939 105.7193596 20190810025844 ;
1 -0.1654 -0.0159 0.4313 21.0112939 105.7193596 20190810025844 ;
1 0.2197 -0.0385 1.1898 21.0112939 105.7193596 20190810025844 ;
1 -0.2115 -0.0238 0.2346 21.0112924 105.7191533 20190810025844 ;
1 -0.0774 -0.1379 -0.5821 21.0112924 105.7191533 20190810025844 ;
1 0.1765 -0.0961 -0.3248 21.0112924 105.7191533 20190810025844 ;
1 0.2789 -0.0293 -0.3284 21.0112924 105.7191533 20190810025844 ;
1 0.2277 -0.2784 0.4672 21.0112924 105.7191533 20190810025844 ;
1 -0.0316 -0.0170 0.2793 21.0112924 105.7191533 20190810025844 ;
1 0.1639 -0.0531 0.0067 21.0112924 105.7191533 20190810025844 ;
1 0.3710 -0.1151 0.2436 21.0112924 105.7191533 20190810025844 ;
1 0.1726 -0.3029 0.9649 21.0112924 105.7191533 20190810025844 ;
1 0.2890 -0.0634 0.6167 21.0112924 105.7191533 20190810025844 ;
1 -0.0905 -0.1504 0.4907 21.0112924 105.7191533 20190810025844 ;
1 0.2686 -0.0781 0.4112 21.0112924 105.7191533 20190810025844 ;
1 0.6080 0.0073 0.4491 21.0112924 105.7191533 20190810025844 ;
1 -0.1418 -0.1193 0.2129 21.0112924 105.7191533 20190810025844 ;
1 0.3831 -0.1776 0.7618 21.0112924 105.7191533 20190810025844 ;
1 0.4496 -0.0662 0.7661 21.0112924 105.7191533 20190810025844 ;
1 0.1173 0.0042 0.5659 21.0112924 105.7191533 20190810025845 ;
1 -0.0923 -0.0807 -0.7066 21.0112924 105.7191533 20190810025845 ;
1 0.6438 -0.3189 0.4791 21.0112924 105.7191533 20190810025845 ;
1 0.1391 -0.0109 0.3374 21.0112924 105.7191533 20190810025845 ;
1 -0.0754 -0.1076 0.1011 21.0112924 105.7191533 20190810025845 ;
1 0.2540 -0.2754 0.6196 21.0112924 105.7191533 20190810025845 ;
1 0.1757 -0.0820 0.5203 21.0112924 105.7191533 20190810025845 ;
1 0.3241 -0.1287 -0.3482 21.0112924 105.7191533 20190810025845 ;
1 -0.1702 -0.3338 0.4350 21.0112924 105.7191533 20190810025845 ;
1 0.4668 0.0597 0.4049 21.0112924 105.7191533 20190810025845 ;
1 -0.0981 -0.0543 0.0015 21.0112924 105.7191533 20190810025845 ;
1 0.1870 -0.2362 0.2518 21.0112924 105.7191533 20190810025845 ;
1 0.0911 -0.1462 0.4764 21.0112924 105.7191533 20190810025845 ;
1 0.3084 -0.2620 0.9292 21.0112924 105.7191533 20190810025845 ;
1 -0.2837 -0.0750 0.3497 21.0112924 105.7191533 20190810025845 ;
1 -0.5119 -0.1168 -0.8080 21.0112924 105.7191533 20190810025845 ;
1 0.9215 -0.4835 0.1426 21.0112924 105.7191533 20190810025845 ;
1 -0.0825 0.0199 -0.3517 21.0112924 105.7191533 20190810025845 ;
1 0.5648 0.1807 -0.7730 21.0112924 105.7191533 20190810025845 ;
1 -0.0077 -0.2841 0.4344 21.0112924 105.7191533 20190810025845 ;
1 0.3835 -0.1092 0.3458 21.0112924 105.7191533 20190810025845 ;
1 -0.8031 -0.0089 -0.7469 21.0112924 105.7191533 20190810025845 ;
1 0.5460 0.0604 -0.6437 21.0112924 105.7191533 20190810025845 ;
1 0.8215 -0.3668 -0.1867 21.0112924 105.7191533 20190810025845 ;
1 0.0200 -0.1377 -0.7272 21.0112924 105.7191533 20190810025845 ;
1 0.4858 -0.2399 -1.5588 21.0112924 105.7191533 20190810025845 ;
1 0.8346 -0.1551 -1.6357 21.0112924 105.7191533 20190810025845 ;
1 0.1858 -0.2525 0.0897 21.0112924 105.7191533 20190810025845 ;
1 0.2319 -0.2054 0.2208 21.0112924 105.7191533 20190810025845 ;
1 0.2468 -0.1249 -0.6061 21.0112924 105.7191533 20190810025845 ;
1 0.4848 -0.2847 -0.0538 21.0112924 105.7191533 20190810025845 ;
1 0.1595 -0.0774 0.3684 21.0112924 105.7191533 20190810025845 ;
1 0.3633 -0.1555 -0.5402 21.0112924 105.7191533 20190810025845 ;
1 0.5064 -0.3336 -0.2838 21.0112924 105.7191533 20190810025845 ;
1 0.2062 -0.4118 0.9323 21.0112852 105.7189426 20190810025845 ;
1 -0.1516 0.1174 0.5033 21.0112852 105.7189426 20190810025845 ;
1 -0.2713 0.0285 0.0862 21.0112852 105.7189426 20190810025845 ;
1 0.1896 -0.2336 -0.0192 21.0112852 105.7189426 20190810025845 ;
1 -0.4322 -0.0479 -0.7583 21.0112852 105.7189426 20190810025845 ;
1 -0.0883 -0.1752 -0.1788 21.0112852 105.7189426 20190810025845 ;
1 0.0269 -0.3437 0.6396 21.0112852 105.7189426 20190810025845 ;
1 -0.4518 -0.0207 -0.4802 21.0112852 105.7189426 20190810025845 ;
1 -0.1388 -0.2376 -0.5138 21.0112852 105.7189426 20190810025845 ;
1 -0.1927 -0.4036 -0.5513 21.0112852 105.7189426 20190810025845 ;
1 -0.1789 -0.1918 -0.7959 21.0112852 105.7189426 20190810025845 ;
1 -0.0932 -0.1396 -0.7786 21.0112852 105.7189426 20190810025845 ;
1 -0.1614 -0.5826 1.2561 21.0112852 105.7189426 20190810025845 ;
1 -0.0890 0.0195 0.1565 21.0112852 105.7189426 20190810025845 ;
1 -0.2385 -0.3493 -0.0219 21.0112852 105.7189426 20190810025845 ;
1 -0.0078 -0.1827 0.5565 21.0112852 105.7189426 20190810025845 ;
1 0.1139 -0.0655 -0.0003 21.0112852 105.7189426 20190810025845 ;
1 0.1697 -0.2515 0.1839 21.0112852 105.7189426 20190810025845 ;
1 -0.0813 -0.1906 0.8738 21.0112852 105.7189426 20190810025846 ;
1 0.0894 -0.2106 0.5802 21.0112852 105.7189426 20190810025846 ;
1 0.2670 -0.1570 0.4145 21.0112852 105.7189426 20190810025846 ;
1 -0.2245 -0.0638 0.0477 21.0112852 105.7189426 20190810025846 ;
1 0.1519 -0.0089 -0.4974 21.0112852 105.7189426 20190810025846 ;
1 0.0785 -0.2614 -0.4450 21.0112852 105.7189426 20190810025846 ;
1 0.0396 -0.2178 -0.1389 21.0112852 105.7189426 20190810025846 ;
1 -0.2437 -0.1578 -0.1568 21.0112852 105.7189426 20190810025846 ;
1 -0.1442 0.0502 -0.5311 21.0112852 105.7189426 20190810025846 ;
1 0.0535 -0.3533 -0.4045 21.0112852 105.7189426 20190810025846 ;
1 -0.5638 -0.2989 -0.9209 21.0112852 105.7189426 20190810025846 ;
1 0.1050 -0.1117 -1.3313 21.0112852 105.7189426 20190810025846 ;
1 0.1744 -0.1170 -0.6137 21.0112852 105.7189426 20190810025846 ;
1 -0.3809 -0.2388 -0.0695 21.0112852 105.7189426 20190810025846 ;
1 -0.2697 -0.0128 -0.6624 21.0112852 105.7189426 20190810025846 ;
1 -0.2846 0.1066 -0.7679 21.0112852 105.7189426 20190810025846 ;
1 -0.0878 -0.2197 -0.0024 21.0112852 105.7189426 20190810025846 ;
1 -0.4345 0.1162 -0.8264 21.0112852 105.7189426 20190810025846 ;
1 0.3845 0.0332 -0.9314 21.0112852 105.7189426 20190810025846 ;
1 -0.2858 -0.1799 -0.4520 21.0112852 105.7189426 20190810025846 ;
1 0.0632 0.0763 -0.3101 21.0112852 105.7189426 20190810025846 ;
1 -0.5335 -0.1915 -0.4207 21.0112852 105.7189426 20190810025846 ;
1 0.2748 0.0753 -0.0651 21.0112852 105.7189426 20190810025846 ;
1 -0.3307 -0.1153 -0.4611 21.0112852 105.7189426 20190810025846 ;
1 -0.0613 -0.2639 0.2495 21.0112852 105.7189426 20190810025846 ;
1 0.2234 -0.1426 0.4818 21.0112852 105.7189426 20190810025846 ;
1 0.0028 0.0468 0.0762 21.0112852 105.7189426 20190810025846 ;
1 -0.1852 -0.2981 0.5828 21.0112852 105.7189426 20190810025846 ;
1 -0.0173 -0.2829 1.2131 21.0112852 105.7189426 20190810025846 ;
1 -0.0219 0.1880 0.4800 21.0112767 105.7187359 20190810025846 ;
1 -0.2608 -0.1823 0.7454 21.0112767 105.7187359 20190810025846 ;
1 0.1362 -0.2849 1.9893 21.0112767 105.7187359 20190810025846 ;
1 0.3415 0.2069 1.3028 21.0112767 105.7187359 20190810025846 ;
1 -0.2135 -0.0283 0.6410 21.0112767 105.7187359 20190810025846 ;
1 0.0156 0.1046 0.5474 21.0112767 105.7187359 20190810025846 ;
1 0.3338 0.1483 0.0645 21.0112767 105.7187359 20190810025846 ;
1 0.2507 0.0893 0.1199 21.0112767 105.7187359 20190810025846 ;
1 0.1118 -0.1428 0.3789 21.0112767 105.7187359 20190810025846 ;
1 -0.3123 0.1347 -0.1531 21.0112767 105.7187359 20190810025846 ;
1 0.5525 0.3138 -0.5961 21.0112767 105.7187359 20190810025846 ;
1 -0.4873 -0.5429 0.1698 21.0112767 105.7187359 20190810025846 ;
1 0.0960 0.0305 -0.4023 21.0112767 105.7187359 20190810025846 ;
1 0.4768 0.2510 -1.0507 21.0112767 105.7187359 20190810025846 ;
1 0.1325 -0.1025 -0.1699 21.0112767 105.7187359 20190810025846 ;
1 -0.6444 -0.2402 0.0802 21.0112767 105.7187359 20190810025846 ;
1 0.4453 0.0306 -0.5545 21.0112767 105.7187359 20190810025846 ;
1 -0.0247 -0.2972 0.6306 21.0112767 105.7187359 20190810025846 ;
1 -0.1657 0.0694 1.0385 21.0112767 105.7187359 20190810025846 ;
1 -0.1774 -0.1011 0.6535 21.0112767 105.7187359 20190810025847 ;
1 0.4055 -0.3034 0.7114 21.0112767 105.7187359 20190810025847 ;
1 0.2097 -0.0266 0.1197 21.0112767 105.7187359 20190810025847 ;
1 0.0305 0.1777 0.3007 21.0112767 105.7187359 20190810025847 ;
1 0.1623 -0.3240 2.4386 21.0112767 105.7187359 20190810025847 ;
1 0.0744 0.1015 1.4367 21.0112767 105.7187359 20190810025847 ;
1 -0.1074 0.1259 0.1603 21.0112767 105.7187359 20190810025847 ;
1 0.2738 -0.1244 1.1366 21.0112767 105.7187359 20190810025847 ;
1 0.3525 0.4418 0.6833 21.0112767 105.7187359 20190810025847 ;
1 0.0558 -0.0620 0.1656 21.0112767 105.7187359 20190810025847 ;
1 -0.1214 -0.0320 -0.0943 21.0112767 105.7187359 20190810025847 ;
1 0.2017 0.0473 -0.3321 21.0112767 105.7187359 20190810025847 ;
1 -0.2110 0.1428 -0.5676 21.0112767 105.7187359 20190810025847 ;
1 -0.1122 0.1422 -0.4980 21.0112767 105.7187359 20190810025847 ;
1 0.2400 0.1099 -1.1450 21.0112767 105.7187359 20190810025847 ;
1 -0.1551 0.0412 -0.8888 21.0112767 105.7187359 20190810025847 ;
1 -0.1023 0.1367 -0.9758 21.0112767 105.7187359 20190810025847 ;
1 0.1649 0.1310 -1.5165 21.0112767 105.7187359 20190810025847 ;
1 -0.0430 0.1473 -1.4458 21.0112767 105.7187359 20190810025847 ;
1 0.2393 0.0875 -1.3683 21.0112767 105.7187359 20190810025847 ;
1 -0.1628 0.1354 -1.5236 21.0112767 105.7187359 20190810025847 ;
1 0.0071 0.1610 -1.4909 21.0112767 105.7187359 20190810025847 ;
1 0.1921 0.1454 -1.5610 21.0112767 105.7187359 20190810025847 ;
1 -0.3621 0.0686 -1.6945 21.0112767 105.7187359 20190810025847 ;
1 0.0135 -0.0281 -1.1681 21.0112767 105.7187359 20190810025847 ;
1 0.1465 -0.0341 -0.6474 21.0112767 105.7187359 20190810025847 ;
1 0.2273 0.1909 -0.6714 21.0112767 105.7187359 20190810025847 ;
1 -0.3461 0.0704 -1.1583 21.0112767 105.7187359 20190810025847 ;
1 -0.1486 -0.2470 -0.1975 21.0112767 105.7187359 20190810025847 ;
1 -0.1101 -0.0459 0.0635 21.0112767 105.7187359 20190810025847 ;
1 -0.1497 0.1412 -0.2445 21.0112767 105.7187359 20190810025847 ;
1 -0.0450 -0.1450 0.9375 21.0112767 105.7187359 20190810025847 ;
1 -0.2769 0.0133 1.4517 21.0112698 105.7185387 20190810025847 ;
1 0.0718 0.1998 0.7515 21.0112698 105.7185387 20190810025847 ;
1 -0.0602 -0.1177 0.8280 21.0112698 105.7185387 20190810025847 ;
1 -0.3768 -0.0351 1.7206 21.0112698 105.7185387 20190810025847 ;
1 0.0860 0.2640 0.4804 21.0112698 105.7185387 20190810025847 ;
1 0.0204 -0.0638 0.6617 21.0112698 105.7185387 20190810025847 ;
1 0.1806 0.0942 1.2240 21.0112698 105.7185387 20190810025847 ;
1 -0.2090 0.0624 0.6098 21.0112698 105.7185387 20190810025847 ;
1 0.1769 0.0750 0.5466 21.0112698 105.7185387 20190810025847 ;
1 0.4429 0.1234 0.5025 21.0112698 105.7185387 20190810025847 ;
1 -0.0715 0.0435 -0.0682 21.0112698 105.7185387 20190810025847 ;
1 0.0105 -0.2358 0.3024 21.0112698 105.7185387 20190810025847 ;
1 0.1817 0.0295 0.3360 21.0112698 105.7185387 20190810025847 ;
1 -0.0981 0.2809 -0.1606 21.0112698 105.7185387 20190810025847 ;
1 0.2720 -0.1304 0.6354 21.0112698 105.7185387 20190810025847 ;
1 -0.0722 -0.0755 0.7318 21.0112698 105.7185387 20190810025847 ;
1 0.2821 0.2419 0.0389 21.0112698 105.7185387 20190810025847 ;
1 0.0118 -0.0358 0.2875 21.0112698 105.7185387 20190810025847 ;
1 0.2410 0.0176 1.5283 21.0112698 105.7185387 20190810025848 ;
1 -0.1941 0.0458 0.6731 21.0112698 105.7185387 20190810025848 ;
1 0.1024 0.0765 -0.5058 21.0112698 105.7185387 20190810025848 ;
1 -0.0041 -0.2063 0.7633 21.0112698 105.7185387 20190810025848 ;
1 0.1352 0.0517 0.8828 21.0112698 105.7185387 20190810025848 ;
1 -0.0620 -0.1764 0.8271 21.0112698 105.7185387 20190810025848 ;
1 0.1955 -0.2426 1.4771 21.0112698 105.7185387 20190810025848 ;
1 -0.0154 0.0371 1.1241 21.0112698 105.7185387 20190810025848 ;
1 -0.0694 -0.2046 0.5417 21.0112698 105.7185387 20190810025848 ;
1 -0.1779 -0.2220 0.9348 21.0112698 105.7185387 20190810025848 ;
1 0.0545 0.0273 1.1149 21.0112698 105.7185387 20190810025848 ;
1 -0.0606 -0.0909 1.2530 21.0112698 105.7185387 20190810025848 ;
1 -0.0271 -0.0784 1.9130 21.0112698 105.7185387 20190810025848 ;
1 0.1167 0.0533 1.3977 21.0112698 105.7185387 20190810025848 ;
1 0.2768 -0.0536 0.9282 21.0112698 105.7185387 20190810025848 ;
1 -0.0854 -0.0020 0.2422 21.0112698 105.7185387 20190810025848 ;
1 -0.0318 0.1226 -0.3125 21.0112698 105.7185387 20190810025848 ;
1 0.3185 0.2739 -0.8387 21.0112698 105.7185387 20190810025848 ;
1 0.0750 0.2864 -1.1729 21.0112698 105.7185387 20190810025848 ;
1 0.0036 -0.6463 1.5898 21.0112698 105.7185387 20190810025848 ;
1 -0.1239 0.9794 -1.5936 21.0112698 105.7185387 20190810025848 ;
1 0.1505 0.3376 -2.6888 21.0112698 105.7185387 20190810025848 ;
1 0.1560 -0.6900 -0.5521 21.0112698 105.7185387 20190810025848 ;
1 -0.3869 0.3740 -1.7164 21.0112698 105.7185387 20190810025848 ;
1 0.3239 0.6683 -4.2407 21.0112698 105.7185387 20190810025848 ;
1 0.1440 -0.3060 -1.5365 21.0112698 105.7185387 20190810025848 ;
1 -0.4298 -0.2716 0.1137 21.0112698 105.7185387 20190810025848 ;
1 -0.7167 0.4709 -3.9728 21.0112698 105.7185387 20190810025848 ;
1 0.7877 -0.2929 -2.8755 21.0112698 105.7185387 20190810025848 ;
1 0.0096 0.4536 -1.2824 21.0112698 105.7185387 20190810025848 ;
1 -0.5768 -0.0339 -2.1950 21.0112698 105.7185387 20190810025848 ;
1 0.2410 -0.1952 -2.1076 21.0112614 105.718342 20190810025848 ;
1 0.0092 0.3403 -1.8341 21.0112614 105.718342 20190810025848 ;
1 0.0840 -0.0164 -0.9430 21.0112614 105.718342 20190810025848 ;
1 -0.1800 0.2450 -0.6200 21.0112614 105.718342 20190810025848 ;
1 -0.0980 0.1885 -0.9737 21.0112614 105.718342 20190810025848 ;
1 0.2270 0.1468 -1.0400 21.0112614 105.718342 20190810025848 ;
1 -0.3157 0.1414 -0.3805 21.0112614 105.718342 20190810025848 ;
1 -0.2298 0.1202 -0.5045 21.0112614 105.718342 20190810025848 ;
1 0.1222 0.3059 -0.8296 21.0112614 105.718342 20190810025848 ;
1 -0.1587 0.1367 -0.4318 21.0112614 105.718342 20190810025848 ;
1 -0.0122 0.0550 -0.1315 21.0112614 105.718342 20190810025848 ;
1 -0.3586 0.1837 -0.6634 21.0112614 105.718342 20190810025848 ;
1 0.1611 0.2169 -0.6881 21.0112614 105.718342 20190810025848 ;
1 -0.2094 0.0878 -0.4176 21.0112614 105.718342 20190810025848 ;
1 0.0741 0.1181 0.0006 21.0112614 105.718342 20190810025848 ;
1 0.0431 0.1590 -0.1928 21.0112614 105.718342 20190810025848 ;
1 -0.0079 0.1133 0.2816 21.0112614 105.718342 20190810025848 ;
1 -0.0359 0.3121 -0.1491 21.0112614 105.718342 20190810025848 ;
1 -0.0557 0.2362 -0.1738 21.0112614 105.718342 20190810025848 ;
1 0.1713 1.5767 -3.6614 21.0112614 105.718342 20190810025848 ;
1 0.7060 -1.0951 1.0624 21.0112614 105.718342 20190810025849 ;
1 -0.1386 0.1076 1.6970 21.0112614 105.718342 20190810025849 ;
1 -0.7499 2.1038 -2.9212 21.0112614 105.718342 20190810025849 ;
1 0.5835 -0.2132 -1.7689 21.0112614 105.718342 20190810025849 ;
1 0.0863 -0.8254 1.5784 21.0112614 105.718342 20190810025849 ;
1 -1.2435 0.8894 -3.6977 21.0112614 105.718342 20190810025849 ;
1 1.9477 1.2118 -4.4748 21.0112614 105.718342 20190810025849 ;
1 -1.2350 -0.9002 2.1732 21.0112614 105.718342 20190810025849 ;
1 -0.5458 0.5214 0.4702 21.0112614 105.718342 20190810025849 ;
1 -0.2882 0.2971 -3.2870 21.0112614 105.718342 20190810025849 ;
1 0.3655 -0.0202 -1.9007 21.0112614 105.718342 20190810025849 ;
1 0.0245 0.5776 1.0247 21.0112614 105.718342 20190810025849 ;
1 -0.9031 -0.2190 0.0565 21.0112614 105.718342 20190810025849 ;
1 0.2877 -0.0086 -0.0710 21.0112614 105.718342 20190810025849 ;
1 0.7344 0.1620 1.2862 21.0112614 105.718342 20190810025849 ;
1 -0.4022 -0.1113 2.0837 21.0112614 105.718342 20190810025849 ;
1 -0.5655 0.1237 2.0615 21.0112614 105.718342 20190810025849 ;
1 0.6376 0.0265 1.8047 21.0112614 105.718342 20190810025849 ;
1 0.3159 -0.2202 2.7638 21.0112614 105.718342 20190810025849 ;
1 -0.3449 0.0078 3.3796 21.0112614 105.718342 20190810025849 ;
1 0.2620 0.1631 3.0354 21.0112614 105.718342 20190810025849 ;
1 0.0933 0.1215 3.3695 21.0112614 105.718342 20190810025849 ;
1 -0.1317 0.1309 3.1969 21.0112614 105.718342 20190810025849 ;
1 -0.3220 0.1095 2.7201 21.0112614 105.718342 20190810025849 ;
1 0.0721 0.3115 2.7577 21.0112614 105.718342 20190810025849 ;
1 -0.1846 0.2942 2.3564 21.0112614 105.718342 20190810025849 ;
1 0.0161 0.3469 1.4343 21.0112614 105.718342 20190810025849 ;
1 -0.2704 0.1528 1.1009 21.0112614 105.718342 20190810025849 ;
1 -0.0497 0.2766 0.3304 21.0112614 105.718342 20190810025849 ;
1 -0.0063 0.3339 -0.6046 21.0112522 105.7181366 20190810025849 ;
1 -0.1944 0.0922 -0.5987 21.0112522 105.7181366 20190810025849 ;
1 0.1318 0.2939 -0.3664 21.0112522 105.7181366 20190810025849 ;
1 -0.2387 0.4106 -1.3653 21.0112522 105.7181366 20190810025849 ;
1 0.0138 0.0305 -0.9567 21.0112522 105.7181366 20190810025849 ;
1 0.1846 0.1837 -0.9266 21.0112522 105.7181366 20190810025849 ;
1 -0.1195 0.2216 -1.4005 21.0112522 105.7181366 20190810025849 ;
1 0.0688 0.2303 -1.4866 21.0112522 105.7181366 20190810025849 ;
1 0.0862 0.1075 -1.4026 21.0112522 105.7181366 20190810025849 ;
1 0.2616 0.0397 -1.3279 21.0112522 105.7181366 20190810025849 ;
1 -0.1712 -0.0123 -1.3033 21.0112522 105.7181366 20190810025849 ;
1 0.1829 0.2036 -1.0270 21.0112522 105.7181366 20190810025849 ;
1 -0.2091 0.0912 -0.5976 21.0112522 105.7181366 20190810025849 ;
1 -0.0041 -0.0737 -0.2141 21.0112522 105.7181366 20190810025849 ;
1 -0.0285 -0.0373 -0.2297 21.0112522 105.7181366 20190810025849 ;
1 0.1479 0.0302 -0.2571 21.0112522 105.7181366 20190810025849 ;
1 0.1554 0.0849 -0.0147 21.0112522 105.7181366 20190810025849 ;
1 -0.0972 0.0087 0.4451 21.0112522 105.7181366 20190810025849 ;
1 -0.0020 -0.0609 0.9126 21.0112522 105.7181366 20190810025849 ;
1 -0.1675 -0.0811 0.8059 21.0112522 105.7181366 20190810025850 ;
1 0.1529 -0.0730 1.1095 21.0112522 105.7181366 20190810025850 ;
1 -0.0036 0.0631 0.8320 21.0112522 105.7181366 20190810025850 ;
1 0.2337 -0.0813 0.9099 21.0112522 105.7181366 20190810025850 ;
1 0.1649 -0.0646 0.9165 21.0112522 105.7181366 20190810025850 ;
1 0.1120 -0.0249 0.7383 21.0112522 105.7181366 20190810025850 ;
1 0.0074 -0.0288 0.7708 21.0112522 105.7181366 20190810025850 ;
1 0.2043 0.0239 0.9068 21.0112522 105.7181366 20190810025850 ;
1 0.0534 -0.2189 0.6086 21.0112522 105.7181366 20190810025850 ;
1 0.0924 -0.2607 0.1917 21.0112522 105.7181366 20190810025850 ;
1 -0.2089 -0.1306 0.0983 21.0112522 105.7181366 20190810025850 ;
1 -0.0132 0.0767 -0.1846 21.0112522 105.7181366 20190810025850 ;
1 -0.0556 0.0151 -0.2147 21.0112522 105.7181366 20190810025850 ;
1 -0.0871 -0.0743 -0.1235 21.0112522 105.7181366 20190810025850 ;
1 -0.0914 0.0618 -0.1950 21.0112522 105.7181366 20190810025850 ;
1 -0.0178 0.0757 -0.2690 21.0112522 105.7181366 20190810025850 ;
1 -0.2106 -0.0477 -0.4139 21.0112522 105.7181366 20190810025850 ;
1 -0.3021 -0.0747 -0.4440 21.0112522 105.7181366 20190810025850 ;
1 -0.0227 -0.0157 -0.7176 21.0112522 105.7181366 20190810025850 ;
1 0.0513 0.0928 -0.8243 21.0112522 105.7181366 20190810025850 ;
1 0.1451 -0.0812 -0.3577 21.0112522 105.7181366 20190810025850 ;
1 0.1377 0.0936 -0.5112 21.0112522 105.7181366 20190810025850 ;
1 -0.1304 0.2249 -1.2058 21.0112522 105.7181366 20190810025850 ;
1 -0.0537 -0.4255 0.0249 21.0112522 105.7181366 20190810025850 ;
1 0.1007 0.2634 -0.4387 21.0112522 105.7181366 20190810025850 ;
1 -0.0095 0.1596 -1.0005 21.0112522 105.7181366 20190810025850 ;
1 0.7418 -0.0419 -0.3892 21.0112522 105.7181366 20190810025850 ;
1 -0.0989 -0.2507 0.0505 21.0112522 105.7181366 20190810025850 ;
1 0.3923 0.2601 -1.4040 21.0112522 105.7181366 20190810025850 ;
1 -0.0939 -0.1131 -1.3772 21.0112522 105.7181366 20190810025850 ;
1 0.3387 -0.2210 0.8624 21.0112522 105.7181366 20190810025850 ;
1 0.0405 0.0917 -0.1048 21.0112441 105.7179403 20190810025850 ;
1 0.2425 -0.1275 -0.2790 21.0112441 105.7179403 20190810025850 ;
1 0.6161 -0.0030 0.4808 21.0112441 105.7179403 20190810025850 ;
1 -0.1016 -0.0772 0.1331 21.0112441 105.7179403 20190810025850 ;
1 0.2201 -0.0352 -0.0257 21.0112441 105.7179403 20190810025850 ;
1 -0.0866 -0.2321 0.5302 21.0112441 105.7179403 20190810025850 ;
1 0.4986 -0.1126 0.8696 21.0112441 105.7179403 20190810025850 ;
1 -0.2533 -0.1270 0.8088 21.0112441 105.7179403 20190810025850 ;
1 0.1659 -0.1405 1.0736 21.0112441 105.7179403 20190810025850 ;
1 -0.0593 -0.1511 1.0034 21.0112441 105.7179403 20190810025850 ;
1 0.1524 -0.2008 0.8522 21.0112441 105.7179403 20190810025850 ;
1 -0.0727 -0.1625 1.0016 21.0112441 105.7179403 20190810025850 ;
1 0.3441 0.1498 0.7553 21.0112441 105.7179403 20190810025850 ;
1 -0.0544 -0.3035 1.0296 21.0112441 105.7179403 20190810025850 ;
1 0.5040 0.0626 0.6610 21.0112441 105.7179403 20190810025850 ;
1 0.0274 0.0147 0.3235 21.0112441 105.7179403 20190810025850 ;
1 0.1935 -0.1571 1.6454 21.0112441 105.7179403 20190810025850 ;
1 0.0424 -0.1173 0.5737 21.0112441 105.7179403 20190810025851 ;
1 -0.0946 0.0497 -0.9851 21.0112441 105.7179403 20190810025851 ;
1 0.4894 0.1430 -0.6164 21.0112441 105.7179403 20190810025851 ;
1 0.0221 -0.1841 0.4385 21.0112441 105.7179403 20190810025851 ;
1 0.2178 0.0025 -0.4957 21.0112441 105.7179403 20190810025851 ;
1 0.3249 -0.0240 -0.8199 21.0112441 105.7179403 20190810025851 ;
1 -0.0502 -0.2445 0.0699 21.0112441 105.7179403 20190810025851 ;
1 -0.1760 -0.1449 -0.1322 21.0112441 105.7179403 20190810025851 ;
1 0.3024 -0.1415 -0.3399 21.0112441 105.7179403 20190810025851 ;
1 -0.1094 -0.1342 -0.0089 21.0112441 105.7179403 20190810025851 ;
1 0.0450 -0.0559 0.0914 21.0112441 105.7179403 20190810025851 ;
1 0.3835 -0.1693 -0.0332 21.0112441 105.7179403 20190810025851 ;
1 0.0588 -0.0637 0.1994 21.0112441 105.7179403 20190810025851 ;
1 -0.0951 0.0394 0.2828 21.0112441 105.7179403 20190810025851 ;
1 0.2010 -0.0706 0.3512 21.0112441 105.7179403 20190810025851 ;
1 0.0364 0.0421 0.1076 21.0112441 105.7179403 20190810025851 ;
1 0.1546 0.0298 0.1312 21.0112441 105.7179403 20190810025851 ;
1 0.2660 0.0083 -0.0414 21.0112441 105.7179403 20190810025851 ;
1 -0.0133 0.0302 -0.0480 21.0112441 105.7179403 20190810025851 ;
1 0.2436 -0.0042 -0.1129 21.0112441 105.7179403 20190810025851 ;
1 -0.2546 -0.0561 -0.1240 21.0112441 105.7179403 20190810025851 ;
1 0.3277 0.1506 -0.3778 21.0112441 105.7179403 20190810025851 ;
1 -0.0508 0.0299 -0.4913 21.0112441 105.7179403 20190810025851 ;
1 0.0312 -0.1295 0.0316 21.0112441 105.7179403 20190810025851 ;
1 0.1099 0.0213 -0.1559 21.0112441 105.7179403 20190810025851 ;
1 0.0686 -0.0982 -0.5820 21.0112441 105.7179403 20190810025851 ;
1 -0.0075 0.0124 -0.5142 21.0112441 105.7179403 20190810025851 ;
1 0.0515 0.0753 -0.3459 21.0112441 105.7179403 20190810025851 ;
1 0.1967 -0.0163 -0.2004 21.0112441 105.7179403 20190810025851 ;
1 0.0622 -0.1094 -0.2076 21.0112441 105.7179403 20190810025851 ;
1 -0.0882 0.0217 -0.1219 21.0112441 105.7179403 20190810025851 ;
1 0.0872 0.1620 -0.2697 21.0112441 105.7179403 20190810025851 ;
1 0.2976 -0.0953 0.0032 21.0112441 105.7179403 20190810025851 ;
1 -0.3256 -0.1467 0.0748 21.0112441 105.7179403 20190810025851 ;
1 0.2818 -0.0083 -0.0707 21.0112441 105.7179403 20190810025851 ;
1 -0.0998 -0.0584 0.2662 21.0112334 105.7177438 20190810025851 ;
1 0.3481 0.0877 0.4431 21.0112334 105.7177438 20190810025851 ;
1 -0.0329 -0.0454 0.1084 21.0112334 105.7177438 20190810025851 ;
1 0.0381 -0.0746 0.0871 21.0112334 105.7177438 20190810025851 ;
1 0.1755 0.0690 0.0531 21.0112334 105.7177438 20190810025851 ;
1 -0.0017 -0.0610 0.2579 21.0112334 105.7177438 20190810025851 ;
1 0.2761 0.0726 0.2220 21.0112334 105.7177438 20190810025851 ;
1 -0.1789 -0.1284 0.1088 21.0112334 105.7177438 20190810025851 ;
1 0.2550 -0.1700 0.4444 21.0112334 105.7177438 20190810025851 ;
1 -0.1352 0.0678 0.1603 21.0112334 105.7177438 20190810025851 ;
1 0.3067 0.1032 0.0221 21.0112334 105.7177438 20190810025851 ;
1 -0.0402 -0.1001 -0.1720 21.0112334 105.7177438 20190810025851 ;
1 0.0677 -0.0425 -0.0341 21.0112334 105.7177438 20190810025851 ;
1 0.0889 0.0910 -0.0934 21.0112334 105.7177438 20190810025851 ;
1 -0.1103 -0.1436 -0.0681 21.0112334 105.7177438 20190810025851 ;
1 0.0143 -0.1387 0.1009 21.0112334 105.7177438 20190810025851 ;
1 -0.0861 0.1019 0.1332 21.0112334 105.7177438 20190810025852 ;
1 -0.1338 -0.1109 -0.1336 21.0112334 105.7177438 20190810025852 ;
1 0.2046 -0.1287 -0.2069 21.0112334 105.7177438 20190810025852 ;
1 -0.4027 -0.1863 0.0221 21.0112334 105.7177438 20190810025852 ;
1 0.0697 -0.0707 0.1435 21.0112334 105.7177438 20190810025852 ;
1 0.0283 -0.1114 0.1317 21.0112334 105.7177438 20190810025852 ;
1 -0.0861 -0.1504 0.1011 21.0112334 105.7177438 20190810025852 ;
1 -0.0670 -0.1049 0.1615 21.0112334 105.7177438 20190810025852 ;
1 -0.1140 -0.1648 0.4129 21.0112334 105.7177438 20190810025852 ;
1 0.2250 0.0274 0.3455 21.0112334 105.7177438 20190810025852 ;
1 0.1362 -0.0657 0.3005 21.0112334 105.7177438 20190810025852 ;
1 -0.1208 -0.0658 0.1815 21.0112334 105.7177438 20190810025852 ;
1 0.1666 -0.0584 0.2191 21.0112334 105.7177438 20190810025852 ;
1 0.1209 -0.0406 0.0339 21.0112334 105.7177438 20190810025852 ;
1 0.1763 -0.0317 -0.0405 21.0112334 105.7177438 20190810025852 ;
1 -0.0914 -0.0909 0.0868 21.0112334 105.7177438 20190810025852 ;
1 0.1212 0.0102 -0.2349 21.0112334 105.7177438 20190810025852 ;
1 0.1064 -0.1242 -0.6230 21.0112334 105.7177438 20190810025852 ;
1 -0.1137 -0.0865 -0.3607 21.0112334 105.7177438 20190810025852 ;
1 -0.0974 -0.0229 -0.3408 21.0112334 105.7177438 20190810025852 ;
1 -0.1314 -0.0865 -0.5700 21.0112334 105.7177438 20190810025852 ;
1 0.0737 -0.1436 -0.3720 21.0112334 105.7177438 20190810025852 ;
1 -0.0678 -0.0869 -0.4140 21.0112334 105.7177438 20190810025852 ;
1 -0.0794 -0.1321 -0.3301 21.0112334 105.7177438 20190810025852 ;
1 0.0157 -0.0108 -0.5380 21.0112334 105.7177438 20190810025852 ;
1 -0.1532 -0.1231 -0.2112 21.0112334 105.7177438 20190810025852 ;
1 -0.1790 -0.2017 0.0271 21.0112334 105.7177438 20190810025852 ;
1 -0.1397 -0.0227 -0.2860 21.0112334 105.7177438 20190810025852 ;
1 -0.0238 -0.0822 -0.1709 21.0112334 105.7177438 20190810025852 ;
1 -0.0480 -0.0147 -0.0931 21.0112334 105.7177438 20190810025852 ;
1 0.1926 -0.1621 0.1933 21.0112334 105.7177438 20190810025852 ;
1 0.0891 -0.0762 -0.1298 21.011224 105.7175534 20190810025852 ;
1 -0.0638 -0.1487 -0.0131 21.011224 105.7175534 20190810025852 ;
1 -0.0561 -0.1975 0.5160 21.011224 105.7175534 20190810025852 ;
1 0.2668 -0.1294 0.4548 21.011224 105.7175534 20190810025852 ;
1 -0.1339 -0.2746 0.3886 21.011224 105.7175534 20190810025852 ;
1 0.1290 -0.1979 0.3940 21.011224 105.7175534 20190810025852 ;
1 0.1949 -0.4881 1.2744 21.011224 105.7175534 20190810025852 ;
1 0.0636 0.0379 0.6688 21.011224 105.7175534 20190810025852 ;
1 0.3974 -0.2830 0.9388 21.011224 105.7175534 20190810025852 ;
1 0.1066 -0.3825 1.4944 21.011224 105.7175534 20190810025852 ;
1 0.1787 -0.1746 0.9618 21.011224 105.7175534 20190810025852 ;
1 -0.3635 0.0061 0.3146 21.011224 105.7175534 20190810025852 ;
1 0.2952 -0.0973 0.8146 21.011224 105.7175534 20190810025852 ;
1 0.0768 -0.5593 1.7547 21.011224 105.7175534 20190810025852 ;
1 -0.3845 0.1562 -0.1860 21.011224 105.7175534 20190810025852 ;
1 0.3446 -0.2282 -0.0851 21.011224 105.7175534 20190810025852 ;
1 0.0643 -0.1655 0.2517 21.011224 105.7175534 20190810025852 ;
1 -0.3569 -0.3784 0.2785 21.011224 105.7175534 20190810025852 ;
1 0.0336 -0.1784 -0.4384 21.011224 105.7175534 20190810025852 ;
1 0.1280 -0.1119 -0.2229 21.011224 105.7175534 20190810025853 ;
1 -0.1033 -0.2209 -0.0889 21.011224 105.7175534 20190810025853 ;
1 -0.4154 -0.2631 -0.0474 21.011224 105.7175534 20190810025853 ;
1 0.1957 -0.2187 -0.2080 21.011224 105.7175534 20190810025853 ;
1 -0.2427 -0.1912 -0.0730 21.011224 105.7175534 20190810025853 ;
1 0.0107 -0.1527 -0.0993 21.011224 105.7175534 20190810025853 ;
1 -0.4254 -0.5075 0.4167 21.011224 105.7175534 20190810025853 ;
1 -0.1024 -0.2170 0.2570 21.011224 105.7175534 20190810025853 ;
1 0.1521 -0.1114 -0.3620 21.011224 105.7175534 20190810025853 ;
1 -0.6049 -0.4587 0.4426 21.011224 105.7175534 20190810025853 ;
1 0.1125 -0.2213 0.5775 21.011224 105.7175534 20190810025853 ;
1 -0.1382 -0.2703 0.1454 21.011224 105.7175534 20190810025853 ;
1 -0.1853 -0.3373 1.0203 21.011224 105.7175534 20190810025853 ;
1 0.0642 -0.1722 1.0816 21.011224 105.7175534 20190810025853 ;
1 -0.0914 -0.1335 0.4745 21.011224 105.7175534 20190810025853 ;
1 0.2337 -0.0252 0.5083 21.011224 105.7175534 20190810025853 ;
1 0.1371 -0.1331 0.2168 21.011224 105.7175534 20190810025853 ;
1 -0.4233 -0.1602 0.0937 21.011224 105.7175534 20190810025853 ;
1 0.3414 0.1167 0.1422 21.011224 105.7175534 20190810025853 ;
1 -0.0780 -0.0094 0.2199 21.011224 105.7175534 20190810025853 ;
1 -0.2283 -0.2526 0.5685 21.011224 105.7175534 20190810025853 ;
1 -0.1060 0.1956 -0.7950 21.011224 105.7175534 20190810025853 ;
1 0.0341 -0.0314 -0.7458 21.011224 105.7175534 20190810025853 ;
1 -0.2895 0.0263 -0.7028 21.011224 105.7175534 20190810025853 ;
1 -0.2312 -0.1169 -0.5508 21.011224 105.7175534 20190810025853 ;
1 -0.5716 -0.0681 -0.7426 21.011224 105.7175534 20190810025853 ;
1 -0.4363 -0.0630 -0.9645 21.011224 105.7175534 20190810025853 ;
1 -0.0352 0.0121 -0.9596 21.011224 105.7175534 20190810025853 ;
1 -0.4184 -0.0462 -0.7349 21.011224 105.7175534 20190810025853 ;
1 -0.4858 -0.2306 -0.0358 21.011224 105.7175534 20190810025853 ;
1 -0.1911 -0.0122 -0.7016 21.011224 105.7175534 20190810025853 ;
1 -0.4645 -0.2672 -0.3560 21.011224 105.7175534 20190810025853 ;
1 -0.3788 -0.0617 0.0883 21.011224 105.7175534 20190810025853 ;
1 -0.3603 0.1074 -0.3268 21.0112193 105.7173579 20190810025853 ;
1 0.0349 -0.3409 0.4459 21.0112193 105.7173579 20190810025853 ;
1 -0.6546 -0.3027 1.1915 21.0112193 105.7173579 20190810025853 ;
1 -0.1572 0.2276 0.0712 21.0112193 105.7173579 20190810025853 ;
1 -0.3705 -0.2889 0.6108 21.0112193 105.7173579 20190810025853 ;
1 0.0158 -0.0925 1.5074 21.0112193 105.7173579 20190810025853 ;
1 -0.1740 -0.0358 0.9562 21.0112193 105.7173579 20190810025853 ;
1 -0.3162 -0.0110 0.8336 21.0112193 105.7173579 20190810025853 ;
1 -0.1395 0.0392 1.1343 21.0112193 105.7173579 20190810025853 ;
1 -0.1909 0.0823 0.6808 21.0112193 105.7173579 20190810025853 ;
1 -0.3330 0.0006 0.2095 21.0112193 105.7173579 20190810025853 ;
1 -0.0302 -0.0203 0.2180 21.0112193 105.7173579 20190810025853 ;
1 -0.2147 0.0750 0.2442 21.0112193 105.7173579 20190810025853 ;
1 -0.1372 0.0856 -0.0823 21.0112193 105.7173579 20190810025853 ;
1 -0.2995 0.0002 -0.3070 21.0112193 105.7173579 20190810025854 ;
1 0.0004 0.1874 -0.3064 21.0112193 105.7173579 20190810025854 ;
1 -0.2811 0.0643 -0.3641 21.0112193 105.7173579 20190810025854 ;
1 -0.1567 0.0558 -0.7143 21.0112193 105.7173579 20190810025854 ;
1 -0.3180 -0.1113 -0.6711 21.0112193 105.7173579 20190810025854 ;
1 -0.1660 0.0551 -0.5971 21.0112193 105.7173579 20190810025854 ;
1 0.1740 0.1106 -0.8103 21.0112193 105.7173579 20190810025854 ;
1 -0.3594 -0.0927 -0.6445 21.0112193 105.7173579 20190810025854 ;
1 -0.3504 -0.1572 0.0309 21.0112193 105.7173579 20190810025854 ;
1 0.1430 0.0869 -0.3717 21.0112193 105.7173579 20190810025854 ;
1 -0.3824 0.0819 -0.5451 21.0112193 105.7173579 20190810025854 ;
1 -0.2169 -0.0358 0.2622 21.0112193 105.7173579 20190810025854 ;
1 -0.3078 -0.1638 0.5872 21.0112193 105.7173579 20190810025854 ;
1 0.2342 0.1431 0.4582 21.0112193 105.7173579 20190810025854 ;
1 -0.2668 -0.1069 0.6264 21.0112193 105.7173579 20190810025854 ;
1 -0.4445 -0.2423 1.2598 21.0112193 105.7173579 20190810025854 ;
1 0.4584 0.3176 0.4131 21.0112193 105.7173579 20190810025854 ;
1 -0.1265 0.0866 -0.1153 21.0112193 105.7173579 20190810025854 ;
1 -0.4340 -0.5181 1.5942 21.0112193 105.7173579 20190810025854 ;
1 -0.1769 0.0545 1.1869 21.0112193 105.7173579 20190810025854 ;
1 0.0124 0.4704 -0.2658 21.0112193 105.7173579 20190810025854 ;
1 -0.1901 -0.0201 0.6599 21.0112193 105.7173579 20190810025854 ;
1 0.0466 -0.2675 1.6394 21.0112193 105.7173579 20190810025854 ;
1 0.1027 0.3661 -0.5569 21.0112193 105.7173579 20190810025854 ;
1 0.0735 0.2931 -0.8405 21.0112193 105.7173579 20190810025854 ;
1 -0.3232 -0.3565 1.0820 21.0112193 105.7173579 20190810025854 ;
1 -0.3528 0.2248 0.2973 21.0112193 105.7173579 20190810025854 ;
1 -0.0278 0.3726 -1.1532 21.0112193 105.7173579 20190810025854 ;
1 0.3110 -0.0295 -0.6896 21.0112193 105.7173579 20190810025854 ;
1 -0.4451 0.0918 -0.5152 21.0112193 105.7173579 20190810025854 ;
1 0.3103 0.1434 -0.8778 21.0112193 105.7173579 20190810025854 ;
1 0.2409 0.1763 -0.6725 21.0112193 105.7173579 20190810025854 ;
1 -0.1791 0.1425 -0.4594 21.0112193 105.7173579 20190810025854 ;
1 -0.2589 -0.2025 -0.1805 21.0112193 105.7173579 20190810025854 ;
1 0.1938 0.0801 -0.4636 21.0112193 105.7173579 20190810025854 ;
1 0.2460 0.1694 -0.9443 21.0112055 105.7171723 20190810025854 ;
1 0.1874 0.2327 -0.9129 21.0112055 105.7171723 20190810025854 ;
1 -0.2261 -0.0854 -0.2264 21.0112055 105.7171723 20190810025854 ;
1 0.3466 0.0630 -0.0175 21.0112055 105.7171723 20190810025854 ;
1 -0.0259 0.2092 -0.5263 21.0112055 105.7171723 20190810025854 ;
1 -0.1378 -0.0059 0.6150 21.0112055 105.7171723 20190810025854 ;
1 0.3684 0.2461 0.6879 21.0112055 105.7171723 20190810025854 ;
1 0.2356 0.1006 0.0280 21.0112055 105.7171723 20190810025854 ;
1 0.0601 0.0470 -0.4783 21.0112055 105.7171723 20190810025854 ;
1 0.2372 0.0117 -0.2903 21.0112055 105.7171723 20190810025854 ;
1 0.0054 0.0773 0.0180 21.0112055 105.7171723 20190810025854 ;
1 0.5157 0.0894 0.5715 21.0112055 105.7171723 20190810025854 ;
1 -0.1317 -0.2074 1.1356 21.0112055 105.7171723 20190810025854 ;
1 0.2698 -0.1954 1.1429 21.0112055 105.7171723 20190810025854 ;
1 0.3922 -0.2183 0.8325 21.0112055 105.7171723 20190810025854 ;
1 0.0910 -0.4163 1.6284 21.0112055 105.7171723 20190810025855 ;
1 0.0533 -0.4860 2.3584 21.0112055 105.7171723 20190810025855 ;
1 0.4027 -0.6532 3.1099 21.0112055 105.7171723 20190810025855 ;
1 0.2083 -0.3195 3.2115 21.0112055 105.7171723 20190810025855 ;
1 0.0184 -0.1225 2.6811 21.0112055 105.7171723 20190810025855 ;
1 0.2446 -0.4167 3.3342 21.0112055 105.7171723 20190810025855 ;
1 0.2908 0.0958 3.1163 21.0112055 105.7171723 20190810025855 ;
1 0.0097 0.1544 2.9005 21.0112055 105.7171723 20190810025855 ;
1 -0.1005 0.1887 3.2292 21.0112055 105.7171723 20190810025855 ;
1 -0.2222 0.0811 3.0843 21.0112055 105.7171723 20190810025855 ;
1 -0.2673 0.3110 2.1597 21.0112055 105.7171723 20190810025855 ;
1 -0.0201 0.2609 0.1494 21.0112055 105.7171723 20190810025855 ;
1 1.1106 0.7588 -3.4997 21.0112055 105.7171723 20190810025855 ;
1 -0.9045 0.0689 -1.1602 21.0112055 105.7171723 20190810025855 ;
1 -0.4485 0.3793 -0.7944 21.0112055 105.7171723 20190810025855 ;
1 1.0026 0.9663 -4.6064 21.0112055 105.7171723 20190810025855 ;
1 -1.5868 -0.1701 -5.1131 21.0112055 105.7171723 20190810025855 ;
1 0.8306 0.0477 -2.0164 21.0112055 105.7171723 20190810025855 ;
1 -0.8021 0.3489 -4.3479 21.0112055 105.7171723 20190810025855 ;
1 0.6803 0.3492 -8.0245 21.0112055 105.7171723 20190810025855 ;
1 0.4525 0.2519 -4.5340 21.0112055 105.7171723 20190810025855 ;
1 -1.2372 -0.3361 -3.6506 21.0112055 105.7171723 20190810025855 ;
1 -0.6645 0.2999 -4.9792 21.0112055 105.7171723 20190810025855 ;
1 1.2765 0.4146 -4.4729 21.0112055 105.7171723 20190810025855 ;
1 -0.6980 -0.1454 -3.4410 21.0112055 105.7171723 20190810025855 ;
1 -1.0275 -0.0817 -2.2314 21.0112055 105.7171723 20190810025855 ;
1 0.3432 0.2462 -2.1986 21.0112055 105.7171723 20190810025855 ;
1 -0.0471 0.1670 -1.8332 21.0112055 105.7171723 20190810025855 ;
1 -0.8127 0.0857 -0.7150 21.0112055 105.7171723 20190810025855 ;
1 -0.3406 0.0804 -0.1574 21.0112055 105.7171723 20190810025855 ;
1 -0.4910 0.0977 -0.2666 21.0112055 105.7171723 20190810025855 ;
1 -0.0343 0.2733 -0.1587 21.0112055 105.7171723 20190810025855 ;
1 -0.1529 -0.0031 0.6037 21.0112055 105.7171723 20190810025855 ;
1 -0.5333 0.1401 0.9576 21.0112055 105.7171723 20190810025855 ;
1 -0.0745 0.1989 1.1434 21.0112055 105.7171723 20190810025855 ;
1 -0.4491 0.0474 1.4012 21.0111916 105.7169871 20190810025855 ;
1 -0.1666 0.1426 1.5131 21.0111916 105.7169871 20190810025855 ;
1 -0.4419 0.1360 1.6410 21.0111916 105.7169871 20190810025855 ;
1 -0.2524 0.2184 1.5709 21.0111916 105.7169871 20190810025855 ;
1 -0.2673 0.4916 0.7064 21.0111916 105.7169871 20190810025855 ;
1 -0.2678 0.2386 0.6455 21.0111916 105.7169871 20190810025855 ;
1 0.5775 0.8098 -0.9047 21.0111916 105.7169871 20190810025855 ;
1 -0.9333 0.0653 -0.7161 21.0111916 105.7169871 20190810025855 ;
1 0.6306 0.7891 -0.7652 21.0111916 105.7169871 20190810025855 ;
1 -0.6790 0.6867 -1.8342 21.0111916 105.7169871 20190810025855 ;
1 -0.0545 0.6910 -1.9899 21.0111916 105.7169871 20190810025855 ;
1 -0.3626 0.3288 -1.3088 21.0111916 105.7169871 20190810025855 ;
1 -0.0450 0.5162 -2.4815 21.0111916 105.7169871 20190810025855 ;
1 0.3611 0.8977 -4.0199 21.0111916 105.7169871 20190810025855 ;
1 -0.2160 0.1970 -2.9070 21.0111916 105.7169871 20190810025855 ;
1 -0.3312 0.4064 -2.3729 21.0111916 105.7169871 20190810025856 ;
1 -0.1675 0.2962 -3.0701 21.0111916 105.7169871 20190810025856 ;
1 0.0451 0.3464 -2.5559 21.0111916 105.7169871 20190810025856 ;
1 -0.1644 0.2501 -1.8540 21.0111916 105.7169871 20190810025856 ;
1 -0.2259 -0.1558 -0.9155 21.0111916 105.7169871 20190810025856 ;
1 -0.2277 0.1233 -0.7031 21.0111916 105.7169871 20190810025856 ;
1 -0.1362 0.0821 -0.0108 21.0111916 105.7169871 20190810025856 ;
1 -0.4289 -0.1022 1.5912 21.0111916 105.7169871 20190810025856 ;
1 -0.3857 -0.0136 2.1877 21.0111916 105.7169871 20190810025856 ;
1 -0.1930 -0.1070 2.2653 21.0111916 105.7169871 20190810025856 ;
1 -0.5839 -0.0404 3.0688 21.0111916 105.7169871 20190810025856 ;
1 -0.0970 0.0562 3.5955 21.0111916 105.7169871 20190810025856 ;
1 -0.4612 -0.1127 4.1295 21.0111916 105.7169871 20190810025856 ;
1 -0.1126 0.4166 3.8919 21.0111916 105.7169871 20190810025856 ;
1 -0.2506 0.4842 3.7254 21.0111916 105.7169871 20190810025856 ;
1 0.2352 0.1448 4.7996 21.0111916 105.7169871 20190810025856 ;
1 -0.3985 0.5455 3.9686 21.0111916 105.7169871 20190810025856 ;
1 -0.0868 0.7613 2.4695 21.0111916 105.7169871 20190810025856 ;
1 -0.0885 0.1385 2.5861 21.0111916 105.7169871 20190810025856 ;
1 0.0420 0.4120 1.5748 21.0111916 105.7169871 20190810025856 ;
1 -0.2815 0.5469 -0.4526 21.0111916 105.7169871 20190810025856 ;
1 0.3811 0.3057 -1.0191 21.0111916 105.7169871 20190810025856 ;
1 -0.2145 0.1719 -0.3477 21.0111916 105.7169871 20190810025856 ;
1 -0.0730 0.1299 -0.8735 21.0111916 105.7169871 20190810025856 ;
1 0.0030 0.3054 -1.9113 21.0111916 105.7169871 20190810025856 ;
1 -0.2118 0.0885 -1.2354 21.0111916 105.7169871 20190810025856 ;
1 0.0035 0.1297 -0.5960 21.0111916 105.7169871 20190810025856 ;
1 0.3314 0.3524 -1.6270 21.0111916 105.7169871 20190810025856 ;
1 0.0107 0.1281 -1.4240 21.0111916 105.7169871 20190810025856 ;
1 0.1281 0.1346 -0.2520 21.0111916 105.7169871 20190810025856 ;
1 0.0969 0.1451 -0.4415 21.0111916 105.7169871 20190810025856 ;
1 0.3244 0.4693 -0.9987 21.0111916 105.7169871 20190810025856 ;
1 -0.1339 0.1787 -0.3687 21.0111916 105.7169871 20190810025856 ;
1 0.2931 0.2739 -0.0636 21.0111728 105.7167929 20190810025856 ;
1 -0.0914 0.1218 -0.3618 21.0111728 105.7167929 20190810025856 ;
1 0.2742 0.2695 -0.1077 21.0111728 105.7167929 20190810025856 ;
1 -0.2098 0.5115 -0.6853 21.0111728 105.7167929 20190810025856 ;
1 0.0473 0.1416 0.6456 21.0111728 105.7167929 20190810025856 ;
1 -0.0057 -0.0580 1.4500 21.0111728 105.7167929 20190810025856 ;
1 -0.1545 0.2192 0.1345 21.0111728 105.7167929 20190810025856 ;
1 -0.4220 0.3132 -1.4290 21.0111728 105.7167929 20190810025856 ;
