1 -0.1688 0.0747 -0.3408 21.0070747 105.7602064 20190810025449 
1 -0.5356 0.1968 0.1750 21.0070747 105.7602064 20190810025449 
1 0.0438 0.1782 0.1252 21.0070747 105.7602064 20190810025449 
1 -0.2713 -0.0037 -0.1376 21.0070747 105.7602064 20190810025449 
1 -0.2281 0.1067 0.2441 21.0070747 105.7602064 20190810025449 
1 -0.0846 0.1755 0.4362 21.0070747 105.7602064 20190810025449 
1 -0.4262 0.1348 -0.0650 21.0070747 105.7602064 20190810025449 
1 -0.1734 0.0961 0.1462 21.0070747 105.7602064 20190810025449 
1 -0.3077 -0.0054 0.5638 21.0070747 105.7602064 20190810025449 
1 -0.2374 0.3042 -0.1716 21.0070747 105.7602064 20190810025449 
1 -0.1786 0.1208 0.0492 21.0070747 105.7602064 20190810025449 
1 -0.2549 0.1491 0.5393 21.0070747 105.7602064 20190810025449 
1 -0.1399 0.2140 0.1481 21.0070747 105.7602064 20190810025449 
1 -0.1948 0.0606 -0.0553 21.0070747 105.7602064 20190810025449 
1 -0.3179 0.1791 -0.0238 21.0070747 105.7602064 20190810025449 
1 -0.0006 0.0839 0.1107 21.0070747 105.7602064 20190810025449 
1 -0.2321 0.2039 -0.1793 21.0070747 105.7602064 20190810025449 
1 -0.3929 -0.0156 -0.1702 21.0070747 105.7602064 20190810025449 
1 -0.1405 0.0938 -0.1729 21.0070747 105.7602064 20190810025449 
1 -0.4371 0.0028 0.1804 21.0070747 105.7602064 20190810025449 
1 -0.2130 -0.0113 0.3724 21.0071179 105.7600236 20190810025449 
1 -0.2244 0.2182 0.1583 21.0071179 105.7600236 20190810025449 
1 -0.2645 -0.0775 0.9333 21.0071179 105.7600236 20190810025449 
1 -0.2751 -0.0183 0.9444 21.0071179 105.7600236 20190810025449 
1 0.0192 0.1465 0.2105 21.0071179 105.7600236 20190810025449 
1 -0.2888 0.0340 0.5954 21.0071179 105.7600236 20190810025449 
1 -0.3198 0.0364 1.2719 21.0071179 105.7600236 20190810025449 
1 -0.2356 0.0898 0.6762 21.0071179 105.7600236 20190810025449 
1 -0.3184 0.0415 0.4202 21.0071179 105.7600236 20190810025449 
1 -0.2154 0.2318 0.4726 21.0071179 105.7600236 20190810025449 
1 -0.6274 0.0710 0.3501 21.0071179 105.7600236 20190810025449 
1 -0.0386 0.2199 0.1000 21.0071179 105.7600236 20190810025449 
1 -0.1519 0.1514 -0.1274 21.0071179 105.7600236 20190810025449 
1 -0.7245 0.0727 -0.0194 21.0071179 105.7600236 20190810025449 
1 -0.4128 0.1400 -0.4482 21.0071179 105.7600236 20190810025449 
1 -0.2585 0.1711 -0.6191 21.0071179 105.7600236 20190810025450 
1 -0.3545 0.1410 -0.6350 21.0071179 105.7600236 20190810025450 
1 -0.4787 -0.0282 -0.5392 21.0071179 105.7600236 20190810025450 
1 -0.2694 0.0249 -0.7534 21.0071179 105.7600236 20190810025450 
1 -0.3259 0.0408 -0.8300 21.0071179 105.7600236 20190810025450 
1 -0.3760 0.2397 -0.6662 21.0071179 105.7600236 20190810025450 
1 -0.3799 -0.0585 -0.2862 21.0071179 105.7600236 20190810025450 
1 -0.3819 -0.0894 0.0368 21.0071179 105.7600236 20190810025450 
1 0.3805 0.2686 -0.3605 21.0071179 105.7600236 20190810025450 
1 -0.6232 -0.0974 -0.1596 21.0071179 105.7600236 20190810025450 
1 -0.4209 -0.0804 0.7416 21.0071179 105.7600236 20190810025450 
1 0.1409 0.2071 0.4225 21.0071179 105.7600236 20190810025450 
1 -0.1962 0.0476 0.2900 21.0071179 105.7600236 20190810025450 
1 -0.5896 -0.2047 0.8987 21.0071179 105.7600236 20190810025450 
1 0.1591 0.3284 0.0194 21.0071179 105.7600236 20190810025450 
1 -0.2755 0.1488 -0.0499 21.0071179 105.7600236 20190810025450 
1 -0.3339 -0.0784 0.9620 21.0071179 105.7600236 20190810025450 
1 -0.1018 0.0716 0.7429 21.0071179 105.7600236 20190810025450 
1 -0.3458 0.2196 -0.1955 21.0071179 105.7600236 20190810025450 
1 0.1773 0.2750 -0.2294 21.0071179 105.7600236 20190810025450 
1 -0.6594 -0.1767 0.0733 21.0071179 105.7600236 20190810025450 
1 -0.1813 0.0073 -0.1957 21.0071179 105.7600236 20190810025450 
1 -0.4127 0.1068 -0.6506 21.0071179 105.7600236 20190810025450 
1 -0.2308 0.0124 -0.3997 21.0071179 105.7600236 20190810025450 
1 -0.5182 -0.0394 0.0199 21.0071179 105.7600236 20190810025450 
1 0.2353 0.1689 -0.4145 21.0071179 105.7600236 20190810025450 
1 -0.3772 -0.0700 -0.4024 21.0071179 105.7600236 20190810025450 
1 -0.1240 0.0383 0.1885 21.0071179 105.7600236 20190810025450 
1 -0.5847 -0.1885 0.5687 21.0071179 105.7600236 20190810025450 
1 -0.0618 0.1489 0.3077 21.0071179 105.7600236 20190810025450 
1 0.0851 0.1877 -0.4263 21.0071179 105.7600236 20190810025450 
1 -0.2930 -0.2209 0.5042 21.0071179 105.7600236 20190810025450 
1 -0.1424 -0.0585 0.8258 21.0071179 105.7600236 20190810025450 
1 0.3218 0.2148 0.0486 21.0071179 105.7600236 20190810025450 
1 -0.1682 0.1654 0.2447 21.0071639 105.7598315 20190810025450 
1 0.2476 -0.1004 1.5332 21.0071639 105.7598315 20190810025450 
1 -0.3704 -0.0520 0.5058 21.0071639 105.7598315 20190810025450 
1 0.4704 0.2242 -0.6017 21.0071639 105.7598315 20190810025450 
1 0.5153 0.1708 -0.1784 21.0071639 105.7598315 20190810025450 
1 -0.0978 0.0207 0.7411 21.0071639 105.7598315 20190810025450 
1 0.2260 -0.0480 0.3957 21.0071639 105.7598315 20190810025450 
1 0.2565 0.1891 -0.2042 21.0071639 105.7598315 20190810025450 
1 0.3302 0.1166 0.2354 21.0071639 105.7598315 20190810025450 
1 -0.1818 -0.0024 0.1887 21.0071639 105.7598315 20190810025450 
1 0.6448 0.1179 -0.5038 21.0071639 105.7598315 20190810025450 
1 0.2765 0.0994 -0.9062 21.0071639 105.7598315 20190810025450 
1 0.2591 0.0701 -0.2400 21.0071639 105.7598315 20190810025450 
1 0.1213 -0.1209 0.8228 21.0071639 105.7598315 20190810025450 
1 -0.0335 0.3739 -0.3936 21.0071639 105.7598315 20190810025450 
1 0.2166 0.1429 -0.8001 21.0071639 105.7598315 20190810025450 
1 0.0315 -0.3246 0.1960 21.0071639 105.7598315 20190810025450 
1 0.3674 0.2502 -0.5152 21.0071639 105.7598315 20190810025450 
1 0.5360 0.1121 -1.1421 21.0071639 105.7598315 20190810025451 
1 0.0850 -0.2960 -0.0184 21.0071639 105.7598315 20190810025451 
1 0.3058 0.0202 -0.2947 21.0071639 105.7598315 20190810025451 
1 -0.1802 -0.1144 -1.0770 21.0071639 105.7598315 20190810025451 
1 0.1349 -0.2996 -0.2610 21.0071639 105.7598315 20190810025451 
1 0.4439 -0.1292 -0.1857 21.0071639 105.7598315 20190810025451 
1 0.0522 -0.0204 -0.5892 21.0071639 105.7598315 20190810025451 
1 0.1383 -0.2161 0.4019 21.0071639 105.7598315 20190810025451 
1 -0.0923 -0.1073 0.1864 21.0071639 105.7598315 20190810025451 
1 0.4441 0.0428 -0.1682 21.0071639 105.7598315 20190810025451 
1 -0.2809 -0.4050 0.7735 21.0071639 105.7598315 20190810025451 
1 0.1378 -0.1042 0.8834 21.0071639 105.7598315 20190810025451 
1 0.1777 -0.0924 0.2652 21.0071639 105.7598315 20190810025451 
1 0.2704 -0.2889 0.9612 21.0071639 105.7598315 20190810025451 
1 -0.0603 -0.1989 1.0339 21.0071639 105.7598315 20190810025451 
1 0.2461 -0.0610 0.3705 21.0071639 105.7598315 20190810025451 
1 0.2175 -0.1838 0.8136 21.0071639 105.7598315 20190810025451 
1 -0.0110 -0.2524 1.2732 21.0071639 105.7598315 20190810025451 
1 0.1844 -0.1095 0.6181 21.0071639 105.7598315 20190810025451 
1 0.2925 -0.1051 0.4154 21.0071639 105.7598315 20190810025451 
1 -0.0577 -0.2067 0.5876 21.0071639 105.7598315 20190810025451 
1 -0.0633 -0.2153 0.6388 21.0071639 105.7598315 20190810025451 
1 0.1496 -0.1016 -0.0035 21.0071639 105.7598315 20190810025451 
1 0.0608 -0.1726 0.0530 21.0071639 105.7598315 20190810025451 
1 -0.3017 -0.2852 0.8156 21.0071639 105.7598315 20190810025451 
1 0.2453 -0.0830 0.3934 21.0071639 105.7598315 20190810025451 
1 -0.0811 -0.2221 -0.3792 21.0071639 105.7598315 20190810025451 
1 -0.1132 -0.2295 0.0862 21.0071639 105.7598315 20190810025451 
1 0.2433 -0.1730 0.1072 21.0071639 105.7598315 20190810025451 
1 -0.1158 -0.3516 -0.0786 21.0071639 105.7598315 20190810025451 
1 0.2588 -0.0986 0.0879 21.0071639 105.7598315 20190810025451 
1 -0.2859 -0.3083 0.1111 21.0071639 105.7598315 20190810025451 
1 -0.0432 -0.2630 0.1667 21.0071639 105.7598315 20190810025451 
1 0.1539 -0.2135 -0.1360 21.0071639 105.7598315 20190810025451 
1 -0.0045 -0.3362 0.1567 21.0072023 105.7596307 20190810025451 
1 0.1819 -0.1135 0.0627 21.0072023 105.7596307 20190810025451 
1 0.0418 -0.4197 0.1912 21.0072023 105.7596307 20190810025451 
1 0.0237 -0.1795 -0.0117 21.0072023 105.7596307 20190810025451 
1 -0.0083 -0.1893 -0.3564 21.0072023 105.7596307 20190810025451 
1 0.0934 -0.2671 -0.1392 21.0072023 105.7596307 20190810025451 
1 -0.1764 -0.2552 0.2713 21.0072023 105.7596307 20190810025451 
1 0.2647 -0.2555 -0.0215 21.0072023 105.7596307 20190810025451 
1 -0.0523 -0.3518 -0.6753 21.0072023 105.7596307 20190810025451 
1 -0.0620 -0.7207 -0.5902 21.0072023 105.7596307 20190810025451 
1 -0.2432 -0.3597 -0.5200 21.0072023 105.7596307 20190810025451 
1 0.1227 -0.0954 -0.6053 21.0072023 105.7596307 20190810025451 
1 -0.1435 -0.7740 -0.2978 21.0072023 105.7596307 20190810025451 
1 -0.4668 -0.7090 -0.0386 21.0072023 105.7596307 20190810025451 
1 -0.0834 -0.0776 -0.6404 21.0072023 105.7596307 20190810025451 
1 0.1300 -0.2120 -0.5831 21.0072023 105.7596307 20190810025451 
1 -0.3022 -0.8228 0.0776 21.0072023 105.7596307 20190810025452 
1 -0.3805 -0.6033 -0.0053 21.0072023 105.7596307 20190810025452 
1 0.2179 0.0095 -0.3069 21.0072023 105.7596307 20190810025452 
1 -0.1831 -0.2298 0.2872 21.0072023 105.7596307 20190810025452 
1 0.0958 -0.3476 0.3117 21.0072023 105.7596307 20190810025452 
1 -0.3014 -0.6930 0.2986 21.0072023 105.7596307 20190810025452 
1 0.1895 -0.1393 -0.1541 21.0072023 105.7596307 20190810025452 
1 -0.3473 -0.1438 -0.3353 21.0072023 105.7596307 20190810025452 
1 -0.0038 -0.3845 0.1694 21.0072023 105.7596307 20190810025452 
1 0.0306 -0.4021 0.2148 21.0072023 105.7596307 20190810025452 
1 0.2451 -0.2799 -0.3486 21.0072023 105.7596307 20190810025452 
1 -0.1019 -0.3298 -0.2181 21.0072023 105.7596307 20190810025452 
1 -0.2868 -0.3458 -0.2836 21.0072023 105.7596307 20190810025452 
1 -0.0951 -0.2709 -0.6436 21.0072023 105.7596307 20190810025452 
1 0.0909 -0.3843 -0.2545 21.0072023 105.7596307 20190810025452 
1 -0.2640 -0.4826 0.3036 21.0072023 105.7596307 20190810025452 
1 0.1482 -0.2955 0.0871 21.0072023 105.7596307 20190810025452 
1 0.1309 -0.2093 -0.4569 21.0072023 105.7596307 20190810025452 
1 -0.0175 -0.3220 -0.2062 21.0072023 105.7596307 20190810025452 
1 -0.2448 -0.3634 0.1156 21.0072023 105.7596307 20190810025452 
1 0.4324 -0.3283 -0.1283 21.0072023 105.7596307 20190810025452 
1 -0.3167 -0.3479 0.0201 21.0072023 105.7596307 20190810025452 
1 0.3795 -0.1619 0.0008 21.0072023 105.7596307 20190810025452 
1 0.0333 -0.3515 -0.1849 21.0072023 105.7596307 20190810025452 
1 -0.0552 -0.2743 0.0924 21.0072023 105.7596307 20190810025452 
1 0.5230 -0.1499 -0.4204 21.0072023 105.7596307 20190810025452 
1 -0.5960 -0.4167 -0.4140 21.0072023 105.7596307 20190810025452 
1 0.2378 -0.2766 0.1459 21.0072023 105.7596307 20190810025452 
1 0.2649 -0.1480 -0.4339 21.0072023 105.7596307 20190810025452 
1 -0.1676 -0.5955 -0.1503 21.0072023 105.7596307 20190810025452 
1 0.1720 -0.2211 -0.2164 21.0072439 105.759439 20190810025452 
1 0.0054 -0.2828 -0.6827 21.0072439 105.759439 20190810025452 
1 -0.0748 -0.3825 -0.1514 21.0072439 105.759439 20190810025452 
1 -0.0105 -0.2338 0.0800 21.0072439 105.759439 20190810025452 
1 0.0963 -0.2865 -0.1518 21.0072439 105.759439 20190810025452 
1 0.0159 -0.3575 -0.2976 21.0072439 105.759439 20190810025452 
1 -0.0650 -0.3907 -0.0927 21.0072439 105.759439 20190810025452 
1 0.0388 -0.3670 0.0861 21.0072439 105.759439 20190810025452 
1 -0.1965 -0.3176 0.1275 21.0072439 105.759439 20190810025452 
1 0.1507 -0.4091 -0.1424 21.0072439 105.759439 20190810025452 
1 -0.2867 -0.4723 0.3111 21.0072439 105.759439 20190810025452 
1 -0.0460 -0.2945 0.4607 21.0072439 105.759439 20190810025452 
1 -0.0472 -0.3040 0.5299 21.0072439 105.759439 20190810025452 
1 -0.1051 -0.2150 0.4984 21.0072439 105.759439 20190810025452 
1 -0.2107 -0.2957 0.5564 21.0072439 105.759439 20190810025452 
1 0.0202 -0.3210 0.1823 21.0072439 105.759439 20190810025452 
1 0.1129 -0.1094 -0.1739 21.0072439 105.759439 20190810025452 
1 -0.0303 -0.2176 0.0939 21.0072439 105.759439 20190810025452 
1 -0.6081 -0.2896 0.4042 21.0072439 105.759439 20190810025452 
1 0.6257 -0.1229 0.1461 21.0072439 105.759439 20190810025453 
1 -0.2117 -0.1913 -0.3676 21.0072439 105.759439 20190810025453 
1 -0.1750 -0.3107 -0.3298 21.0072439 105.759439 20190810025453 
1 0.5742 0.1696 -1.0291 21.0072439 105.759439 20190810025453 
1 -0.0297 -0.3120 -0.5011 21.0072439 105.759439 20190810025453 
1 0.4766 -0.3207 0.1248 21.0072439 105.759439 20190810025453 
1 0.0878 -0.2399 -0.5237 21.0072439 105.759439 20190810025453 
1 0.4985 0.1345 -0.7812 21.0072439 105.759439 20190810025453 
1 0.3139 -0.2697 -0.0499 21.0072439 105.759439 20190810025453 
1 -0.0836 -0.4591 0.0184 21.0072439 105.759439 20190810025453 
1 0.4707 0.0043 -0.5001 21.0072439 105.759439 20190810025453 
1 0.5985 0.1605 -1.1146 21.0072439 105.759439 20190810025453 
1 -0.1629 -0.4410 0.7144 21.0072439 105.759439 20190810025453 
1 0.4196 0.0117 0.6294 21.0072439 105.759439 20190810025453 
1 0.0584 -0.1369 -0.6406 21.0072439 105.759439 20190810025453 
1 -0.2166 -0.1826 -0.0881 21.0072439 105.759439 20190810025453 
1 0.2350 -0.1254 0.3702 21.0072439 105.759439 20190810025453 
1 -0.2309 -0.0537 -0.6560 21.0072439 105.759439 20190810025453 
1 0.0390 -0.0595 -0.6527 21.0072439 105.759439 20190810025453 
1 -0.4169 -0.3542 -0.3480 21.0072439 105.759439 20190810025453 
1 0.0494 0.0181 -0.3522 21.0072439 105.759439 20190810025453 
1 -0.2774 -0.1996 -0.4545 21.0072439 105.759439 20190810025453 
1 0.1139 -0.0654 -0.4772 21.0072439 105.759439 20190810025453 
1 -0.3812 -0.3039 -0.3382 21.0072439 105.759439 20190810025453 
1 0.1903 -0.0969 -0.4994 21.0072439 105.759439 20190810025453 
1 -0.1225 -0.1449 -0.4445 21.0072439 105.759439 20190810025453 
1 0.0561 -0.2110 0.1344 21.0072439 105.759439 20190810025453 
1 0.0452 -0.0453 0.0901 21.0072439 105.759439 20190810025453 
1 0.3913 -0.0744 0.1834 21.0072439 105.759439 20190810025453 
1 -0.3047 -0.2499 0.4620 21.0072439 105.759439 20190810025453 
1 0.3477 0.0812 0.3926 21.0072439 105.759439 20190810025453 
1 0.3627 0.1145 -0.1013 21.0072439 105.759439 20190810025453 
1 0.1167 -0.1470 0.5298 21.0072831 105.75924 20190810025453 
1 0.2835 -0.2315 1.1577 21.0072831 105.75924 20190810025453 
1 0.2643 0.0755 0.0608 21.0072831 105.75924 20190810025453 
1 0.1424 0.0341 -0.0667 21.0072831 105.75924 20190810025453 
1 0.1078 -0.1994 0.4769 21.0072831 105.75924 20190810025453 
1 0.4198 -0.0739 0.1927 21.0072831 105.75924 20190810025453 
1 0.5234 -0.0951 -0.0085 21.0072831 105.75924 20190810025453 
1 0.1170 -0.2876 0.5093 21.0072831 105.75924 20190810025453 
1 0.3455 -0.1961 0.8040 21.0072831 105.75924 20190810025453 
1 0.3144 0.1869 0.2023 21.0072831 105.75924 20190810025453 
1 0.4973 -0.1641 0.3997 21.0072831 105.75924 20190810025453 
1 0.2576 -0.3007 0.5873 21.0072831 105.75924 20190810025453 
1 0.3580 -0.1808 0.7561 21.0072831 105.75924 20190810025453 
1 0.7144 0.2185 0.6490 21.0072831 105.75924 20190810025453 
1 0.0575 0.1592 0.3424 21.0072831 105.75924 20190810025453 
1 -0.1802 -0.5322 0.5495 21.0072831 105.75924 20190810025454 
1 0.3565 0.1433 -0.1232 21.0072831 105.75924 20190810025454 
1 0.0349 0.1704 -0.5968 21.0072831 105.75924 20190810025454 
1 0.1606 0.0849 -0.2557 21.0072831 105.75924 20190810025454 
1 -0.4570 -0.1952 0.1228 21.0072831 105.75924 20190810025454 
1 0.3415 -0.1162 -0.1355 21.0072831 105.75924 20190810025454 
1 -0.0501 0.3114 -1.1908 21.0072831 105.75924 20190810025454 
1 -0.3455 -0.1939 -0.6611 21.0072831 105.75924 20190810025454 
1 -0.0117 -0.1549 -0.3482 21.0072831 105.75924 20190810025454 
1 0.0317 -0.1083 -1.0872 21.0072831 105.75924 20190810025454 
1 -0.3130 -0.1833 -0.8796 21.0072831 105.75924 20190810025454 
1 0.0537 -0.1086 -0.2985 21.0072831 105.75924 20190810025454 
1 -0.1773 -0.1742 -0.1948 21.0072831 105.75924 20190810025454 
1 0.1161 -0.0419 0.2204 21.0072831 105.75924 20190810025454 
1 -0.2611 -0.3167 0.1659 21.0072831 105.75924 20190810025454 
1 0.1623 -0.0135 0.2995 21.0072831 105.75924 20190810025454 
1 0.1046 -0.0207 0.3115 21.0072831 105.75924 20190810025454 
1 0.2626 -0.3247 0.7755 21.0072831 105.75924 20190810025454 
1 0.1427 -0.0096 0.7218 21.0072831 105.75924 20190810025454 
1 0.2211 -0.1246 0.8827 21.0072831 105.75924 20190810025454 
1 -0.0599 -0.1463 0.8327 21.0072831 105.75924 20190810025454 
1 0.6187 -0.1194 0.4965 21.0072831 105.75924 20190810025454 
1 0.0410 0.0683 0.1813 21.0072831 105.75924 20190810025454 
1 0.2035 0.2132 0.5415 21.0072831 105.75924 20190810025454 
1 0.1154 -0.0957 0.5551 21.0072831 105.75924 20190810025454 
1 -0.1251 0.0088 0.4006 21.0072831 105.75924 20190810025454 
1 0.0377 0.0005 0.3022 21.0072831 105.75924 20190810025454 
1 -0.2821 -0.0606 -0.1152 21.0072831 105.75924 20190810025454 
1 0.1385 0.1951 -0.8826 21.0072831 105.75924 20190810025454 
1 -0.4119 -0.1198 -0.8306 21.0072831 105.75924 20190810025454 
1 0.2154 0.0825 -0.7503 21.0072831 105.75924 20190810025454 
1 0.0027 0.1918 -0.9841 21.0072831 105.75924 20190810025454 
1 -0.1015 0.1521 -1.5040 21.0072831 105.75924 20190810025454 
1 -0.0659 -0.0473 -0.8558 21.0073199 105.7590456 20190810025454 
1 -0.0279 -0.1345 -0.5078 21.0073199 105.7590456 20190810025454 
1 0.2626 0.0664 -1.3399 21.0073199 105.7590456 20190810025454 
1 -0.0349 -0.0089 -1.5597 21.0073199 105.7590456 20190810025454 
1 0.3299 -0.0993 -0.4878 21.0073199 105.7590456 20190810025454 
1 0.3065 0.0760 -0.3609 21.0073199 105.7590456 20190810025454 
1 0.2823 -0.0424 -0.5687 21.0073199 105.7590456 20190810025454 
1 0.2586 -0.0744 -0.0793 21.0073199 105.7590456 20190810025454 
1 0.2265 0.0095 0.2497 21.0073199 105.7590456 20190810025454 
1 0.1882 -0.1490 0.6549 21.0073199 105.7590456 20190810025454 
1 0.4510 -0.0315 1.0646 21.0073199 105.7590456 20190810025454 
1 0.0049 -0.0204 0.7406 21.0073199 105.7590456 20190810025454 
1 0.3368 -0.0783 0.9445 21.0073199 105.7590456 20190810025454 
1 0.1774 -0.0996 1.4915 21.0073199 105.7590456 20190810025454 
1 0.2686 0.1603 1.0625 21.0073199 105.7590456 20190810025454 
1 0.1168 0.0155 0.8743 21.0073199 105.7590456 20190810025454 
1 -0.1619 -0.1803 1.6020 21.0073199 105.7590456 20190810025454 
1 0.3687 0.0574 1.2747 21.0073199 105.7590456 20190810025454 
1 -0.1403 -0.0054 0.5904 21.0073199 105.7590456 20190810025455 
1 0.0276 0.0585 0.3669 21.0073199 105.7590456 20190810025455 
1 0.0792 0.1469 0.0388 21.0073199 105.7590456 20190810025455 
1 0.1338 -0.0640 0.0239 21.0073199 105.7590456 20190810025455 
1 0.0929 0.1312 0.0046 21.0073199 105.7590456 20190810025455 
1 0.1499 0.3263 -0.6012 21.0073199 105.7590456 20190810025455 
1 0.0804 0.0460 0.1724 21.0073199 105.7590456 20190810025455 
1 -0.1534 -0.0774 0.0422 21.0073199 105.7590456 20190810025455 
1 -0.0496 0.0824 -0.9901 21.0073199 105.7590456 20190810025455 
1 0.3352 0.1127 -1.1957 21.0073199 105.7590456 20190810025455 
1 -0.0290 -0.0514 -0.5789 21.0073199 105.7590456 20190810025455 
1 -0.0096 0.0493 -0.2791 21.0073199 105.7590456 20190810025455 
1 0.3033 -0.0289 -0.6624 21.0073199 105.7590456 20190810025455 
1 0.2043 0.0086 -0.6577 21.0073199 105.7590456 20190810025455 
1 0.0974 0.0589 -0.0897 21.0073199 105.7590456 20190810025455 
1 0.1353 0.0276 -0.3246 21.0073199 105.7590456 20190810025455 
1 0.3072 -0.0248 -0.0956 21.0073199 105.7590456 20190810025455 
1 0.0929 -0.0973 0.2633 21.0073199 105.7590456 20190810025455 
1 0.0988 0.1697 0.1083 21.0073199 105.7590456 20190810025455 
1 0.5030 0.0344 0.3219 21.0073199 105.7590456 20190810025455 
1 0.1119 -0.0022 0.6753 21.0073199 105.7590456 20190810025455 
1 0.3852 0.1981 0.0996 21.0073199 105.7590456 20190810025455 
1 0.2526 -0.0606 -0.0579 21.0073199 105.7590456 20190810025455 
1 -0.0840 0.0309 0.3989 21.0073199 105.7590456 20190810025455 
1 0.3236 0.2295 -0.1106 21.0073199 105.7590456 20190810025455 
1 0.2390 0.0679 -0.2494 21.0073199 105.7590456 20190810025455 
1 0.1000 -0.0719 0.3465 21.0073199 105.7590456 20190810025455 
1 0.0043 0.0286 -0.0525 21.0073199 105.7590456 20190810025455 
1 0.1568 0.1105 -0.5926 21.0073199 105.7590456 20190810025455 
1 -0.1126 0.0199 -0.6086 21.0073199 105.7590456 20190810025455 
1 -0.2081 -0.0324 -0.1882 21.0073553 105.7588546 20190810025455 
1 -0.0495 -0.0937 -0.0897 21.0073553 105.7588546 20190810025455 
1 0.0058 0.0656 -0.2808 21.0073553 105.7588546 20190810025455 
1 0.1268 -0.0072 -0.1656 21.0073553 105.7588546 20190810025455 
1 -0.1926 -0.0451 0.2350 21.0073553 105.7588546 20190810025455 
1 0.0863 0.0837 -0.0597 21.0073553 105.7588546 20190810025455 
1 -0.0505 -0.2430 0.0259 21.0073553 105.7588546 20190810025455 
1 -0.1089 -0.0410 0.4290 21.0073553 105.7588546 20190810025455 
1 0.1837 0.1098 0.3647 21.0073553 105.7588546 20190810025455 
1 -0.1302 -0.1252 0.4257 21.0073553 105.7588546 20190810025455 
1 0.2434 0.0209 0.6168 21.0073553 105.7588546 20190810025455 
1 0.0410 -0.0141 0.4767 21.0073553 105.7588546 20190810025455 
1 -0.2147 -0.0418 0.6029 21.0073553 105.7588546 20190810025455 
1 -0.0737 -0.0084 0.6289 21.0073553 105.7588546 20190810025455 
1 0.3390 0.0820 0.5633 21.0073553 105.7588546 20190810025455 
1 0.0800 -0.0305 0.4390 21.0073553 105.7588546 20190810025455 
1 -0.1868 -0.0454 0.1590 21.0073553 105.7588546 20190810025455 
1 0.3167 0.1023 -0.2226 21.0073553 105.7588546 20190810025455 
1 0.0056 0.0812 0.0078 21.0073553 105.7588546 20190810025455 
1 -0.0616 0.0506 0.2201 21.0073553 105.7588546 20190810025456 
1 0.0916 0.0098 -0.1147 21.0073553 105.7588546 20190810025456 
1 0.0700 0.0160 -0.3698 21.0073553 105.7588546 20190810025456 
1 0.1227 0.0816 -0.5804 21.0073553 105.7588546 20190810025456 
1 -0.2708 -0.0469 -0.6648 21.0073553 105.7588546 20190810025456 
1 0.0670 -0.0012 -0.5046 21.0073553 105.7588546 20190810025456 
1 0.2466 0.0783 -0.4790 21.0073553 105.7588546 20190810025456 
1 -0.3284 -0.0726 -0.6130 21.0073553 105.7588546 20190810025456 
1 0.0966 -0.0691 -0.3974 21.0073553 105.7588546 20190810025456 
1 -0.0320 0.0627 -0.3051 21.0073553 105.7588546 20190810025456 
1 0.3943 0.1076 -0.3921 21.0073553 105.7588546 20190810025456 
1 -0.3945 -0.1886 -0.0425 21.0073553 105.7588546 20190810025456 
1 0.1470 -0.0246 0.2409 21.0073553 105.7588546 20190810025456 
1 0.1514 0.0069 -0.0180 21.0073553 105.7588546 20190810025456 
1 -0.0429 0.0834 -0.4022 21.0073553 105.7588546 20190810025456 
1 0.0590 -0.1539 0.1567 21.0073553 105.7588546 20190810025456 
1 -0.0642 -0.2313 0.9207 21.0073553 105.7588546 20190810025456 
1 0.4248 0.1215 0.1107 21.0073553 105.7588546 20190810025456 
1 -0.1027 -0.0878 0.1202 21.0073553 105.7588546 20190810025456 
1 -0.1422 -0.0275 0.7067 21.0073553 105.7588546 20190810025456 
1 0.2531 -0.1066 0.5492 21.0073553 105.7588546 20190810025456 
1 0.0709 -0.1962 0.2846 21.0073553 105.7588546 20190810025456 
1 -0.2151 -0.1470 0.4655 21.0073553 105.7588546 20190810025456 
1 -0.0526 -0.0576 0.3485 21.0073553 105.7588546 20190810025456 
1 0.2675 -0.1059 0.4555 21.0073553 105.7588546 20190810025456 
1 -0.0282 -0.2303 0.6461 21.0073553 105.7588546 20190810025456 
1 0.0411 -0.1757 0.5318 21.0073553 105.7588546 20190810025456 
1 0.2955 -0.0211 0.2743 21.0073553 105.7588546 20190810025456 
1 -0.2767 -0.1794 0.6049 21.0073553 105.7588546 20190810025456 
1 0.2340 -0.0327 0.4824 21.0073553 105.7588546 20190810025456 
1 -0.1692 -0.3220 0.4897 21.0073553 105.7588546 20190810025456 
1 -0.0213 -0.2271 0.5717 21.0073553 105.7588546 20190810025456 
1 0.0420 0.0254 -0.0674 21.0073553 105.7588546 20190810025456 
1 0.0676 -0.0842 -0.0600 21.0073968 105.7586651 20190810025456 
1 -0.0814 -0.1778 0.2308 21.0073968 105.7586651 20190810025456 
1 -0.0331 -0.1570 -0.0211 21.0073968 105.7586651 20190810025456 
1 -0.1735 -0.0868 0.0873 21.0073968 105.7586651 20190810025456 
1 -0.1172 -0.0948 0.3867 21.0073968 105.7586651 20190810025456 
1 0.0890 -0.0434 -0.0216 21.0073968 105.7586651 20190810025456 
1 -0.3226 -0.1023 -0.3594 21.0073968 105.7586651 20190810025456 
1 0.0638 -0.0327 -0.8634 21.0073968 105.7586651 20190810025456 
1 0.1167 -0.1275 -0.9311 21.0073968 105.7586651 20190810025456 
1 -0.1576 -0.1421 -0.2911 21.0073968 105.7586651 20190810025456 
1 0.0410 0.0207 -0.3540 21.0073968 105.7586651 20190810025456 
1 0.0522 -0.0370 -0.7159 21.0073968 105.7586651 20190810025456 
1 -0.1443 -0.2702 -0.1589 21.0073968 105.7586651 20190810025456 
1 0.2446 -0.0910 -0.6553 21.0073968 105.7586651 20190810025456 
1 0.1765 0.0420 -1.2661 21.0073968 105.7586651 20190810025456 
1 0.1920 -0.2734 -0.5267 21.0073968 105.7586651 20190810025456 
1 -0.0333 -0.2572 0.1642 21.0073968 105.7586651 20190810025456 
1 0.1551 -0.1578 -0.2411 21.0073968 105.7586651 20190810025457 
1 0.0633 -0.2865 -0.3303 21.0073968 105.7586651 20190810025457 
1 0.0639 -0.1685 0.3689 21.0073968 105.7586651 20190810025457 
1 0.0761 -0.0874 0.4361 21.0073968 105.7586651 20190810025457 
1 0.1727 -0.2669 0.2653 21.0073968 105.7586651 20190810025457 
1 0.1989 -0.3176 0.7660 21.0073968 105.7586651 20190810025457 
1 -0.5502 -0.1975 0.6208 21.0073968 105.7586651 20190810025457 
1 0.0895 -0.0894 0.3591 21.0073968 105.7586651 20190810025457 
1 0.0511 -0.3036 0.8327 21.0073968 105.7586651 20190810025457 
1 -0.4415 -0.1780 0.8760 21.0073968 105.7586651 20190810025457 
1 -0.1519 -0.3432 0.7679 21.0073968 105.7586651 20190810025457 
1 -0.0422 -0.0732 0.7649 21.0073968 105.7586651 20190810025457 
1 -0.3774 -0.0466 0.3440 21.0073968 105.7586651 20190810025457 
1 0.0740 -0.3056 0.1900 21.0073968 105.7586651 20190810025457 
1 -0.3966 -0.3079 0.1175 21.0073968 105.7586651 20190810025457 
1 0.2728 0.1597 -0.3862 21.0073968 105.7586651 20190810025457 
1 -0.0948 -0.0094 -0.7354 21.0073968 105.7586651 20190810025457 
1 -0.1882 -0.5718 0.6841 21.0073968 105.7586651 20190810025457 
1 0.0020 -0.0513 0.0805 21.0073968 105.7586651 20190810025457 
1 0.0794 0.0888 -0.9870 21.0073968 105.7586651 20190810025457 
1 -0.2901 -0.4109 -0.1786 21.0073968 105.7586651 20190810025457 
1 0.1113 -0.0974 -0.0097 21.0073968 105.7586651 20190810025457 
1 0.4253 -0.0705 -0.9169 21.0073968 105.7586651 20190810025457 
1 -0.4086 -0.2084 -0.5407 21.0073968 105.7586651 20190810025457 
1 -0.0103 -0.1360 0.2981 21.0073968 105.7586651 20190810025457 
1 0.1413 -0.1853 -0.0126 21.0073968 105.7586651 20190810025457 
1 -0.3027 -0.1538 -0.6491 21.0073968 105.7586651 20190810025457 
1 -0.0553 -0.2919 -0.3456 21.0073968 105.7586651 20190810025457 
1 0.1390 -0.1296 0.0078 21.0073968 105.7586651 20190810025457 
1 -0.4689 -0.2287 0.1176 21.0073968 105.7586651 20190810025457 
1 -0.1133 -0.1946 -0.2309 21.0073968 105.7586651 20190810025457 
1 -0.1623 -0.2994 0.0753 21.0074368 105.7584705 20190810025457 
1 -0.2190 -0.2420 0.2110 21.0074368 105.7584705 20190810025457 
1 0.0533 0.0524 -0.5099 21.0074368 105.7584705 20190810025457 
1 -0.2593 -0.6161 0.3479 21.0074368 105.7584705 20190810025457 
1 -0.0109 -0.3862 0.9067 21.0074368 105.7584705 20190810025457 
1 0.0829 0.0127 0.4672 21.0074368 105.7584705 20190810025457 
1 -0.1883 -0.1361 0.3931 21.0074368 105.7584705 20190810025457 
1 0.1597 -0.2236 0.6658 21.0074368 105.7584705 20190810025457 
1 -0.0639 -0.2831 0.1976 21.0074368 105.7584705 20190810025457 
1 -0.1003 -0.0996 0.2004 21.0074368 105.7584705 20190810025457 
1 0.2304 -0.1771 0.1813 21.0074368 105.7584705 20190810025457 
1 0.0785 -0.2291 0.3503 21.0074368 105.7584705 20190810025457 
1 0.1084 0.0372 0.4523 21.0074368 105.7584705 20190810025457 
1 -0.1444 -0.1070 -0.3303 21.0074368 105.7584705 20190810025457 
1 -0.2391 -0.2402 -0.3732 21.0074368 105.7584705 20190810025457 
1 0.1230 -0.0062 -0.6052 21.0074368 105.7584705 20190810025457 
1 -0.2165 -0.0512 -0.5424 21.0074368 105.7584705 20190810025457 
1 0.0887 -0.1773 -0.3233 21.0074368 105.7584705 20190810025457 
1 -0.1852 -0.1612 -0.4265 21.0074368 105.7584705 20190810025458 
1 -0.1537 -0.1114 -0.4837 21.0074368 105.7584705 20190810025458 
1 -0.1369 -0.0822 -0.4514 21.0074368 105.7584705 20190810025458 
1 -0.1953 -0.1585 -0.1357 21.0074368 105.7584705 20190810025458 
1 -0.0410 -0.2221 0.0052 21.0074368 105.7584705 20190810025458 
1 0.0692 -0.1238 -0.3595 21.0074368 105.7584705 20190810025458 
1 -0.2038 -0.1032 -0.1032 21.0074368 105.7584705 20190810025458 
1 -0.2930 -0.1885 0.3530 21.0074368 105.7584705 20190810025458 
1 -0.0846 0.0712 0.0966 21.0074368 105.7584705 20190810025458 
1 -0.0106 -0.1859 0.0732 21.0074368 105.7584705 20190810025458 
1 -0.4751 -0.2435 0.0040 21.0074368 105.7584705 20190810025458 
1 0.0703 -0.0671 0.3172 21.0074368 105.7584705 20190810025458 
1 -0.1206 0.0612 -0.1005 21.0074368 105.7584705 20190810025458 
1 0.1116 0.0097 0.1947 21.0074368 105.7584705 20190810025458 
1 -0.6574 -0.1424 0.0634 21.0074368 105.7584705 20190810025458 
1 0.1193 0.0660 0.0064 21.0074368 105.7584705 20190810025458 
1 -0.0797 -0.1147 -0.1768 21.0074368 105.7584705 20190810025458 
1 0.0990 0.1459 -0.6689 21.0074368 105.7584705 20190810025458 
1 -0.4034 -0.2616 -0.2243 21.0074368 105.7584705 20190810025458 
1 0.3405 -0.2501 0.7679 21.0074368 105.7584705 20190810025458 
1 -0.4482 -0.0992 -0.0878 21.0074368 105.7584705 20190810025458 
1 0.0037 0.1599 -0.9861 21.0074368 105.7584705 20190810025458 
1 -0.1495 -0.1644 -0.0355 21.0074368 105.7584705 20190810025458 
1 0.2291 -0.1132 0.4809 21.0074368 105.7584705 20190810025458 
1 0.0830 -0.0406 0.0031 21.0074368 105.7584705 20190810025458 
1 -0.0130 0.0039 -0.2551 21.0074368 105.7584705 20190810025458 
1 -0.4174 -0.2306 0.9361 21.0074368 105.7584705 20190810025458 
1 0.1656 0.1662 0.4445 21.0074368 105.7584705 20190810025458 
1 -0.0139 -0.0565 -0.7045 21.0074368 105.7584705 20190810025458 
1 -0.1035 -0.1080 0.3887 21.0074368 105.7584705 20190810025458 
1 0.0745 0.0187 0.8290 21.0074762 105.7582769 20190810025458 
1 -0.1510 0.0236 0.0748 21.0074762 105.7582769 20190810025458 
1 0.0050 0.2048 -0.4799 21.0074762 105.7582769 20190810025458 
1 -0.1058 -0.2325 0.0501 21.0074762 105.7582769 20190810025458 
1 -0.2246 -0.0374 0.2195 21.0074762 105.7582769 20190810025458 
1 0.2980 0.1019 -0.3762 21.0074762 105.7582769 20190810025458 
1 -0.0590 0.0747 -0.3995 21.0074762 105.7582769 20190810025458 
1 -0.4967 -0.0547 0.1298 21.0074762 105.7582769 20190810025458 
1 0.1845 -0.1262 -0.1125 21.0074762 105.7582769 20190810025458 
1 -0.2101 0.1760 -0.9310 21.0074762 105.7582769 20190810025458 
1 0.0302 -0.0967 -0.4538 21.0074762 105.7582769 20190810025458 
1 -0.1883 -0.0667 -0.0707 21.0074762 105.7582769 20190810025458 
1 0.1604 0.0924 -0.2299 21.0074762 105.7582769 20190810025458 
1 -0.1378 0.0067 -0.4937 21.0074762 105.7582769 20190810025458 
1 -0.1390 -0.1080 0.2647 21.0074762 105.7582769 20190810025458 
1 -0.3901 -0.0858 0.0414 21.0074762 105.7582769 20190810025458 
1 0.0688 -0.0497 -0.0602 21.0074762 105.7582769 20190810025458 
1 -0.5400 -0.1052 0.1405 21.0074762 105.7582769 20190810025458 
1 -0.1700 0.0239 0.0157 21.0074762 105.7582769 20190810025458 
1 0.2820 -0.2151 0.2434 21.0074762 105.7582769 20190810025458 
1 -0.4678 -0.1693 0.4405 21.0074762 105.7582769 20190810025458 
1 0.2288 0.1875 0.5541 21.0074762 105.7582769 20190810025459 
1 0.2136 -0.0830 0.7029 21.0074762 105.7582769 20190810025459 
1 -0.8299 -0.3652 1.4825 21.0074762 105.7582769 20190810025459 
1 -0.1935 0.1265 0.1259 21.0074762 105.7582769 20190810025459 
1 0.5524 0.2229 -0.7422 21.0074762 105.7582769 20190810025459 
1 0.0476 -0.1979 1.0600 21.0074762 105.7582769 20190810025459 
1 -0.4145 -0.0900 1.2720 21.0074762 105.7582769 20190810025459 
1 0.6154 0.3022 -0.3400 21.0074762 105.7582769 20190810025459 
1 -0.5139 -0.5009 0.6559 21.0074762 105.7582769 20190810025459 
1 0.1119 0.1926 0.4581 21.0074762 105.7582769 20190810025459 
1 -0.4869 0.2046 -1.0729 21.0074762 105.7582769 20190810025459 
1 0.6091 -0.0776 -0.0484 21.0074762 105.7582769 20190810025459 
1 0.1751 -0.1577 0.6650 21.0074762 105.7582769 20190810025459 
1 -0.0625 0.1689 -0.5401 21.0074762 105.7582769 20190810025459 
1 0.3066 0.3233 -0.9458 21.0074762 105.7582769 20190810025459 
1 -0.0988 -0.2220 0.3759 21.0074762 105.7582769 20190810025459 
1 0.1713 0.1501 -0.2923 21.0074762 105.7582769 20190810025459 
1 0.0990 0.0491 -1.2159 21.0074762 105.7582769 20190810025459 
1 0.2728 -0.0580 -0.5696 21.0074762 105.7582769 20190810025459 
1 0.3664 0.1626 -0.5031 21.0074762 105.7582769 20190810025459 
1 0.1072 -0.0248 -0.7590 21.0074762 105.7582769 20190810025459 
1 -0.1526 0.0179 -0.7052 21.0074762 105.7582769 20190810025459 
1 -0.4193 -0.0454 -0.3829 21.0074762 105.7582769 20190810025459 
1 0.2220 0.0640 -0.6501 21.0074762 105.7582769 20190810025459 
1 -0.1116 -0.0464 0.0016 21.0074762 105.7582769 20190810025459 
1 -0.0105 0.0491 -0.1856 21.0074762 105.7582769 20190810025459 
1 0.0531 0.0930 -0.4394 21.0074762 105.7582769 20190810025459 
1 -0.1870 -0.2318 0.2180 21.0074762 105.7582769 20190810025459 
1 -0.3250 0.0695 -0.0260 21.0074762 105.7582769 20190810025459 
1 0.1059 0.1337 -0.6125 21.0075186 105.7580844 20190810025459 
1 -0.1923 -0.1349 0.1166 21.0075186 105.7580844 20190810025459 
1 0.2868 0.1472 0.2232 21.0075186 105.7580844 20190810025459 
1 0.0960 -0.0676 0.1486 21.0075186 105.7580844 20190810025459 
1 -0.2995 0.0429 0.2700 21.0075186 105.7580844 20190810025459 
1 0.0786 0.0034 0.0541 21.0075186 105.7580844 20190810025459 
1 0.1252 0.1171 -0.0973 21.0075186 105.7580844 20190810025459 
1 0.2908 0.0999 0.0012 21.0075186 105.7580844 20190810025459 
1 -0.0831 -0.0977 -0.0492 21.0075186 105.7580844 20190810025459 
1 0.2530 0.0271 0.0924 21.0075186 105.7580844 20190810025459 
1 0.2643 0.1028 -0.1796 21.0075186 105.7580844 20190810025459 
1 0.0591 0.1669 -0.4204 21.0075186 105.7580844 20190810025459 
1 -0.2314 -0.2178 0.2610 21.0075186 105.7580844 20190810025459 
1 0.0726 0.0145 0.1455 21.0075186 105.7580844 20190810025459 
1 0.5224 0.1851 -0.3547 21.0075186 105.7580844 20190810025459 
1 -0.4294 -0.0107 -0.1006 21.0075186 105.7580844 20190810025459 
1 0.1349 0.0222 0.3965 21.0075186 105.7580844 20190810025459 
1 0.2763 0.0820 -0.2438 21.0075186 105.7580844 20190810025459 
1 -0.2331 -0.0945 0.1154 21.0075186 105.7580844 20190810025459 
1 -0.1182 0.1519 -0.3042 21.0075186 105.7580844 20190810025459 
1 0.2210 0.1710 -0.3056 21.0075186 105.7580844 20190810025500 
1 -0.0886 -0.1051 0.3291 21.0075186 105.7580844 20190810025500 
1 0.0384 0.0180 0.1265 21.0075186 105.7580844 20190810025500 
1 -0.2257 0.0936 -0.5177 21.0075186 105.7580844 20190810025500 
1 -0.0684 0.0825 -0.0432 21.0075186 105.7580844 20190810025500 
1 -0.1366 -0.0153 0.0056 21.0075186 105.7580844 20190810025500 
1 -0.0274 0.0113 -0.4032 21.0075186 105.7580844 20190810025500 
1 0.5982 0.0267 -0.0751 21.0075186 105.7580844 20190810025500 
1 -0.5698 -0.0010 0.0578 21.0075186 105.7580844 20190810025500 
1 0.0802 0.1149 -0.1874 21.0075186 105.7580844 20190810025500 
1 -0.2194 -0.0790 -0.2549 21.0075186 105.7580844 20190810025500 
1 0.2221 0.1099 0.0654 21.0075186 105.7580844 20190810025500 
1 -0.3528 0.0026 0.0642 21.0075186 105.7580844 20190810025500 
1 0.3164 -0.1219 0.4276 21.0075186 105.7580844 20190810025500 
1 0.3898 0.2285 0.0551 21.0075186 105.7580844 20190810025500 
1 -0.2425 0.0764 -0.3554 21.0075186 105.7580844 20190810025500 
1 -0.0934 0.0025 -0.3078 21.0075186 105.7580844 20190810025500 
1 0.0897 -0.1002 0.2496 21.0075186 105.7580844 20190810025500 
1 0.2925 -0.0203 0.3296 21.0075186 105.7580844 20190810025500 
1 -0.0963 0.0794 0.1104 21.0075186 105.7580844 20190810025500 
1 0.1771 0.1804 -0.3945 21.0075186 105.7580844 20190810025500 
1 0.3347 -0.2037 0.2426 21.0075186 105.7580844 20190810025500 
1 -0.0229 0.0139 0.0157 21.0075186 105.7580844 20190810025500 
1 -0.2563 0.0607 -0.4712 21.0075186 105.7580844 20190810025500 
1 0.5288 -0.1590 0.6250 21.0075186 105.7580844 20190810025500 
1 -0.0110 0.1087 0.5738 21.0075186 105.7580844 20190810025500 
1 0.6886 -0.0145 -0.1303 21.0075186 105.7580844 20190810025500 
1 0.1167 -0.1996 -0.0403 21.0075186 105.7580844 20190810025500 
1 0.0588 0.0978 -0.1348 21.0075186 105.7580844 20190810025500 
1 0.1286 0.0632 -0.3232 21.0075578 105.7578998 20190810025500 
1 0.0256 -0.0590 0.1875 21.0075578 105.7578998 20190810025500 
1 0.1590 -0.1312 0.6174 21.0075578 105.7578998 20190810025500 
1 0.3747 -0.0251 0.1530 21.0075578 105.7578998 20190810025500 
1 0.1792 -0.1718 -0.0836 21.0075578 105.7578998 20190810025500 
1 -0.0323 0.0191 -0.3989 21.0075578 105.7578998 20190810025500 
1 -0.1020 -0.1923 -0.3839 21.0075578 105.7578998 20190810025500 
1 0.0193 -0.1679 0.1671 21.0075578 105.7578998 20190810025500 
1 -0.1196 -0.1868 0.2918 21.0075578 105.7578998 20190810025500 
1 0.2319 -0.2735 0.7134 21.0075578 105.7578998 20190810025500 
1 -0.0550 0.0627 0.3548 21.0075578 105.7578998 20190810025500 
1 -0.0119 -0.0991 0.2520 21.0075578 105.7578998 20190810025500 
1 -0.0501 -0.4290 0.7462 21.0075578 105.7578998 20190810025500 
1 -0.0397 -0.0780 0.0171 21.0075578 105.7578998 20190810025500 
1 0.2171 0.0776 -0.3965 21.0075578 105.7578998 20190810025500 
1 0.0975 -0.2034 0.7600 21.0075578 105.7578998 20190810025500 
1 -0.1859 0.0570 0.2362 21.0075578 105.7578998 20190810025500 
1 0.5339 -0.0125 -0.1011 21.0075578 105.7578998 20190810025501 
1 -0.2526 -0.2391 0.6329 21.0075578 105.7578998 20190810025501 
1 -0.1084 -0.0283 0.3457 21.0075578 105.7578998 20190810025501 
1 0.4473 -0.0033 -0.6653 21.0075578 105.7578998 20190810025501 
1 0.1689 -0.0282 -0.7491 21.0075578 105.7578998 20190810025501 
1 -0.1236 -0.1713 0.0684 21.0075578 105.7578998 20190810025501 
1 0.1360 -0.1313 -0.1475 21.0075578 105.7578998 20190810025501 
1 -0.0489 -0.0121 -0.3441 21.0075578 105.7578998 20190810025501 
1 0.1874 -0.0782 0.2252 21.0075578 105.7578998 20190810025501 
1 -0.0231 -0.0303 0.4083 21.0075578 105.7578998 20190810025501 
1 0.2553 -0.1199 0.0226 21.0075578 105.7578998 20190810025501 
1 0.3271 -0.2011 -0.2938 21.0075578 105.7578998 20190810025501 
1 0.0380 -0.0063 -0.5651 21.0075578 105.7578998 20190810025501 
1 -0.1101 -0.1243 -0.0700 21.0075578 105.7578998 20190810025501 
1 0.3062 -0.2442 0.5230 21.0075578 105.7578998 20190810025501 
1 -0.1198 -0.2362 0.7001 21.0075578 105.7578998 20190810025501 
1 -0.0217 0.1952 -0.6474 21.0075578 105.7578998 20190810025501 
1 0.1490 -0.2197 -0.5174 21.0075578 105.7578998 20190810025501 
1 0.0669 -0.4825 0.6182 21.0075578 105.7578998 20190810025501 
1 0.0169 0.2098 -0.2308 21.0075578 105.7578998 20190810025501 
1 0.2272 0.0882 -0.8123 21.0075578 105.7578998 20190810025501 
1 -0.7428 -0.7773 1.4770 21.0075578 105.7578998 20190810025501 
1 0.0937 0.3627 -0.1132 21.0075578 105.7578998 20190810025501 
1 0.1737 0.1407 -1.4191 21.0075578 105.7578998 20190810025501 
1 -0.1773 -0.3970 0.4233 21.0075578 105.7578998 20190810025501 
1 0.4398 -0.0513 1.0157 21.0075578 105.7578998 20190810025501 
1 -0.4115 0.1243 -0.8653 21.0075578 105.7578998 20190810025501 
1 0.1251 -0.0480 -0.2761 21.0075578 105.7578998 20190810025501 
1 0.2579 0.1063 -0.7197 21.0075578 105.7578998 20190810025501 
1 -0.6191 0.0012 -0.7175 21.0075578 105.7578998 20190810025501 
1 0.9401 -0.2426 0.0722 21.0075578 105.7578998 20190810025501 
1 -0.7108 0.0351 -0.7271 21.0075578 105.7578998 20190810025501 
1 0.1227 0.1007 -0.5996 21.0075578 105.7578998 20190810025501 
1 -0.2140 -0.3997 0.0424 21.0075984 105.7577108 20190810025501 
1 -0.4003 0.1085 -1.0522 21.0075984 105.7577108 20190810025501 
1 0.1867 -0.0764 -1.2988 21.0075984 105.7577108 20190810025501 
1 0.1223 -0.7534 0.7439 21.0075984 105.7577108 20190810025501 
1 -0.5345 0.0180 0.8681 21.0075984 105.7577108 20190810025501 
1 0.5906 0.1329 -0.0657 21.0075984 105.7577108 20190810025501 
1 -0.2187 -0.4662 0.6831 21.0075984 105.7577108 20190810025501 
1 -0.1695 -0.5289 1.2964 21.0075984 105.7577108 20190810025501 
1 0.3507 -0.1551 0.4308 21.0075984 105.7577108 20190810025501 
1 -0.0303 -0.0502 1.1061 21.0075984 105.7577108 20190810025501 
1 0.1556 -0.2647 1.8633 21.0075984 105.7577108 20190810025501 
1 0.1678 -0.0873 1.0493 21.0075984 105.7577108 20190810025501 
1 -0.0355 0.0057 0.7512 21.0075984 105.7577108 20190810025501 
1 0.3517 -0.2817 1.2818 21.0075984 105.7577108 20190810025501 
1 0.3698 0.1330 0.5149 21.0075984 105.7577108 20190810025501 
1 -0.2548 -0.2080 0.4179 21.0075984 105.7577108 20190810025501 
1 0.2449 -0.1545 0.3817 21.0075984 105.7577108 20190810025501 
1 0.1874 -0.0622 -0.2920 21.0075984 105.7577108 20190810025502 
1 -0.2929 -0.0672 -0.8510 21.0075984 105.7577108 20190810025502 
1 0.0018 0.0719 -0.5481 21.0075984 105.7577108 20190810025502 
1 -0.1564 -0.2912 -0.2908 21.0075984 105.7577108 20190810025502 
1 -0.0402 -0.1261 -0.6375 21.0075984 105.7577108 20190810025502 
1 0.0108 -0.0740 -1.0508 21.0075984 105.7577108 20190810025502 
1 0.0280 0.0282 -0.6493 21.0075984 105.7577108 20190810025502 
1 -0.2224 -0.1286 -0.9083 21.0075984 105.7577108 20190810025502 
1 -0.1885 -0.4992 -0.5213 21.0075984 105.7577108 20190810025502 
1 -0.1684 -0.0153 -0.7065 21.0075984 105.7577108 20190810025502 
1 0.0380 -0.0158 -0.7352 21.0075984 105.7577108 20190810025502 
1 -0.0666 -0.3695 -0.3726 21.0075984 105.7577108 20190810025502 
1 -0.1074 -0.2120 -0.2839 21.0075984 105.7577108 20190810025502 
1 0.4093 -0.0147 -0.4949 21.0075984 105.7577108 20190810025502 
1 -0.2234 0.0223 -0.7488 21.0075984 105.7577108 20190810025502 
1 -0.2070 -0.2194 0.5518 21.0075984 105.7577108 20190810025502 
1 0.1138 -0.1335 0.1481 21.0075984 105.7577108 20190810025502 
1 0.1596 -0.0326 -0.2627 21.0075984 105.7577108 20190810025502 
1 0.2246 -0.1094 -0.0409 21.0075984 105.7577108 20190810025502 
1 -0.0692 -0.0612 -0.0896 21.0075984 105.7577108 20190810025502 
1 0.3827 -0.1261 -0.3262 21.0075984 105.7577108 20190810025502 
1 -0.3781 -0.2051 -0.5201 21.0075984 105.7577108 20190810025502 
1 -0.0319 -0.0432 -0.7356 21.0075984 105.7577108 20190810025502 
1 -0.1581 -0.1161 -0.7742 21.0075984 105.7577108 20190810025502 
1 0.1819 0.1300 -0.5411 21.0075984 105.7577108 20190810025502 
1 -0.1493 -0.0268 -0.6706 21.0075984 105.7577108 20190810025502 
1 -0.0531 -0.3449 -0.4986 21.0075984 105.7577108 20190810025502 
1 -0.1994 -0.2218 -0.2749 21.0075984 105.7577108 20190810025502 
1 0.0651 0.1014 -0.7624 21.0075984 105.7577108 20190810025502 
1 -0.1438 -0.0492 -1.2227 21.0075984 105.7577108 20190810025502 
1 -0.2656 -0.4236 -0.4329 21.0075984 105.7577108 20190810025502 
1 -0.2152 -0.2429 -0.3632 21.0075984 105.7577108 20190810025502 
1 -0.0575 -0.0117 -0.6225 21.0075984 105.7577108 20190810025502 
1 -0.1978 -0.0922 -0.0836 21.0075984 105.7577108 20190810025502 
1 -0.1050 -0.2225 0.5991 21.0076429 105.7575376 20190810025502 
1 0.3327 -0.3185 0.6546 21.0076429 105.7575376 20190810025502 
1 0.1813 -0.0949 -0.1380 21.0076429 105.7575376 20190810025502 
1 0.0628 0.1936 -0.3739 21.0076429 105.7575376 20190810025502 
1 -0.3979 -0.5850 1.1360 21.0076429 105.7575376 20190810025502 
1 0.3523 -0.0286 0.7619 21.0076429 105.7575376 20190810025502 
1 0.0818 -0.0121 0.1197 21.0076429 105.7575376 20190810025502 
1 0.0196 -0.1996 0.9158 21.0076429 105.7575376 20190810025502 
1 -0.0402 -0.3673 1.5469 21.0076429 105.7575376 20190810025502 
1 0.4708 0.0243 0.0864 21.0076429 105.7575376 20190810025502 
1 -0.0699 0.1424 -0.5936 21.0076429 105.7575376 20190810025502 
1 -0.0952 -0.5222 1.0775 21.0076429 105.7575376 20190810025502 
1 0.0160 -0.2349 0.8467 21.0076429 105.7575376 20190810025502 
1 0.4055 0.0091 -0.0595 21.0076429 105.7575376 20190810025502 
1 -0.0554 -0.0927 0.3233 21.0076429 105.7575376 20190810025502 
1 -0.2864 -0.3065 0.5252 21.0076429 105.7575376 20190810025502 
1 0.6331 -0.2603 0.1581 21.0076429 105.7575376 20190810025502 
1 0.1064 -0.3463 0.4021 21.0076429 105.7575376 20190810025502 
1 -0.2161 0.0034 0.0897 21.0076429 105.7575376 20190810025503 
1 -0.1752 -0.3463 0.1661 21.0076429 105.7575376 20190810025503 
1 0.1034 -0.2379 0.2803 21.0076429 105.7575376 20190810025503 
1 0.0330 -0.3019 0.0777 21.0076429 105.7575376 20190810025503 
1 -0.0240 -0.2830 -0.0094 21.0076429 105.7575376 20190810025503 
1 0.2139 -0.1027 0.1792 21.0076429 105.7575376 20190810025503 
1 -0.0885 -0.4286 0.6713 21.0076429 105.7575376 20190810025503 
1 -0.3007 -0.1622 0.2489 21.0076429 105.7575376 20190810025503 
1 0.2885 -0.1529 -0.0990 21.0076429 105.7575376 20190810025503 
1 -0.1667 -0.2280 -0.3098 21.0076429 105.7575376 20190810025503 
1 -0.0985 -0.2784 0.2379 21.0076429 105.7575376 20190810025503 
1 0.3112 -0.2478 0.4433 21.0076429 105.7575376 20190810025503 
1 -0.0625 -0.0370 -0.1819 21.0076429 105.7575376 20190810025503 
1 0.1517 -0.0614 -0.4019 21.0076429 105.7575376 20190810025503 
1 -0.1828 -0.3627 -0.0329 21.0076429 105.7575376 20190810025503 
1 0.3931 -0.1229 -0.2556 21.0076429 105.7575376 20190810025503 
1 -0.0160 -0.1329 -0.8085 21.0076429 105.7575376 20190810025503 
1 -0.0646 -0.0222 -0.8822 21.0076429 105.7575376 20190810025503 
1 0.1908 -0.1623 -0.4839 21.0076429 105.7575376 20190810025503 
1 0.0907 -0.3498 -0.1449 21.0076429 105.7575376 20190810025503 
1 -0.2988 -0.1547 -0.6275 21.0076429 105.7575376 20190810025503 
1 0.3409 -0.1219 -0.6507 21.0076429 105.7575376 20190810025503 
1 0.2925 -0.1195 -0.6719 21.0076429 105.7575376 20190810025503 
1 0.1488 -0.2595 -0.1653 21.0076429 105.7575376 20190810025503 
1 0.0085 -0.3798 -0.2429 21.0076429 105.7575376 20190810025503 
1 0.0544 -0.1467 -0.6778 21.0076429 105.7575376 20190810025503 
1 0.4717 -0.1848 -0.0484 21.0076429 105.7575376 20190810025503 
1 -0.3985 -0.2309 0.4640 21.0076429 105.7575376 20190810025503 
1 0.4740 -0.2761 0.4858 21.0076429 105.7575376 20190810025503 
1 0.4332 -0.2464 0.4898 21.0076429 105.7575376 20190810025503 
1 0.4842 -0.1101 0.7062 21.0076429 105.7575376 20190810025503 
1 0.0359 -0.1290 0.3190 21.0076429 105.7575376 20190810025503 
1 0.4271 -0.1460 0.5351 21.0076808 105.7573555 20190810025503 
1 0.4520 -0.1528 0.7055 21.0076808 105.7573555 20190810025503 
1 -0.0037 -0.3671 0.8734 21.0076808 105.7573555 20190810025503 
1 -0.1065 -0.1990 0.3317 21.0076808 105.7573555 20190810025503 
1 0.4669 0.0256 0.2227 21.0076808 105.7573555 20190810025503 
1 0.5728 -0.1847 0.3980 21.0076808 105.7573555 20190810025503 
1 -0.1760 -0.2726 0.3237 21.0076808 105.7573555 20190810025503 
1 0.1276 -0.3235 0.1080 21.0076808 105.7573555 20190810025503 
1 0.2217 0.0035 -0.2159 21.0076808 105.7573555 20190810025503 
1 -0.1454 -0.0923 -0.0612 21.0076808 105.7573555 20190810025503 
1 -0.1365 -0.2176 0.1212 21.0076808 105.7573555 20190810025503 
1 0.0021 -0.2482 0.0369 21.0076808 105.7573555 20190810025503 
1 0.0869 -0.2156 -0.0454 21.0076808 105.7573555 20190810025503 
1 0.1221 0.0384 -0.2493 21.0076808 105.7573555 20190810025503 
1 -0.2351 -0.0723 -0.5744 21.0076808 105.7573555 20190810025503 
1 -0.0050 -0.4023 -0.1162 21.0076808 105.7573555 20190810025504 
1 0.4642 0.0790 -0.5148 21.0076808 105.7573555 20190810025504 
1 -0.2235 -0.1048 -0.7592 21.0076808 105.7573555 20190810025504 
1 -0.4748 -0.3257 -0.0861 21.0076808 105.7573555 20190810025504 
1 0.1475 -0.2092 -0.0813 21.0076808 105.7573555 20190810025504 
1 0.3642 0.0633 -0.8035 21.0076808 105.7573555 20190810025504 
1 -0.0255 0.0297 -0.7686 21.0076808 105.7573555 20190810025504 
1 -0.1523 -0.5927 0.1195 21.0076808 105.7573555 20190810025504 
1 0.3911 -0.1044 -0.4300 21.0076808 105.7573555 20190810025504 
1 0.1582 0.1142 -0.7764 21.0076808 105.7573555 20190810025504 
1 -0.3548 -0.1067 -0.3361 21.0076808 105.7573555 20190810025504 
1 -0.0534 -0.1057 -0.0030 21.0076808 105.7573555 20190810025504 
1 0.4576 -0.1377 -0.0842 21.0076808 105.7573555 20190810025504 
1 0.5133 -0.0475 -0.0025 21.0076808 105.7573555 20190810025504 
1 -0.6049 0.0400 -0.0378 21.0076808 105.7573555 20190810025504 
1 0.1273 -0.0131 0.0191 21.0076808 105.7573555 20190810025504 
1 0.3449 -0.1151 0.1643 21.0076808 105.7573555 20190810025504 
1 -0.1162 -0.3121 0.5761 21.0076808 105.7573555 20190810025504 
1 -0.1557 -0.0381 0.4746 21.0076808 105.7573555 20190810025504 
1 0.4987 0.1469 0.1435 21.0076808 105.7573555 20190810025504 
1 0.4288 -0.0799 0.8579 21.0076808 105.7573555 20190810025504 
1 0.0188 -0.0873 0.8806 21.0076808 105.7573555 20190810025504 
1 0.2129 -0.2074 0.5924 21.0076808 105.7573555 20190810025504 
1 0.1580 0.0588 0.4424 21.0076808 105.7573555 20190810025504 
1 0.4277 -0.0385 0.8114 21.0076808 105.7573555 20190810025504 
1 0.4274 -0.2585 1.6196 21.0076808 105.7573555 20190810025504 
1 0.3072 0.0113 0.9672 21.0076808 105.7573555 20190810025504 
1 0.5044 0.2015 0.0351 21.0076808 105.7573555 20190810025504 
1 0.2995 -0.3740 1.3306 21.0076808 105.7573555 20190810025504 
1 0.1871 0.0510 1.0873 21.0076808 105.7573555 20190810025504 
1 -0.1340 0.2660 -0.0844 21.0076808 105.7573555 20190810025504 
1 0.3392 0.1815 0.1687 21.0076808 105.7573555 20190810025504 
1 -0.0861 -0.3851 1.2865 21.0076808 105.7573555 20190810025504 
1 0.1607 0.1675 1.2432 21.0076808 105.7573555 20190810025504 
1 0.4255 0.3197 -0.8943 21.0077165 105.7571754 20190810025504 
1 -0.0042 -0.2099 -0.4359 21.0077165 105.7571754 20190810025504 
1 -0.2974 0.0302 0.3362 21.0077165 105.7571754 20190810025504 
1 0.4526 0.4701 -0.8982 21.0077165 105.7571754 20190810025504 
1 -0.7330 -0.0124 -0.8186 21.0077165 105.7571754 20190810025504 
1 0.5026 0.0742 0.2870 21.0077165 105.7571754 20190810025504 
1 0.0828 0.2691 -0.5593 21.0077165 105.7571754 20190810025504 
1 0.7314 0.4276 -1.0979 21.0077165 105.7571754 20190810025504 
1 -0.2494 -0.0707 -0.7121 21.0077165 105.7571754 20190810025504 
1 0.2511 -0.0209 -0.6130 21.0077165 105.7571754 20190810025504 
1 -0.1487 0.2093 -1.5324 21.0077165 105.7571754 20190810025504 
1 -0.0096 0.2367 -1.1504 21.0077165 105.7571754 20190810025504 
1 0.0199 0.0516 -0.4534 21.0077165 105.7571754 20190810025504 
1 0.3432 0.3487 -1.2655 21.0077165 105.7571754 20190810025504 
1 -0.0371 -0.1870 -0.8108 21.0077165 105.7571754 20190810025504 
1 0.2882 0.2538 -0.3589 21.0077165 105.7571754 20190810025504 
1 -0.2327 0.4282 -1.2804 21.0077165 105.7571754 20190810025504 
1 -0.0085 -0.1347 -0.5383 21.0077165 105.7571754 20190810025504 
1 -0.2193 -0.0006 -0.6661 21.0077165 105.7571754 20190810025505 
1 0.4803 0.2999 -0.7946 21.0077165 105.7571754 20190810025505 
1 -0.0136 0.0755 -0.0135 21.0077165 105.7571754 20190810025505 
1 -0.0069 -0.1804 0.9292 21.0077165 105.7571754 20190810025505 
1 0.1018 0.3148 0.1395 21.0077165 105.7571754 20190810025505 
1 0.4247 0.3900 -0.7494 21.0077165 105.7571754 20190810025505 
1 -0.0500 -0.3113 0.8488 21.0077165 105.7571754 20190810025505 
1 -0.1043 0.0639 1.2593 21.0077165 105.7571754 20190810025505 
1 0.5635 0.1439 0.2961 21.0077165 105.7571754 20190810025505 
1 0.2759 0.1053 0.6411 21.0077165 105.7571754 20190810025505 
1 -0.2221 -0.2197 1.7811 21.0077165 105.7571754 20190810025505 
1 0.1181 0.0986 1.1224 21.0077165 105.7571754 20190810025505 
1 0.8965 0.0431 0.7471 21.0077165 105.7571754 20190810025505 
1 0.0411 -0.2201 1.5482 21.0077165 105.7571754 20190810025505 
1 0.2584 0.2129 1.6764 21.0077165 105.7571754 20190810025505 
1 0.0467 -0.1783 1.4780 21.0077165 105.7571754 20190810025505 
1 0.0812 -0.1989 1.5857 21.0077165 105.7571754 20190810025505 
1 -0.0159 0.1058 1.2417 21.0077165 105.7571754 20190810025505 
1 -0.0049 0.1112 0.7527 21.0077165 105.7571754 20190810025505 
1 -0.2489 -0.0835 1.4274 21.0077165 105.7571754 20190810025505 
1 0.6435 0.3680 0.9964 21.0077165 105.7571754 20190810025505 
1 -0.1027 0.3895 -0.0099 21.0077165 105.7571754 20190810025505 
1 -0.0540 -0.3006 1.4380 21.0077165 105.7571754 20190810025505 
1 -0.7296 0.2088 0.9659 21.0077165 105.7571754 20190810025505 
1 0.0155 0.5297 -0.6859 21.0077165 105.7571754 20190810025505 
1 -0.4428 -0.1566 -0.4984 21.0077165 105.7571754 20190810025505 
1 -0.1573 -0.0655 -0.1361 21.0077165 105.7571754 20190810025505 
1 -0.2874 0.3782 -1.3451 21.0077165 105.7571754 20190810025505 
1 0.2745 0.1296 -1.5433 21.0077165 105.7571754 20190810025505 
1 -0.3786 -0.1247 -0.3250 21.0077165 105.7571754 20190810025505 
1 -0.4410 0.2056 -0.6396 21.0077165 105.7571754 20190810025505 
1 0.0195 0.1344 -1.5519 21.0077165 105.7571754 20190810025505 
1 0.2654 -0.0740 -1.1840 21.0077548 105.756994 20190810025505 
1 -0.2073 0.0683 -0.6417 21.0077548 105.756994 20190810025505 
1 -0.1051 0.0951 -1.2874 21.0077548 105.756994 20190810025505 
1 0.0019 0.0503 -1.5850 21.0077548 105.756994 20190810025505 
1 0.4803 -0.0058 -0.8371 21.0077548 105.756994 20190810025505 
1 -0.3626 0.0805 -0.6823 21.0077548 105.756994 20190810025505 
1 -0.0494 -0.0898 -0.1831 21.0077548 105.756994 20190810025505 
1 0.1749 0.1100 -0.0076 21.0077548 105.756994 20190810025505 
1 0.0017 0.1110 -0.2162 21.0077548 105.756994 20190810025505 
1 -0.1921 -0.2854 0.4816 21.0077548 105.756994 20190810025505 
1 0.0700 0.4651 -0.6124 21.0077548 105.756994 20190810025505 
1 -0.1989 0.0040 -0.7014 21.0077548 105.756994 20190810025505 
1 0.2465 -0.1603 0.6752 21.0077548 105.756994 20190810025505 
1 -0.4921 0.0740 0.5419 21.0077548 105.756994 20190810025505 
1 -0.0375 0.4677 -0.5298 21.0077548 105.756994 20190810025505 
1 0.0355 0.1042 -0.3222 21.0077548 105.756994 20190810025505 
1 -0.2546 -0.4288 1.2336 21.0077548 105.756994 20190810025505 
1 -0.3771 0.1943 -0.1476 21.0077548 105.756994 20190810025506 
1 0.3552 0.3508 -1.2755 21.0077548 105.756994 20190810025506 
1 -0.2447 -0.2417 -0.2916 21.0077548 105.756994 20190810025506 
1 -0.0671 0.1472 0.5995 21.0077548 105.756994 20190810025506 
1 0.1003 -0.0309 -0.1497 21.0077548 105.756994 20190810025506 
1 -0.4275 -0.1411 0.3778 21.0077548 105.756994 20190810025506 
1 -0.1374 0.2080 0.4272 21.0077548 105.756994 20190810025506 
1 -0.1205 -0.1185 0.6848 21.0077548 105.756994 20190810025506 
1 -0.1921 0.0170 0.7219 21.0077548 105.756994 20190810025506 
1 0.1473 0.1356 0.2613 21.0077548 105.756994 20190810025506 
1 -0.2542 0.0873 0.4880 21.0077548 105.756994 20190810025506 
1 -0.4349 0.1008 1.0181 21.0077548 105.756994 20190810025506 
1 0.0543 0.2931 0.6377 21.0077548 105.756994 20190810025506 
1 -0.4254 0.0525 0.5527 21.0077548 105.756994 20190810025506 
1 -0.2844 0.0500 0.7021 21.0077548 105.756994 20190810025506 
1 -0.1481 0.1887 -0.0130 21.0077548 105.756994 20190810025506 
1 0.0992 0.1886 -0.3582 21.0077548 105.756994 20190810025506 
1 0.0461 0.2445 -0.6652 21.0077548 105.756994 20190810025506 
1 -0.2739 0.0385 -0.5859 21.0077548 105.756994 20190810025506 
1 -0.0964 0.0311 -0.1709 21.0077548 105.756994 20190810025506 
1 -0.0300 0.2063 -0.2327 21.0077548 105.756994 20190810025506 
1 -0.3466 0.1044 -0.3182 21.0077548 105.756994 20190810025506 
1 -0.2714 0.0424 0.0344 21.0077548 105.756994 20190810025506 
1 0.2921 0.1634 -0.3633 21.0077548 105.756994 20190810025506 
1 -0.0662 -0.1524 -0.0159 21.0077548 105.756994 20190810025506 
1 -0.1655 0.0015 0.3352 21.0077548 105.756994 20190810025506 
1 -0.0753 0.1719 0.0132 21.0077548 105.756994 20190810025506 
1 -0.1254 -0.0783 0.5544 21.0077548 105.756994 20190810025506 
1 -0.0672 0.0162 1.1010 21.0077548 105.756994 20190810025506 
1 -0.1007 -0.0404 0.8026 21.0077548 105.756994 20190810025506 
1 0.2618 0.0969 0.8118 21.0077982 105.7568074 20190810025506 
1 -0.2415 0.0180 1.2057 21.0077982 105.7568074 20190810025506 
1 -0.0985 0.0930 1.2126 21.0077982 105.7568074 20190810025506 
1 -0.3581 0.1367 0.6535 21.0077982 105.7568074 20190810025506 
1 0.1801 0.1144 0.5871 21.0077982 105.7568074 20190810025506 
1 -0.1126 0.2289 0.3202 21.0077982 105.7568074 20190810025506 
1 -0.3443 0.1781 0.1761 21.0077982 105.7568074 20190810025506 
1 0.0713 0.1843 0.1800 21.0077982 105.7568074 20190810025506 
1 -0.0755 0.0495 0.3486 21.0077982 105.7568074 20190810025506 
1 -0.3101 -0.3275 0.8614 21.0077982 105.7568074 20190810025506 
1 -0.1652 -0.2096 1.2039 21.0077982 105.7568074 20190810025506 
1 -0.0821 -0.1514 0.9750 21.0077982 105.7568074 20190810025506 
1 -0.2626 -0.5987 1.1261 21.0077982 105.7568074 20190810025506 
1 -0.3479 -0.3002 0.9815 21.0077982 105.7568074 20190810025506 
1 -0.0199 -0.1248 0.5924 21.0077982 105.7568074 20190810025506 
1 -0.1566 -0.3817 2.2582 21.0077982 105.7568074 20190810025506 
1 -0.2565 -0.3601 3.5328 21.0077982 105.7568074 20190810025506 
1 -0.4804 -0.0153 3.6723 21.0077982 105.7568074 20190810025506 
1 0.1504 0.3268 3.0141 21.0077982 105.7568074 20190810025506 
1 -0.4626 -0.0416 2.9499 21.0077982 105.7568074 20190810025507 
1 0.2218 0.4578 2.2340 21.0077982 105.7568074 20190810025507 
1 0.5242 -0.9677 4.4668 21.0077982 105.7568074 20190810025507 
1 -0.0453 1.2162 0.2072 21.0077982 105.7568074 20190810025507 
1 -0.3768 0.8066 -2.8903 21.0077982 105.7568074 20190810025507 
1 0.4097 -0.5008 0.9524 21.0077982 105.7568074 20190810025507 
1 -0.0730 0.8153 -1.2195 21.0077982 105.7568074 20190810025507 
1 -0.3950 0.7830 -5.1974 21.0077982 105.7568074 20190810025507 
1 -0.4605 0.5886 -3.9850 21.0077982 105.7568074 20190810025507 
1 0.9664 0.1107 0.3537 21.0077982 105.7568074 20190810025507 
1 -1.6074 1.1752 -4.1531 21.0077982 105.7568074 20190810025507 
1 1.7536 0.5043 -9.8861 21.0077982 105.7568074 20190810025507 
1 0.2319 -0.8019 -5.8689 21.0077982 105.7568074 20190810025507 
1 -1.8175 0.9631 -4.6010 21.0077982 105.7568074 20190810025507 
1 1.5606 -0.0850 -7.3960 21.0077982 105.7568074 20190810025507 
1 -0.0206 -0.6873 -5.9455 21.0077982 105.7568074 20190810025507 
1 -0.4733 0.4642 -4.2035 21.0077982 105.7568074 20190810025507 
1 -0.7674 -0.0758 -3.3238 21.0077982 105.7568074 20190810025507 
1 1.0261 0.3826 -3.7140 21.0077982 105.7568074 20190810025507 
1 -0.7060 0.1037 -2.5000 21.0077982 105.7568074 20190810025507 
1 -0.3414 -0.3261 -1.1912 21.0077982 105.7568074 20190810025507 
1 -0.0735 0.3181 -1.2244 21.0077982 105.7568074 20190810025507 
1 -0.1988 0.0853 -0.7958 21.0077982 105.7568074 20190810025507 
1 -0.2339 -0.3896 0.4595 21.0077982 105.7568074 20190810025507 
1 0.1876 -0.1759 0.7688 21.0077982 105.7568074 20190810025507 
1 -0.5880 0.0079 0.8498 21.0077982 105.7568074 20190810025507 
1 -0.0853 -0.0665 1.8821 21.0077982 105.7568074 20190810025507 
1 -0.0168 -0.3989 2.6059 21.0077982 105.7568074 20190810025507 
1 -0.3086 -0.3351 2.9826 21.0077982 105.7568074 20190810025507 
1 -0.3024 -0.2118 3.1347 21.0077982 105.7568074 20190810025507 
1 0.0436 -0.1220 3.4788 21.0077982 105.7568074 20190810025507 
1 -0.0900 -0.0331 3.6953 21.0077982 105.7568074 20190810025507 
1 0.1442 -0.0561 3.3428 21.0078359 105.7566311 20190810025507 
1 -0.1302 0.0309 2.9403 21.0078359 105.7566311 20190810025507 
1 0.2807 0.1424 2.7751 21.0078359 105.7566311 20190810025507 
1 0.0497 0.2633 1.9389 21.0078359 105.7566311 20190810025507 
1 0.2712 0.2080 1.2546 21.0078359 105.7566311 20190810025507 
1 0.5069 0.1099 0.2667 21.0078359 105.7566311 20190810025507 
1 0.3006 0.0481 0.2133 21.0078359 105.7566311 20190810025507 
1 0.2692 0.2023 -0.1536 21.0078359 105.7566311 20190810025507 
1 -0.1149 0.1962 -0.9013 21.0078359 105.7566311 20190810025507 
1 0.2346 0.1535 -0.8818 21.0078359 105.7566311 20190810025507 
1 -0.0136 0.0911 -1.0773 21.0078359 105.7566311 20190810025507 
1 0.3784 0.1932 -1.0918 21.0078359 105.7566311 20190810025507 
1 -0.0093 0.0325 -1.2132 21.0078359 105.7566311 20190810025507 
1 0.0931 0.1328 -1.2294 21.0078359 105.7566311 20190810025507 
1 0.3466 0.0826 -1.3984 21.0078359 105.7566311 20190810025507 
1 -0.0654 -0.0490 -1.2108 21.0078359 105.7566311 20190810025507 
1 0.3418 0.1509 -1.2204 21.0078359 105.7566311 20190810025508 
1 0.0318 0.0439 -1.4240 21.0078359 105.7566311 20190810025508 
1 0.0438 0.0588 -0.9767 21.0078359 105.7566311 20190810025508 
1 -0.3136 0.1756 -0.8173 21.0078359 105.7566311 20190810025508 
1 0.3300 0.0969 -0.9823 21.0078359 105.7566311 20190810025508 
1 -0.2934 0.0643 -0.8652 21.0078359 105.7566311 20190810025508 
1 0.2351 -0.3048 0.3876 21.0078359 105.7566311 20190810025508 
1 -0.5057 -0.7653 1.9541 21.0078359 105.7566311 20190810025508 
1 0.6617 1.0793 -1.2564 21.0078359 105.7566311 20190810025508 
1 -0.5089 -0.0225 -1.6504 21.0078359 105.7566311 20190810025508 
1 -0.1041 -0.8192 1.1468 21.0078359 105.7566311 20190810025508 
1 -0.9142 0.9012 -2.6120 21.0078359 105.7566311 20190810025508 
1 0.7229 1.7159 -5.0957 21.0078359 105.7566311 20190810025508 
1 -0.5455 -1.1883 1.4453 21.0078359 105.7566311 20190810025508 
1 -0.4749 0.3220 2.9346 21.0078359 105.7566311 20190810025508 
1 -0.2372 2.2535 -3.1617 21.0078359 105.7566311 20190810025508 
1 1.2654 0.1897 -4.6834 21.0078359 105.7566311 20190810025508 
1 -1.2515 -1.1502 0.1565 21.0078359 105.7566311 20190810025508 
1 0.0752 1.6210 -4.4639 21.0078359 105.7566311 20190810025508 
1 1.1635 -0.0888 -8.4005 21.0078359 105.7566311 20190810025508 
1 -0.2017 0.4194 -3.3634 21.0078359 105.7566311 20190810025508 
1 -0.6738 -0.3673 -1.7504 21.0078359 105.7566311 20190810025508 
1 0.9636 0.3808 -2.5546 21.0078359 105.7566311 20190810025508 
1 0.1778 0.6487 -2.4518 21.0078359 105.7566311 20190810025508 
1 -0.2499 -1.0313 -0.8077 21.0078359 105.7566311 20190810025508 
1 0.0024 -0.7177 1.8232 21.0078359 105.7566311 20190810025508 
1 0.4413 0.2484 1.2970 21.0078359 105.7566311 20190810025508 
1 0.3529 -0.6340 1.0987 21.0078359 105.7566311 20190810025508 
1 -0.6153 -1.7092 4.8270 21.0078359 105.7566311 20190810025508 
1 1.0489 -0.1528 4.5929 21.0078359 105.7566311 20190810025508 
1 -0.4569 0.2055 2.4127 21.0078359 105.7566311 20190810025508 
1 0.6951 -0.9743 6.1064 21.0078359 105.7566311 20190810025508 
1 -0.3127 -0.5823 6.5234 21.0078727 105.7564554 20190810025508 
1 -0.1542 1.1516 5.9345 21.0078727 105.7564554 20190810025508 
1 0.5428 0.7558 5.2675 21.0078727 105.7564554 20190810025508 
1 -0.3644 -0.1159 5.9848 21.0078727 105.7564554 20190810025508 
1 -0.3698 1.0210 5.0230 21.0078727 105.7564554 20190810025508 
1 0.6233 0.4868 2.1920 21.0078727 105.7564554 20190810025508 
1 -0.4154 -0.1901 1.3286 21.0078727 105.7564554 20190810025508 
1 -0.2658 0.6731 -0.0020 21.0078727 105.7564554 20190810025508 
1 0.1374 0.0288 -1.5847 21.0078727 105.7564554 20190810025508 
1 -0.4233 -0.2277 -2.0105 21.0078727 105.7564554 20190810025508 
1 -0.0591 -0.1558 -2.0444 21.0078727 105.7564554 20190810025508 
1 0.0570 -0.0946 -2.6337 21.0078727 105.7564554 20190810025508 
1 -0.2567 -0.0023 -2.4982 21.0078727 105.7564554 20190810025508 
1 -0.0027 -0.2412 -2.4489 21.0078727 105.7564554 20190810025508 
1 0.0994 -0.2241 -2.6669 21.0078727 105.7564554 20190810025508 
1 0.1601 -0.0021 -2.3403 21.0078727 105.7564554 20190810025508 
1 0.0962 -0.2951 -2.2566 21.0078727 105.7564554 20190810025508 
1 -0.1904 -0.3739 -1.7248 21.0078727 105.7564554 20190810025508 
1 0.0751 -0.1071 -1.3159 21.0078727 105.7564554 20190810025509 
1 0.4102 0.2874 -1.2128 21.0078727 105.7564554 20190810025509 
1 -0.0582 -0.2576 -0.7529 21.0078727 105.7564554 20190810025509 
1 -0.0766 -0.2850 0.0691 21.0078727 105.7564554 20190810025509 
1 0.1099 -0.1475 0.2958 21.0078727 105.7564554 20190810025509 
1 0.3142 -0.0772 0.6265 21.0078727 105.7564554 20190810025509 
1 -0.2306 -0.0069 0.6409 21.0078727 105.7564554 20190810025509 
1 0.4562 -0.3199 1.2722 21.0078727 105.7564554 20190810025509 
1 -0.0261 -0.2518 1.5382 21.0078727 105.7564554 20190810025509 
1 0.2241 -0.1017 1.7076 21.0078727 105.7564554 20190810025509 
1 0.3242 -0.0404 1.5332 21.0078727 105.7564554 20190810025509 
1 0.1427 -0.1279 1.7728 21.0078727 105.7564554 20190810025509 
1 0.3057 -0.2254 1.9627 21.0078727 105.7564554 20190810025509 
1 0.5190 0.0783 1.0086 21.0078727 105.7564554 20190810025509 
1 -0.2920 -0.2711 0.9097 21.0078727 105.7564554 20190810025509 
1 0.3748 -0.1374 1.3933 21.0078727 105.7564554 20190810025509 
1 0.0350 0.2560 0.7218 21.0078727 105.7564554 20190810025509 
1 0.1142 0.0291 0.0699 21.0078727 105.7564554 20190810025509 
1 0.1584 -0.0631 -0.5373 21.0078727 105.7564554 20190810025509 
1 -0.0453 -0.0203 -0.2069 21.0078727 105.7564554 20190810025509 
1 -0.0237 -0.1015 0.5319 21.0078727 105.7564554 20190810025509 
1 0.2178 0.0681 -0.1640 21.0078727 105.7564554 20190810025509 
1 -0.1487 0.0750 -2.3879 21.0078727 105.7564554 20190810025509 
1 0.0278 -0.0889 -1.0105 21.0078727 105.7564554 20190810025509 
1 0.4094 -0.0575 0.3547 21.0078727 105.7564554 20190810025509 
