1000
1 -0.1435 -0.0997 0.1813 21.0090379 105.7496112 20190810121627 ;
1 -0.0038 -0.0768 0.1053 21.0090379 105.7496112 20190810121627 ;
1 -0.1462 -0.0060 0.0875 21.0090379 105.7496112 20190810121627 ;
1 -0.1615 -0.0177 0.1282 21.0090379 105.7496112 20190810121627 ;
1 -0.1061 -0.1035 0.0305 21.0090379 105.7496112 20190810121628 ;
1 -0.0665 -0.1406 0.2376 21.0090379 105.7496112 20190810121628 ;
1 -0.0095 0.0649 -0.0220 21.0090379 105.7496112 20190810121628 ;
1 -0.1468 -0.0419 -0.0176 21.0090379 105.7496112 20190810121628 ;
1 -0.1782 0.0063 0.0756 21.0090379 105.7496112 20190810121628 ;
1 -0.1301 0.1778 -0.0262 21.0090379 105.7496112 20190810121628 ;
1 -0.1319 -0.1118 -0.0009 21.0090379 105.7496112 20190810121628 ;
1 -0.0404 0.0736 -0.0478 21.0090379 105.7496112 20190810121628 ;
1 -0.0795 -0.1431 -0.2404 21.0090379 105.7496112 20190810121628 ;
1 -0.2287 0.1232 -0.0559 21.0090379 105.7496112 20190810121628 ;
1 0.0130 -0.2632 -0.1795 21.0090379 105.7496112 20190810121628 ;
1 -0.0664 -0.1478 0.2967 21.0090379 105.7496112 20190810121628 ;
1 -0.0725 -0.0075 0.1327 21.0090379 105.7496112 20190810121628 ;
1 -0.1338 -0.2479 0.1184 21.0090379 105.7496112 20190810121628 ;
1 -0.1261 -0.2810 0.0517 21.0090379 105.7496112 20190810121628 ;
1 -0.1167 -0.1664 0.0783 21.0090379 105.7496112 20190810121628 ;
1 0.0204 -0.4236 -0.2116 21.0090379 105.7496112 20190810121628 ;
1 -0.2017 -0.3788 0.1372 21.0090379 105.7496112 20190810121628 ;
1 -0.1622 -0.1985 0.0632 21.0090379 105.7496112 20190810121628 ;
1 -0.0522 -0.2643 0.1164 21.0090379 105.7496112 20190810121628 ;
1 -0.1029 -0.2637 0.1581 21.0090379 105.7496112 20190810121628 ;
1 -0.0838 -0.2537 0.1269 21.0090379 105.7496112 20190810121628 ;
1 -0.1444 -0.2052 0.1548 21.0090379 105.7496112 20190810121628 ;
1 -0.1390 -0.2836 -0.0124 21.0090379 105.7496112 20190810121628 ;
1 0.2763 0.0728 -0.7577 21.0090379 105.7496112 20190810121628 ;
1 -0.2114 -0.3334 -0.0295 21.0090379 105.7496112 20190810121628 ;
1 -0.0468 0.0168 0.2158 21.0090379 105.7496112 20190810121628 ;
1 -0.0506 -0.2949 -0.2718 21.0090379 105.7496112 20190810121628 ;
1 -0.0362 0.0655 0.0267 21.0090379 105.7496112 20190810121628 ;
1 -0.1441 0.1364 0.2589 21.0090379 105.7496112 20190810121628 ;
1 -0.2119 -0.4140 -0.5052 21.0090379 105.7496112 20190810121628 ;
1 -0.1459 0.1561 -0.3261 21.0090379 105.7496112 20190810121628 ;
1 -0.2528 0.1610 -0.1093 21.0090379 105.7496112 20190810121628 ;
1 -0.0477 -0.0896 0.1639 21.0090379 105.7496112 20190810121628 ;
1 -0.1306 0.0108 0.2343 21.0089987 105.7498178 20190810121628 ;
1 -0.1058 0.1264 -0.0039 21.0089987 105.7498178 20190810121628 ;
1 -0.1860 0.0698 0.6899 21.0089987 105.7498178 20190810121628 ;
1 -0.4090 0.2346 1.4422 21.0089987 105.7498178 20190810121628 ;
1 0.1200 -0.2340 -0.1554 21.0089987 105.7498178 20190810121628 ;
1 0.0583 -0.1317 -0.1734 21.0089987 105.7498178 20190810121628 ;
1 -0.3847 -0.0902 0.4811 21.0089987 105.7498178 20190810121628 ;
1 -0.0423 0.0927 -0.1929 21.0089987 105.7498178 20190810121628 ;
1 0.3188 -0.4274 -0.2600 21.0089987 105.7498178 20190810121628 ;
1 -0.1875 0.1218 1.2621 21.0089987 105.7498178 20190810121628 ;
1 0.0996 -0.3171 0.2353 21.0089987 105.7498178 20190810121628 ;
1 0.1816 -0.2082 -1.2067 21.0089987 105.7498178 20190810121628 ;
1 -0.0527 -0.7575 -1.5026 21.0089987 105.7498178 20190810121628 ;
1 0.0306 0.1048 -0.6607 21.0089987 105.7498178 20190810121628 ;
1 0.0305 -0.2296 -1.2041 21.0089987 105.7498178 20190810121628 ;
1 0.0962 -0.4023 -1.5168 21.0089987 105.7498178 20190810121629 ;
1 0.0369 -0.1213 -1.2072 21.0089987 105.7498178 20190810121629 ;
1 -0.1156 -0.1212 -1.0320 21.0089987 105.7498178 20190810121629 ;
1 0.0330 -0.2307 -1.2438 21.0089987 105.7498178 20190810121629 ;
1 0.1924 -0.3192 -1.6023 21.0089987 105.7498178 20190810121629 ;
1 -0.3342 -0.0209 -0.3027 21.0089987 105.7498178 20190810121629 ;
1 0.0026 -0.0834 -0.9037 21.0089987 105.7498178 20190810121629 ;
1 -0.0162 -0.1371 -0.6193 21.0089987 105.7498178 20190810121629 ;
1 0.0268 -0.1318 -0.3100 21.0089987 105.7498178 20190810121629 ;
1 -0.2666 -0.0174 0.4348 21.0089987 105.7498178 20190810121629 ;
1 -0.1022 -0.0169 0.4473 21.0089987 105.7498178 20190810121629 ;
1 -0.2345 -0.0371 1.0975 21.0089987 105.7498178 20190810121629 ;
1 0.2471 -0.0680 -0.3968 21.0089987 105.7498178 20190810121629 ;
1 -0.6499 0.3822 1.6019 21.0089987 105.7498178 20190810121629 ;
1 -0.0486 -0.5897 1.1812 21.0089987 105.7498178 20190810121629 ;
1 0.1602 0.8492 1.2240 21.0089987 105.7498178 20190810121629 ;
1 -0.1527 -0.5725 0.9789 21.0089987 105.7498178 20190810121629 ;
1 -0.2737 -0.0618 2.0246 21.0089987 105.7498178 20190810121629 ;
1 0.3135 0.3456 -0.3673 21.0089987 105.7498178 20190810121629 ;
1 0.0442 -0.4663 -0.0768 21.0089987 105.7498178 20190810121629 ;
1 -0.4828 0.1943 1.7914 21.0089987 105.7498178 20190810121629 ;
1 0.3200 -0.1102 -0.1877 21.0089987 105.7498178 20190810121629 ;
1 -0.0218 0.0037 -0.5629 21.0089987 105.7498178 20190810121629 ;
1 -0.2452 -0.3150 -0.1685 21.0089987 105.7498178 20190810121629 ;
1 0.2256 -0.2205 -0.9111 21.0089987 105.7498178 20190810121629 ;
1 -0.2243 -0.1190 -0.6947 21.0089987 105.7498178 20190810121629 ;
1 0.0854 0.1018 -0.6205 21.0089987 105.7498178 20190810121629 ;
1 0.1219 -0.2922 -0.4641 21.0089987 105.7498178 20190810121629 ;
1 -0.1202 -0.1906 0.0638 21.0089987 105.7498178 20190810121629 ;
1 -0.1155 0.2703 0.0630 21.0089987 105.7498178 20190810121629 ;
1 0.0417 -0.2945 -1.2913 21.0089987 105.7498178 20190810121629 ;
1 -0.2114 -0.3314 -0.5934 21.0089987 105.7498178 20190810121629 ;
1 -0.1947 0.2458 -0.0901 21.0089987 105.7498178 20190810121629 ;
1 -0.0954 0.0859 -0.4445 21.0089619 105.7500246 20190810121629 ;
1 -0.2096 -0.2396 0.0237 21.0089619 105.7500246 20190810121629 ;
1 -0.1530 0.1898 0.3488 21.0089619 105.7500246 20190810121629 ;
1 -0.1492 -0.0540 -0.0811 21.0089619 105.7500246 20190810121629 ;
1 0.0130 -0.2409 0.1524 21.0089619 105.7500246 20190810121629 ;
1 -0.1276 -0.0056 0.5543 21.0089619 105.7500246 20190810121629 ;
1 -0.1778 -0.1355 0.2539 21.0089619 105.7500246 20190810121629 ;
1 -0.0359 0.1551 0.4008 21.0089619 105.7500246 20190810121629 ;
1 -0.0697 -0.2304 0.0959 21.0089619 105.7500246 20190810121629 ;
1 -0.2282 -0.0605 0.1368 21.0089619 105.7500246 20190810121629 ;
1 -0.1620 -0.2663 -0.2467 21.0089619 105.7500246 20190810121629 ;
1 -0.1541 -0.0088 0.0845 21.0089619 105.7500246 20190810121629 ;
1 -0.1208 -0.2715 -0.1832 21.0089619 105.7500246 20190810121629 ;
1 -0.0806 -0.0083 0.0813 21.0089619 105.7500246 20190810121629 ;
1 -0.3071 -0.1211 0.1550 21.0089619 105.7500246 20190810121629 ;
1 -0.0916 -0.1369 -0.2555 21.0089619 105.7500246 20190810121629 ;
1 -0.2608 -0.0490 0.0131 21.0089619 105.7500246 20190810121630 ;
1 -0.0835 -0.2759 0.0025 21.0089619 105.7500246 20190810121630 ;
1 -0.0272 0.0815 0.0817 21.0089619 105.7500246 20190810121630 ;
1 -0.1572 -0.1084 -0.4720 21.0089619 105.7500246 20190810121630 ;
1 -0.2188 0.0714 0.0498 21.0089619 105.7500246 20190810121630 ;
1 -0.0428 -0.2360 -0.1451 21.0089619 105.7500246 20190810121630 ;
1 -0.0780 0.0505 -0.2405 21.0089619 105.7500246 20190810121630 ;
1 -0.2248 -0.0776 -0.0913 21.0089619 105.7500246 20190810121630 ;
1 -0.0793 -0.1631 -0.1613 21.0089619 105.7500246 20190810121630 ;
1 -0.1236 0.0839 0.1897 21.0089619 105.7500246 20190810121630 ;
1 -0.1041 -0.1793 -0.0643 21.0089619 105.7500246 20190810121630 ;
1 -0.1136 -0.0502 0.0758 21.0089619 105.7500246 20190810121630 ;
1 -0.0873 -0.2334 0.1457 21.0089619 105.7500246 20190810121630 ;
1 -0.2859 0.0877 0.1967 21.0089619 105.7500246 20190810121630 ;
1 -0.1854 -0.1720 0.0936 21.0089619 105.7500246 20190810121630 ;
1 -0.0324 -0.0378 0.2703 21.0089619 105.7500246 20190810121630 ;
1 -0.2437 0.0749 0.1336 21.0089619 105.7500246 20190810121630 ;
1 -0.2117 0.0465 0.4305 21.0089619 105.7500246 20190810121630 ;
1 -0.0803 -0.1274 0.2215 21.0089619 105.7500246 20190810121630 ;
1 -0.2959 0.0721 0.6502 21.0089619 105.7500246 20190810121630 ;
1 -0.1102 0.0556 0.6783 21.0089619 105.7500246 20190810121630 ;
1 -0.0616 0.0922 0.3494 21.0089619 105.7500246 20190810121630 ;
1 -0.2023 -0.0212 0.0551 21.0089619 105.7500246 20190810121630 ;
1 -0.3214 0.4183 0.8955 21.0089619 105.7500246 20190810121630 ;
1 -0.1323 -0.0556 0.4152 21.0089619 105.7500246 20190810121630 ;
1 0.0516 -0.0244 0.0357 21.0089619 105.7500246 20190810121630 ;
1 -0.4699 0.2338 1.0414 21.0089619 105.7500246 20190810121630 ;
1 -0.1441 0.0250 0.5305 21.0089619 105.7500246 20190810121630 ;
1 0.0546 -0.0673 0.2756 21.0089619 105.7500246 20190810121630 ;
1 -0.2487 0.0635 0.3391 21.0089619 105.7500246 20190810121630 ;
1 -0.1651 -0.1112 0.4838 21.0089619 105.7500246 20190810121630 ;
1 -0.2808 -0.0964 0.6456 21.0089619 105.7500246 20190810121630 ;
1 -0.1966 0.1699 0.2123 21.0089619 105.7500246 20190810121630 ;
1 -0.0363 -0.3667 -0.1652 21.0089619 105.7500246 20190810121630 ;
1 -0.2694 0.1969 0.8329 21.0089619 105.7500246 20190810121630 ;
1 -0.2260 -0.2839 0.2619 21.008928 105.750235 20190810121630 ;
1 -0.1849 -0.1041 0.3213 21.008928 105.750235 20190810121630 ;
1 -0.1385 -0.0329 0.4982 21.008928 105.750235 20190810121630 ;
1 -0.1333 -0.1916 0.2127 21.008928 105.750235 20190810121630 ;
1 -0.2490 -0.2141 0.4038 21.008928 105.750235 20190810121630 ;
1 -0.1281 -0.0910 0.0113 21.008928 105.750235 20190810121630 ;
1 -0.1936 -0.1048 0.1357 21.008928 105.750235 20190810121630 ;
1 -0.2161 -0.3034 0.3272 21.008928 105.750235 20190810121630 ;
1 -0.0488 0.1359 0.2532 21.008928 105.750235 20190810121630 ;
1 -0.2535 -0.4081 -0.2738 21.008928 105.750235 20190810121630 ;
1 -0.1031 -0.2488 -0.2133 21.008928 105.750235 20190810121630 ;
1 -0.1898 -0.1313 -0.1883 21.008928 105.750235 20190810121630 ;
1 -0.2417 -0.2531 -0.0452 21.008928 105.750235 20190810121630 ;
1 -0.1479 -0.1316 -0.0351 21.008928 105.750235 20190810121630 ;
1 -0.1288 -0.3432 -0.3523 21.008928 105.750235 20190810121630 ;
1 -0.2746 0.1778 0.0442 21.008928 105.750235 20190810121630 ;
1 0.0837 -0.3072 -0.8380 21.008928 105.750235 20190810121631 ;
1 0.1142 -0.5847 -1.0310 21.008928 105.750235 20190810121631 ;
1 -0.2480 -0.0036 -0.1134 21.008928 105.750235 20190810121631 ;
1 0.0559 0.2243 -0.9773 21.008928 105.750235 20190810121631 ;
1 -0.0875 -0.1646 -0.4334 21.008928 105.750235 20190810121631 ;
1 0.0562 0.0609 -0.1359 21.008928 105.750235 20190810121631 ;
1 -0.0593 0.0956 -1.3807 21.008928 105.750235 20190810121631 ;
1 -0.1879 -0.1060 -1.3642 21.008928 105.750235 20190810121631 ;
1 -0.0778 -0.2593 -1.2420 21.008928 105.750235 20190810121631 ;
1 -0.0482 0.3519 -1.1697 21.008928 105.750235 20190810121631 ;
1 -0.1473 0.0602 -0.7531 21.008928 105.750235 20190810121631 ;
1 0.0390 0.0551 -0.5073 21.008928 105.750235 20190810121631 ;
1 -0.0321 -0.1529 -0.8521 21.008928 105.750235 20190810121631 ;
1 -0.1666 0.2879 -0.5117 21.008928 105.750235 20190810121631 ;
1 -0.0715 0.1343 -0.3884 21.008928 105.750235 20190810121631 ;
1 -0.0453 -0.1956 -0.3832 21.008928 105.750235 20190810121631 ;
1 -0.0411 0.0814 -0.0947 21.008928 105.750235 20190810121631 ;
1 -0.1192 -0.0254 -0.0175 21.008928 105.750235 20190810121631 ;
1 -0.0204 0.0135 -0.0475 21.008928 105.750235 20190810121631 ;
1 0.0276 0.0089 -0.0003 21.008928 105.750235 20190810121631 ;
1 -0.0877 -0.0469 -0.0185 21.008928 105.750235 20190810121631 ;
1 -0.0719 -0.0916 0.6104 21.008928 105.750235 20190810121631 ;
1 -0.0617 -0.0905 0.0993 21.008928 105.750235 20190810121631 ;
1 -0.1586 -0.2890 0.1329 21.008928 105.750235 20190810121631 ;
1 -0.0751 -0.0544 0.5135 21.008928 105.750235 20190810121631 ;
1 0.0032 -0.0146 0.2568 21.008928 105.750235 20190810121631 ;
1 -0.1665 -0.1486 0.3136 21.008928 105.750235 20190810121631 ;
1 -0.1590 -0.1209 0.3792 21.008928 105.750235 20190810121631 ;
1 -0.0896 0.1479 0.3927 21.008928 105.750235 20190810121631 ;
1 -0.1134 -0.1331 0.2953 21.008928 105.750235 20190810121631 ;
1 -0.0920 -0.2079 0.4608 21.008928 105.750235 20190810121631 ;
1 -0.1149 -0.0561 0.5446 21.008928 105.750235 20190810121631 ;
1 -0.0806 -0.0247 0.5213 21.0088879 105.7504364 20190810121631 ;
1 -0.0554 -0.1373 0.4079 21.0088879 105.7504364 20190810121631 ;
1 -0.2082 0.0347 0.6020 21.0088879 105.7504364 20190810121631 ;
1 -0.1355 -0.0905 0.4223 21.0088879 105.7504364 20190810121631 ;
1 -0.1317 -0.0685 0.3406 21.0088879 105.7504364 20190810121631 ;
1 -0.0735 0.0273 -0.0189 21.0088879 105.7504364 20190810121631 ;
1 -0.0371 -0.1591 0.4463 21.0088879 105.7504364 20190810121631 ;
1 0.0729 -0.1914 0.3181 21.0088879 105.7504364 20190810121631 ;
1 -0.2684 0.2992 0.4020 21.0088879 105.7504364 20190810121631 ;
1 0.0597 -0.1549 -0.2133 21.0088879 105.7504364 20190810121631 ;
1 -0.2042 0.0499 0.3301 21.0088879 105.7504364 20190810121631 ;
1 -0.1480 0.0993 0.2413 21.0088879 105.7504364 20190810121631 ;
1 0.0135 -0.3254 -0.4483 21.0088879 105.7504364 20190810121631 ;
1 -0.2392 0.0671 0.2730 21.0088879 105.7504364 20190810121631 ;
1 -0.0581 -0.0087 0.0925 21.0088879 105.7504364 20190810121632 ;
1 -0.1835 0.0646 0.0987 21.0088879 105.7504364 20190810121632 ;
1 -0.0062 -0.1214 0.2125 21.0088879 105.7504364 20190810121632 ;
1 -0.1532 -0.2063 0.2186 21.0088879 105.7504364 20190810121632 ;
1 -0.1533 0.0601 0.1935 21.0088879 105.7504364 20190810121632 ;
1 -0.1827 -0.1510 0.0452 21.0088879 105.7504364 20190810121632 ;
1 -0.1238 0.0121 0.1084 21.0088879 105.7504364 20190810121632 ;
1 -0.0036 -0.0117 0.0242 21.0088879 105.7504364 20190810121632 ;
1 -0.3033 0.3658 0.4235 21.0088879 105.7504364 20190810121632 ;
1 -0.0218 -0.2364 0.1581 21.0088879 105.7504364 20190810121632 ;
1 -0.0768 0.0679 0.1785 21.0088879 105.7504364 20190810121632 ;
1 -0.0956 0.1608 -0.0511 21.0088879 105.7504364 20190810121632 ;
1 -0.0857 0.0469 0.0926 21.0088879 105.7504364 20190810121632 ;
1 -0.1144 -0.0914 0.0802 21.0088879 105.7504364 20190810121632 ;
1 -0.0557 0.2121 -0.1215 21.0088879 105.7504364 20190810121632 ;
1 0.0033 -0.0851 -0.2019 21.0088879 105.7504364 20190810121632 ;
1 -0.0746 -0.0332 0.0433 21.0088879 105.7504364 20190810121632 ;
1 -0.0290 -0.2873 -0.4303 21.0088879 105.7504364 20190810121632 ;
1 -0.0507 0.0761 -0.2894 21.0088879 105.7504364 20190810121632 ;
1 -0.1492 -0.2099 -0.4947 21.0088879 105.7504364 20190810121632 ;
1 0.0291 0.2874 -0.2580 21.0088879 105.7504364 20190810121632 ;
1 -0.0478 -0.1243 -0.5091 21.0088879 105.7504364 20190810121632 ;
1 -0.0954 -0.3190 -0.5382 21.0088879 105.7504364 20190810121632 ;
1 -0.1480 0.0133 -0.0959 21.0088879 105.7504364 20190810121632 ;
1 -0.0361 -0.1558 -0.7032 21.0088879 105.7504364 20190810121632 ;
1 -0.1270 -0.0759 -0.2647 21.0088879 105.7504364 20190810121632 ;
1 0.0235 -0.0794 0.0161 21.0088879 105.7504364 20190810121632 ;
1 -0.1545 -0.0690 -0.3186 21.0088879 105.7504364 20190810121632 ;
1 -0.1447 0.0971 -0.0587 21.0088879 105.7504364 20190810121632 ;
1 -0.0116 -0.1942 -0.0094 21.0088879 105.7504364 20190810121632 ;
1 -0.0646 -0.1282 0.1444 21.0088879 105.7504364 20190810121632 ;
1 -0.1076 0.2247 0.3159 21.0088879 105.7504364 20190810121632 ;
1 -0.0282 -0.2981 0.0974 21.0088879 105.7504364 20190810121632 ;
1 -0.1379 0.0312 0.1675 21.0088879 105.7504364 20190810121632 ;
1 -0.1805 0.1502 0.3022 21.0088487 105.7506491 20190810121632 ;
1 -0.1919 -0.1086 0.3263 21.0088487 105.7506491 20190810121632 ;
1 -0.0660 -0.1894 0.5362 21.0088487 105.7506491 20190810121632 ;
1 -0.2456 0.1359 0.4832 21.0088487 105.7506491 20190810121632 ;
1 -0.1911 0.1624 0.5554 21.0088487 105.7506491 20190810121632 ;
1 -0.0764 -0.1208 0.6307 21.0088487 105.7506491 20190810121632 ;
1 -0.1135 -0.0788 0.3211 21.0088487 105.7506491 20190810121632 ;
1 -0.2348 0.2652 0.4285 21.0088487 105.7506491 20190810121632 ;
1 -0.1691 -0.1452 0.5253 21.0088487 105.7506491 20190810121632 ;
1 -0.0831 -0.1210 0.6644 21.0088487 105.7506491 20190810121632 ;
1 -0.1775 -0.0402 0.6208 21.0088487 105.7506491 20190810121632 ;
1 -0.1675 0.2621 0.4730 21.0088487 105.7506491 20190810121632 ;
1 -0.1702 -0.1784 0.4201 21.0088487 105.7506491 20190810121632 ;
1 -0.1409 -0.0821 0.3001 21.0088487 105.7506491 20190810121632 ;
1 -0.2294 0.1750 0.2969 21.0088487 105.7506491 20190810121632 ;
1 -0.1581 -0.1782 0.6005 21.0088487 105.7506491 20190810121632 ;
1 -0.0580 -0.0067 0.4880 21.0088487 105.7506491 20190810121633 ;
1 -0.2257 -0.0346 0.3470 21.0088487 105.7506491 20190810121633 ;
1 -0.1958 0.0788 0.1729 21.0088487 105.7506491 20190810121633 ;
1 -0.0443 -0.1551 -0.0857 21.0088487 105.7506491 20190810121633 ;
1 -0.1746 -0.0094 0.2033 21.0088487 105.7506491 20190810121633 ;
1 -0.1531 -0.0656 -0.1458 21.0088487 105.7506491 20190810121633 ;
1 -0.3223 -0.0107 0.3369 21.0088487 105.7506491 20190810121633 ;
1 0.0469 -0.0274 -0.4765 21.0088487 105.7506491 20190810121633 ;
1 -0.2044 0.2209 0.1512 21.0088487 105.7506491 20190810121633 ;
1 0.0390 -0.2597 -0.5801 21.0088487 105.7506491 20190810121633 ;
1 -0.2037 -0.1650 -0.3121 21.0088487 105.7506491 20190810121633 ;
1 -0.1800 0.0156 -0.0768 21.0088487 105.7506491 20190810121633 ;
1 -0.1484 0.1608 -0.6347 21.0088487 105.7506491 20190810121633 ;
1 -0.2546 0.0012 -0.2516 21.0088487 105.7506491 20190810121633 ;
1 0.1110 -0.3849 -0.2294 21.0088487 105.7506491 20190810121633 ;
1 -0.2058 0.3879 -0.4304 21.0088487 105.7506491 20190810121633 ;
1 -0.0647 -0.3670 -0.4198 21.0088487 105.7506491 20190810121633 ;
1 -0.1453 0.1316 0.1246 21.0088487 105.7506491 20190810121633 ;
1 -0.0765 0.0181 -0.6838 21.0088487 105.7506491 20190810121633 ;
1 -0.2022 0.1372 -0.4344 21.0088487 105.7506491 20190810121633 ;
1 -0.1189 -0.2766 -0.4848 21.0088487 105.7506491 20190810121633 ;
1 -0.1175 -0.0408 -0.3025 21.0088487 105.7506491 20190810121633 ;
1 -0.0863 -0.1211 -0.4347 21.0088487 105.7506491 20190810121633 ;
1 -0.0339 0.1995 -0.2436 21.0088487 105.7506491 20190810121633 ;
1 -0.0950 -0.1922 -0.3070 21.0088487 105.7506491 20190810121633 ;
1 -0.0408 -0.0830 -0.4868 21.0088487 105.7506491 20190810121633 ;
1 -0.1744 0.1818 -0.3995 21.0088487 105.7506491 20190810121633 ;
1 0.0456 -0.1414 -0.6106 21.0088487 105.7506491 20190810121633 ;
1 -0.0467 -0.2296 -0.3857 21.0088487 105.7506491 20190810121633 ;
1 -0.1148 0.1094 -0.1899 21.0088487 105.7506491 20190810121633 ;
1 -0.0758 -0.2075 -0.5288 21.0088487 105.7506491 20190810121633 ;
1 -0.0429 0.0334 -0.3246 21.0088487 105.7506491 20190810121633 ;
1 0.0443 0.0282 -0.3106 21.0088487 105.7506491 20190810121633 ;
1 -0.0548 -0.0061 -0.2844 21.008815 105.7508431 20190810121633 ;
1 -0.0627 0.0792 -0.4688 21.008815 105.7508431 20190810121633 ;
1 -0.0844 -0.2734 -0.4242 21.008815 105.7508431 20190810121633 ;
1 -0.0843 0.3445 -0.0911 21.008815 105.7508431 20190810121633 ;
1 -0.0023 -0.2061 -0.3428 21.008815 105.7508431 20190810121633 ;
1 -0.0415 0.1239 -0.1946 21.008815 105.7508431 20190810121633 ;
1 -0.0878 0.0330 -0.2308 21.008815 105.7508431 20190810121633 ;
1 -0.0663 0.1816 -0.3600 21.008815 105.7508431 20190810121633 ;
1 0.0295 -0.0780 -0.7983 21.008815 105.7508431 20190810121633 ;
1 -0.0435 0.0633 -0.3857 21.008815 105.7508431 20190810121633 ;
1 -0.0447 0.0146 -0.1609 21.008815 105.7508431 20190810121633 ;
1 -0.0197 -0.0133 -0.1331 21.008815 105.7508431 20190810121633 ;
1 -0.2300 0.1839 -0.0489 21.008815 105.7508431 20190810121633 ;
1 -0.0895 0.1279 -0.0389 21.008815 105.7508431 20190810121633 ;
1 -0.0193 -0.0280 -0.4686 21.008815 105.7508431 20190810121633 ;
1 -0.1751 0.0719 -0.2211 21.008815 105.7508431 20190810121633 ;
1 -0.2859 0.0475 0.3721 21.008815 105.7508431 20190810121633 ;
1 -0.2000 0.1003 0.3582 21.008815 105.7508431 20190810121633 ;
1 -0.1282 -0.1055 0.3179 21.008815 105.7508431 20190810121634 ;
1 -0.1334 0.1745 1.0719 21.008815 105.7508431 20190810121634 ;
1 -0.2494 0.1124 0.9669 21.008815 105.7508431 20190810121634 ;
1 -0.0998 -0.1345 -0.1301 21.008815 105.7508431 20190810121634 ;
1 -0.1704 0.2994 0.6338 21.008815 105.7508431 20190810121634 ;
1 -0.0770 -0.1695 0.8431 21.008815 105.7508431 20190810121634 ;
1 -0.0576 0.1056 0.4139 21.008815 105.7508431 20190810121634 ;
1 -0.4225 -0.1021 1.0462 21.008815 105.7508431 20190810121634 ;
1 0.1207 0.2248 0.6010 21.008815 105.7508431 20190810121634 ;
1 -0.1241 -0.1389 0.1601 21.008815 105.7508431 20190810121634 ;
1 -0.0864 0.3986 0.0752 21.008815 105.7508431 20190810121634 ;
1 0.0237 -0.2815 -0.3847 21.008815 105.7508431 20190810121634 ;
1 -0.2044 0.2367 -0.0524 21.008815 105.7508431 20190810121634 ;
1 -0.1156 -0.0013 -0.5273 21.008815 105.7508431 20190810121634 ;
1 0.0088 0.0052 -0.4409 21.008815 105.7508431 20190810121634 ;
1 -0.1483 0.2250 -0.2615 21.008815 105.7508431 20190810121634 ;
1 -0.2235 -0.0209 -0.5827 21.008815 105.7508431 20190810121634 ;
1 -0.1520 0.1857 -0.8828 21.008815 105.7508431 20190810121634 ;
1 0.0905 0.0767 -0.6465 21.008815 105.7508431 20190810121634 ;
1 -0.0775 -0.1354 -0.5226 21.008815 105.7508431 20190810121634 ;
1 -0.3767 0.2617 -0.1509 21.008815 105.7508431 20190810121634 ;
1 -0.1473 -0.0233 -0.4595 21.008815 105.7508431 20190810121634 ;
1 -0.1005 -0.1124 -0.3135 21.008815 105.7508431 20190810121634 ;
1 -0.2033 0.0311 -0.5085 21.008815 105.7508431 20190810121634 ;
1 -0.1698 0.1554 -0.0574 21.008815 105.7508431 20190810121634 ;
1 -0.1043 -0.3114 -0.2164 21.008815 105.7508431 20190810121634 ;
1 -0.1780 0.0933 0.0251 21.008815 105.7508431 20190810121634 ;
1 -0.2052 0.1281 0.2163 21.008815 105.7508431 20190810121634 ;
1 -0.2233 0.0410 0.1188 21.008815 105.7508431 20190810121634 ;
1 -0.2616 0.0975 0.4825 21.008815 105.7508431 20190810121634 ;
1 -0.1318 0.1693 0.2777 21.008815 105.7508431 20190810121634 ;
1 -0.3307 0.2346 0.4114 21.008815 105.7508431 20190810121634 ;
1 -0.0802 -0.0298 0.3367 21.008815 105.7508431 20190810121634 ;
1 -0.0927 0.3615 0.3344 21.008815 105.7508431 20190810121634 ;
1 -0.3723 0.3117 0.4322 21.0087724 105.7510423 20190810121634 ;
1 -0.0683 0.0901 0.5336 21.0087724 105.7510423 20190810121634 ;
1 0.0400 0.1402 0.1604 21.0087724 105.7510423 20190810121634 ;
1 -0.2751 0.2672 0.0398 21.0087724 105.7510423 20190810121634 ;
1 -0.3233 0.1969 0.3017 21.0087724 105.7510423 20190810121634 ;
1 -0.1325 -0.0672 -0.0362 21.0087724 105.7510423 20190810121634 ;
1 -0.1003 0.1272 0.1121 21.0087724 105.7510423 20190810121634 ;
1 -0.2212 0.1007 0.1742 21.0087724 105.7510423 20190810121634 ;
1 -0.2818 -0.0850 -0.0542 21.0087724 105.7510423 20190810121634 ;
1 -0.1424 0.0940 0.2256 21.0087724 105.7510423 20190810121634 ;
1 -0.2106 0.0624 0.1637 21.0087724 105.7510423 20190810121634 ;
1 -0.1622 -0.0258 0.0254 21.0087724 105.7510423 20190810121634 ;
1 -0.1716 0.1375 0.4229 21.0087724 105.7510423 20190810121634 ;
1 -0.1767 -0.0607 0.2117 21.0087724 105.7510423 20190810121634 ;
1 -0.0612 -0.1530 0.1102 21.0087724 105.7510423 20190810121635 ;
1 -0.2275 0.2426 0.4143 21.0087724 105.7510423 20190810121635 ;
1 -0.0985 -0.2607 0.1311 21.0087724 105.7510423 20190810121635 ;
1 -0.2044 0.2301 0.1743 21.0087724 105.7510423 20190810121635 ;
1 -0.1660 0.0995 -0.1338 21.0087724 105.7510423 20190810121635 ;
1 -0.0357 -0.1533 -0.2328 21.0087724 105.7510423 20190810121635 ;
1 -0.1662 0.2726 0.1121 21.0087724 105.7510423 20190810121635 ;
1 -0.1072 -0.0664 -0.1955 21.0087724 105.7510423 20190810121635 ;
1 -0.1444 0.0185 -0.2426 21.0087724 105.7510423 20190810121635 ;
1 -0.1358 0.3192 -0.3869 21.0087724 105.7510423 20190810121635 ;
1 -0.1091 0.1245 -0.3561 21.0087724 105.7510423 20190810121635 ;
1 -0.0267 -0.0869 -0.7236 21.0087724 105.7510423 20190810121635 ;
1 -0.2295 0.2867 -0.3956 21.0087724 105.7510423 20190810121635 ;
1 -0.1852 0.0334 -0.4526 21.0087724 105.7510423 20190810121635 ;
1 -0.0588 0.0743 -0.7023 21.0087724 105.7510423 20190810121635 ;
1 -0.2979 0.1702 -0.2373 21.0087724 105.7510423 20190810121635 ;
1 -0.0675 -0.1075 -0.5632 21.0087724 105.7510423 20190810121635 ;
1 -0.2250 0.2941 -0.3262 21.0087724 105.7510423 20190810121635 ;
1 -0.0402 -0.2352 -0.5434 21.0087724 105.7510423 20190810121635 ;
1 -0.0932 0.1803 -0.0557 21.0087724 105.7510423 20190810121635 ;
1 -0.2669 -0.0183 -0.1015 21.0087724 105.7510423 20190810121635 ;
1 0.0341 0.0135 -0.3881 21.0087724 105.7510423 20190810121635 ;
1 -0.1162 0.2393 0.1572 21.0087724 105.7510423 20190810121635 ;
1 -0.1857 -0.1949 0.3355 21.0087724 105.7510423 20190810121635 ;
1 -0.1501 0.1059 0.1333 21.0087724 105.7510423 20190810121635 ;
1 -0.1293 0.0366 -0.2864 21.0087724 105.7510423 20190810121635 ;
1 -0.0108 -0.1999 -0.0794 21.0087724 105.7510423 20190810121635 ;
1 -0.1616 0.0489 0.4113 21.0087724 105.7510423 20190810121635 ;
1 -0.3015 0.0747 0.1626 21.0087724 105.7510423 20190810121635 ;
1 -0.0413 -0.0275 0.0653 21.0087724 105.7510423 20190810121635 ;
1 -0.1897 0.0654 0.4575 21.0087724 105.7510423 20190810121635 ;
1 -0.1872 0.2253 0.3240 21.0087724 105.7510423 20190810121635 ;
1 -0.1912 -0.0438 0.2268 21.0087724 105.7510423 20190810121635 ;
1 -0.1567 0.1572 0.0966 21.0087724 105.7510423 20190810121635 ;
1 -0.1251 0.1860 0.2701 21.0087724 105.7510423 20190810121635 ;
1 -0.2170 -0.0370 0.4500 21.0087265 105.7512314 20190810121635 ;
1 -0.0749 0.1476 0.1983 21.0087265 105.7512314 20190810121635 ;
1 -0.0744 -0.1477 -0.1298 21.0087265 105.7512314 20190810121635 ;
1 -0.1535 0.3901 0.2455 21.0087265 105.7512314 20190810121635 ;
1 -0.1978 0.0084 0.0121 21.0087265 105.7512314 20190810121635 ;
1 -0.1713 0.0304 0.0637 21.0087265 105.7512314 20190810121635 ;
1 -0.0742 -0.0004 -0.0072 21.0087265 105.7512314 20190810121635 ;
1 -0.0564 0.0163 -0.3533 21.0087265 105.7512314 20190810121635 ;
1 -0.1957 -0.0217 -0.1316 21.0087265 105.7512314 20190810121635 ;
1 -0.1637 0.0876 0.0171 21.0087265 105.7512314 20190810121635 ;
1 -0.0429 -0.0408 -0.2683 21.0087265 105.7512314 20190810121635 ;
1 -0.0262 0.0419 -0.2400 21.0087265 105.7512314 20190810121635 ;
1 -0.2003 -0.1523 0.0548 21.0087265 105.7512314 20190810121635 ;
1 -0.2640 0.0006 -0.1456 21.0087265 105.7512314 20190810121635 ;
1 -0.1802 0.0335 -0.3071 21.0087265 105.7512314 20190810121635 ;
1 -0.0912 -0.0392 -0.3425 21.0087265 105.7512314 20190810121636 ;
1 -0.3003 -0.0941 0.0546 21.0087265 105.7512314 20190810121636 ;
1 -0.3243 -0.0901 -0.1758 21.0087265 105.7512314 20190810121636 ;
1 -0.1757 0.0662 -0.3272 21.0087265 105.7512314 20190810121636 ;
1 -0.2008 -0.0962 -0.0998 21.0087265 105.7512314 20190810121636 ;
1 -0.2648 0.1853 -0.2294 21.0087265 105.7512314 20190810121636 ;
1 -0.2172 0.0301 -0.2052 21.0087265 105.7512314 20190810121636 ;
1 -0.0687 -0.1098 -0.5031 21.0087265 105.7512314 20190810121636 ;
1 -0.2756 -0.0787 -0.1712 21.0087265 105.7512314 20190810121636 ;
1 -0.3189 0.0987 0.0644 21.0087265 105.7512314 20190810121636 ;
1 0.0107 -0.0341 -0.6064 21.0087265 105.7512314 20190810121636 ;
1 -0.1116 0.0989 -0.3660 21.0087265 105.7512314 20190810121636 ;
1 -0.3251 0.1578 0.0446 21.0087265 105.7512314 20190810121636 ;
1 -0.0860 0.0249 -0.3012 21.0087265 105.7512314 20190810121636 ;
1 -0.2264 0.3024 0.0154 21.0087265 105.7512314 20190810121636 ;
1 -0.1861 -0.0476 -0.1577 21.0087265 105.7512314 20190810121636 ;
1 -0.2635 0.1896 -0.0951 21.0087265 105.7512314 20190810121636 ;
1 -0.1497 -0.0129 -0.1871 21.0087265 105.7512314 20190810121636 ;
1 -0.1894 0.1084 -0.0398 21.0087265 105.7512314 20190810121636 ;
1 -0.3085 0.4279 0.4754 21.0087265 105.7512314 20190810121636 ;
1 -0.1221 0.0654 0.2342 21.0087265 105.7512314 20190810121636 ;
1 -0.1570 0.3774 0.5470 21.0087265 105.7512314 20190810121636 ;
1 -0.1516 0.1992 0.0547 21.0087265 105.7512314 20190810121636 ;
1 -0.2232 0.0106 0.1651 21.0087265 105.7512314 20190810121636 ;
1 -0.1839 0.5217 0.4182 21.0087265 105.7512314 20190810121636 ;
1 -0.0734 0.0260 -0.1536 21.0087265 105.7512314 20190810121636 ;
1 -0.2593 0.3608 0.3183 21.0087265 105.7512314 20190810121636 ;
1 -0.0869 -0.0602 0.0282 21.0087265 105.7512314 20190810121636 ;
1 -0.2260 0.3709 -0.1321 21.0087265 105.7512314 20190810121636 ;
1 -0.1432 0.0252 -0.1947 21.0087265 105.7512314 20190810121636 ;
1 -0.1020 0.4431 -0.1155 21.0087265 105.7512314 20190810121636 ;
1 -0.2316 0.2742 0.0144 21.0087265 105.7512314 20190810121636 ;
1 -0.1042 0.0890 0.1464 21.0087265 105.7512314 20190810121636 ;
1 -0.0694 0.3729 -0.1060 21.0087265 105.7512314 20190810121636 ;
1 -0.1488 0.1690 -0.2517 21.0086854 105.7514185 20190810121636 ;
1 -0.1827 0.1878 0.1216 21.0086854 105.7514185 20190810121636 ;
1 -0.1522 0.0834 -0.0282 21.0086854 105.7514185 20190810121636 ;
1 -0.1657 0.4466 -0.0041 21.0086854 105.7514185 20190810121636 ;
1 -0.2012 0.1522 -0.1364 21.0086854 105.7514185 20190810121636 ;
1 -0.1530 0.3615 -0.0161 21.0086854 105.7514185 20190810121636 ;
1 -0.2774 0.1299 0.0097 21.0086854 105.7514185 20190810121636 ;
1 -0.1293 0.2376 0.0201 21.0086854 105.7514185 20190810121636 ;
1 -0.2112 0.1034 0.1085 21.0086854 105.7514185 20190810121636 ;
1 -0.2536 0.2572 0.3409 21.0086854 105.7514185 20190810121636 ;
1 -0.1937 0.3472 0.3783 21.0086854 105.7514185 20190810121636 ;
1 -0.0463 0.0516 0.0905 21.0086854 105.7514185 20190810121636 ;
1 -0.2204 0.1938 0.1641 21.0086854 105.7514185 20190810121636 ;
1 -0.3067 0.3333 0.2800 21.0086854 105.7514185 20190810121636 ;
1 -0.2418 0.1916 0.2486 21.0086854 105.7514185 20190810121636 ;
1 -0.1393 0.0990 0.4083 21.0086854 105.7514185 20190810121637 ;
1 -0.0907 0.2205 -0.0807 21.0086854 105.7514185 20190810121637 ;
1 -0.3322 0.3822 0.7113 21.0086854 105.7514185 20190810121637 ;
1 -0.2401 -0.0666 0.3902 21.0086854 105.7514185 20190810121637 ;
1 -0.1325 0.1609 0.1109 21.0086854 105.7514185 20190810121637 ;
1 -0.2726 0.4736 0.4155 21.0086854 105.7514185 20190810121637 ;
1 -0.1767 0.0105 0.1840 21.0086854 105.7514185 20190810121637 ;
1 -0.2679 0.2239 0.3601 21.0086854 105.7514185 20190810121637 ;
1 -0.1425 -0.0292 -0.0896 21.0086854 105.7514185 20190810121637 ;
1 -0.1828 0.4160 0.1573 21.0086854 105.7514185 20190810121637 ;
1 -0.2825 0.0865 0.0868 21.0086854 105.7514185 20190810121637 ;
1 -0.0338 0.2654 0.0416 21.0086854 105.7514185 20190810121637 ;
1 -0.1130 0.0235 -0.3224 21.0086854 105.7514185 20190810121637 ;
1 -0.1887 0.3451 -0.0600 21.0086854 105.7514185 20190810121637 ;
1 -0.0438 0.1137 -0.4688 21.0086854 105.7514185 20190810121637 ;
1 -0.0800 0.1056 -0.1198 21.0086854 105.7514185 20190810121637 ;
1 -0.0505 0.0723 -0.4118 21.0086854 105.7514185 20190810121637 ;
1 -0.2248 0.2015 -0.1755 21.0086854 105.7514185 20190810121637 ;
1 -0.0338 0.2191 -0.3551 21.0086854 105.7514185 20190810121637 ;
1 -0.1169 0.0777 -0.3153 21.0086854 105.7514185 20190810121637 ;
1 -0.0833 0.2552 -0.4151 21.0086854 105.7514185 20190810121637 ;
1 -0.0632 0.1640 -1.0730 21.0086854 105.7514185 20190810121637 ;
1 -0.1709 0.0609 -0.4611 21.0086854 105.7514185 20190810121637 ;
1 -0.0586 0.0707 -0.4504 21.0086854 105.7514185 20190810121637 ;
1 -0.1465 0.2341 -0.5311 21.0086854 105.7514185 20190810121637 ;
1 -0.0843 0.2944 -0.3928 21.0086854 105.7514185 20190810121637 ;
1 -0.0814 0.1204 -0.2544 21.0086854 105.7514185 20190810121637 ;
1 0.0561 0.0118 -0.5360 21.0086854 105.7514185 20190810121637 ;
1 -0.1243 0.2280 -0.4935 21.0086854 105.7514185 20190810121637 ;
1 -0.1400 -0.0616 -0.6165 21.0086854 105.7514185 20190810121637 ;
1 -0.0726 0.4311 -0.1722 21.0086854 105.7514185 20190810121637 ;
1 -0.0554 -0.1310 -0.3743 21.0086854 105.7514185 20190810121637 ;
1 -0.1471 0.3522 -0.4645 21.0086854 105.7514185 20190810121637 ;
1 -0.2257 0.2627 -0.0883 21.0086854 105.7514185 20190810121637 ;
1 -0.0420 0.0480 -0.3275 21.0086854 105.7514185 20190810121637 ;
1 -0.0161 0.2665 -0.0531 21.0086854 105.7514185 20190810121637 ;
1 -0.0177 0.2216 0.1033 21.0086464 105.7516027 20190810121637 ;
1 -0.0248 0.2079 0.1012 21.0086464 105.7516027 20190810121637 ;
1 -0.0440 0.2620 0.2726 21.0086464 105.7516027 20190810121637 ;
1 0.1925 0.0740 0.1574 21.0086464 105.7516027 20190810121637 ;
1 -0.1475 0.4311 0.4804 21.0086464 105.7516027 20190810121637 ;
1 0.0290 0.1993 0.4802 21.0086464 105.7516027 20190810121637 ;
1 0.0794 -0.0346 0.0588 21.0086464 105.7516027 20190810121637 ;
1 -0.0722 0.2515 0.4161 21.0086464 105.7516027 20190810121637 ;
1 0.0469 0.1498 0.2782 21.0086464 105.7516027 20190810121637 ;
1 0.0860 0.2231 0.2605 21.0086464 105.7516027 20190810121637 ;
1 0.1010 -0.1645 0.1785 21.0086464 105.7516027 20190810121637 ;
1 -0.0329 0.2909 0.1353 21.0086464 105.7516027 20190810121637 ;
1 -0.0501 0.0227 0.1215 21.0086464 105.7516027 20190810121637 ;
1 0.0771 -0.0674 0.0366 21.0086464 105.7516027 20190810121637 ;
1 -0.1071 0.2359 0.0865 21.0086464 105.7516027 20190810121637 ;
1 0.0681 0.1345 -0.0341 21.0086464 105.7516027 20190810121637 ;
1 0.0727 0.1730 -0.0884 21.0086464 105.7516027 20190810121638 ;
1 -0.0564 -0.1199 -0.1625 21.0086464 105.7516027 20190810121638 ;
1 0.0563 0.0620 0.0044 21.0086464 105.7516027 20190810121638 ;
1 -0.0957 0.4335 0.3837 21.0086464 105.7516027 20190810121638 ;
1 0.1070 -0.1064 -0.0214 21.0086464 105.7516027 20190810121638 ;
1 0.0257 0.2965 0.2102 21.0086464 105.7516027 20190810121638 ;
1 -0.0752 0.1501 0.1574 21.0086464 105.7516027 20190810121638 ;
1 -0.0888 0.1751 -0.0270 21.0086464 105.7516027 20190810121638 ;
1 -0.1252 0.2230 0.2920 21.0086464 105.7516027 20190810121638 ;
1 0.0358 -0.0032 0.1470 21.0086464 105.7516027 20190810121638 ;
1 -0.0546 0.4579 0.2857 21.0086464 105.7516027 20190810121638 ;
1 -0.0235 0.0033 0.3651 21.0086464 105.7516027 20190810121638 ;
1 -0.0290 0.0996 0.3742 21.0086464 105.7516027 20190810121638 ;
1 0.0068 0.1615 0.3035 21.0086464 105.7516027 20190810121638 ;
1 -0.0530 0.0979 0.3792 21.0086464 105.7516027 20190810121638 ;
1 -0.0038 0.3218 0.1822 21.0086464 105.7516027 20190810121638 ;
1 0.0134 -0.1276 0.1276 21.0086464 105.7516027 20190810121638 ;
1 0.0342 0.0854 0.3542 21.0086464 105.7516027 20190810121638 ;
1 0.0679 0.0849 -0.0686 21.0086464 105.7516027 20190810121638 ;
1 0.0179 -0.1334 -0.0075 21.0086464 105.7516027 20190810121638 ;
1 0.0141 0.3200 0.2373 21.0086464 105.7516027 20190810121638 ;
1 0.1167 -0.1345 -0.3513 21.0086464 105.7516027 20190810121638 ;
1 -0.0347 0.0764 -0.1138 21.0086464 105.7516027 20190810121638 ;
1 0.1042 -0.1805 -0.2274 21.0086464 105.7516027 20190810121638 ;
1 -0.0514 0.0958 -0.3277 21.0086464 105.7516027 20190810121638 ;
1 0.1451 -0.0237 -0.3992 21.0086464 105.7516027 20190810121638 ;
1 0.0187 0.0744 -0.4459 21.0086464 105.7516027 20190810121638 ;
1 0.0015 -0.0799 -0.2784 21.0086464 105.7516027 20190810121638 ;
1 0.1394 -0.0558 -0.2553 21.0086464 105.7516027 20190810121638 ;
1 0.0268 0.1072 -0.3628 21.0086464 105.7516027 20190810121638 ;
1 0.1250 -0.2814 -0.6533 21.0086464 105.7516027 20190810121638 ;
1 -0.0036 0.2096 -0.1949 21.0086176 105.7517883 20190810121638 ;
1 0.0589 0.0828 -0.1966 21.0086176 105.7517883 20190810121638 ;
1 0.0423 -0.0275 -0.2859 21.0086176 105.7517883 20190810121638 ;
1 -0.0405 0.0319 -0.0540 21.0086176 105.7517883 20190810121638 ;
1 0.1941 0.1194 -0.0726 21.0086176 105.7517883 20190810121638 ;
1 0.1592 -0.0017 -0.2503 21.0086176 105.7517883 20190810121638 ;
1 -0.0621 0.2174 0.0778 21.0086176 105.7517883 20190810121638 ;
1 0.1811 0.0515 -0.1386 21.0086176 105.7517883 20190810121638 ;
1 0.0775 0.2168 -0.0498 21.0086176 105.7517883 20190810121638 ;
1 0.0669 0.4370 0.2446 21.0086176 105.7517883 20190810121638 ;
1 0.0396 0.0014 0.3408 21.0086176 105.7517883 20190810121638 ;
1 0.0685 0.2464 0.3604 21.0086176 105.7517883 20190810121638 ;
1 0.2599 0.1129 0.0447 21.0086176 105.7517883 20190810121638 ;
1 -0.0040 0.1993 0.1433 21.0086176 105.7517883 20190810121638 ;
1 0.1506 0.3966 0.2569 21.0086176 105.7517883 20190810121638 ;
1 0.0371 -0.0496 0.2011 21.0086176 105.7517883 20190810121638 ;
1 0.0982 0.2906 0.3606 21.0086176 105.7517883 20190810121638 ;
1 0.3009 0.0961 0.2258 21.0086176 105.7517883 20190810121638 ;
1 0.1690 0.1186 0.3666 21.0086176 105.7517883 20190810121639 ;
1 0.0867 0.1815 0.3147 21.0086176 105.7517883 20190810121639 ;
1 0.1468 0.2382 0.0412 21.0086176 105.7517883 20190810121639 ;
1 0.1930 0.0409 0.1966 21.0086176 105.7517883 20190810121639 ;
1 -0.0295 0.2752 0.2311 21.0086176 105.7517883 20190810121639 ;
1 0.1834 -0.0519 0.0061 21.0086176 105.7517883 20190810121639 ;
1 0.1806 0.1982 0.1898 21.0086176 105.7517883 20190810121639 ;
1 0.2198 0.1846 -0.0483 21.0086176 105.7517883 20190810121639 ;
1 0.1411 0.0606 -0.1588 21.0086176 105.7517883 20190810121639 ;
1 0.2637 0.1178 -0.0743 21.0086176 105.7517883 20190810121639 ;
1 0.0648 0.0954 0.0335 21.0086176 105.7517883 20190810121639 ;
1 0.1991 0.0974 -0.2201 21.0086176 105.7517883 20190810121639 ;
1 0.2323 -0.0563 -0.2430 21.0086176 105.7517883 20190810121639 ;
1 0.1183 0.1998 -0.0896 21.0086176 105.7517883 20190810121639 ;
1 0.2168 0.0189 -0.2490 21.0086176 105.7517883 20190810121639 ;
1 0.0877 0.0331 -0.2234 21.0086176 105.7517883 20190810121639 ;
1 0.2026 0.0162 -0.2238 21.0086176 105.7517883 20190810121639 ;
1 0.1749 -0.0568 -0.2809 21.0086176 105.7517883 20190810121639 ;
1 0.1808 -0.0082 -0.2056 21.0086176 105.7517883 20190810121639 ;
1 0.1130 0.0426 -0.2651 21.0086176 105.7517883 20190810121639 ;
1 0.0710 -0.0488 0.1535 21.0086176 105.7517883 20190810121639 ;
1 0.2624 0.1122 -0.1172 21.0086176 105.7517883 20190810121639 ;
1 0.1391 0.1197 -0.2907 21.0086176 105.7517883 20190810121639 ;
1 0.0746 0.0827 0.1519 21.0086176 105.7517883 20190810121639 ;
1 0.1366 -0.1312 0.1199 21.0086176 105.7517883 20190810121639 ;
1 0.0880 0.2084 0.3606 21.0086176 105.7517883 20190810121639 ;
1 0.2408 0.0294 0.0593 21.0086176 105.7517883 20190810121639 ;
1 0.1539 0.1134 0.1382 21.0086176 105.7517883 20190810121639 ;
1 0.0792 0.1160 0.0203 21.0086176 105.7517883 20190810121639 ;
1 0.0114 0.1577 0.2327 21.0086176 105.7517883 20190810121639 ;
1 0.1854 0.0063 0.2458 21.0086176 105.7517883 20190810121639 ;
1 0.0374 -0.0347 0.2738 21.0085788 105.7519582 20190810121639 ;
1 0.0225 0.3144 0.6712 21.0085788 105.7519582 20190810121639 ;
1 0.0951 -0.1595 0.2319 21.0085788 105.7519582 20190810121639 ;
1 -0.0659 0.0748 0.4122 21.0085788 105.7519582 20190810121639 ;
1 0.1036 0.0603 0.2483 21.0085788 105.7519582 20190810121639 ;
1 0.1279 -0.0558 0.1062 21.0085788 105.7519582 20190810121639 ;
1 -0.0001 0.1580 0.4315 21.0085788 105.7519582 20190810121639 ;
1 0.1088 -0.1495 0.4756 21.0085788 105.7519582 20190810121639 ;
1 0.1495 0.2539 0.4104 21.0085788 105.7519582 20190810121639 ;
1 0.1490 -0.1885 -0.0423 21.0085788 105.7519582 20190810121639 ;
1 0.0421 0.0859 0.5316 21.0085788 105.7519582 20190810121639 ;
1 0.0848 -0.0365 0.2032 21.0085788 105.7519582 20190810121639 ;
1 0.1474 -0.1307 -0.0567 21.0085788 105.7519582 20190810121639 ;
1 0.0590 0.2100 -0.0627 21.0085788 105.7519582 20190810121639 ;
1 0.2282 -0.2652 -0.0743 21.0085788 105.7519582 20190810121639 ;
1 -0.0314 -0.0580 0.5739 21.0085788 105.7519582 20190810121639 ;
1 0.1022 0.0539 0.1321 21.0085788 105.7519582 20190810121639 ;
1 0.2404 -0.3956 -0.2249 21.0085788 105.7519582 20190810121640 ;
1 -0.0321 0.1686 0.4072 21.0085788 105.7519582 20190810121640 ;
1 0.0973 -0.5665 0.0501 21.0085788 105.7519582 20190810121640 ;
1 0.1614 0.0134 0.1746 21.0085788 105.7519582 20190810121640 ;
1 0.0972 -0.2312 -0.5201 21.0085788 105.7519582 20190810121640 ;
1 0.1694 -0.2878 0.0827 21.0085788 105.7519582 20190810121640 ;
1 0.0513 -0.3900 0.5709 21.0085788 105.7519582 20190810121640 ;
1 0.2642 -0.2420 -0.4746 21.0085788 105.7519582 20190810121640 ;
1 0.0508 -0.4192 -0.0869 21.0085788 105.7519582 20190810121640 ;
1 0.0241 -0.3936 0.4313 21.0085788 105.7519582 20190810121640 ;
1 0.2152 -0.3551 -0.0965 21.0085788 105.7519582 20190810121640 ;
1 0.0887 -0.1104 -0.5645 21.0085788 105.7519582 20190810121640 ;
1 0.1286 -0.4291 -0.3567 21.0085788 105.7519582 20190810121640 ;
1 0.1105 -0.5116 0.0676 21.0085788 105.7519582 20190810121640 ;
1 0.0652 -0.2586 -0.2624 21.0085788 105.7519582 20190810121640 ;
1 0.2444 -0.5740 -0.4850 21.0085788 105.7519582 20190810121640 ;
1 0.0359 0.0000 -0.1399 21.0085788 105.7519582 20190810121640 ;
1 0.1435 -0.5003 -0.0817 21.0085788 105.7519582 20190810121640 ;
1 0.1872 -0.4115 -0.3306 21.0085788 105.7519582 20190810121640 ;
1 0.0614 0.0444 -0.4044 21.0085788 105.7519582 20190810121640 ;
1 0.1259 -0.5812 -0.3203 21.0085788 105.7519582 20190810121640 ;
1 0.1984 -0.2717 -0.3755 21.0085788 105.7519582 20190810121640 ;
1 0.0964 -0.0205 -0.4889 21.0085788 105.7519582 20190810121640 ;
1 0.3003 -0.5068 -0.6164 21.0085788 105.7519582 20190810121640 ;
1 0.0785 -0.2584 -0.0322 21.0085788 105.7519582 20190810121640 ;
1 0.1971 -0.3648 -0.5894 21.0085788 105.7519582 20190810121640 ;
1 0.1730 -0.3436 -0.6373 21.0085788 105.7519582 20190810121640 ;
1 0.1030 -0.0022 -0.3008 21.0085788 105.7519582 20190810121640 ;
1 0.2321 -0.5845 -0.5403 21.0085788 105.7519582 20190810121640 ;
1 0.0450 -0.0183 0.1042 21.0085788 105.7519582 20190810121640 ;
1 0.1630 -0.2705 -0.2994 21.0085788 105.7519582 20190810121640 ;
1 0.1495 -0.1429 -0.4561 21.0085788 105.7519582 20190810121640 ;
1 0.0298 -0.3951 -0.1282 21.0085788 105.7519582 20190810121640 ;
1 0.1632 -0.1046 0.0889 21.0085788 105.7519582 20190810121640 ;
1 0.0590 -0.1980 -0.2221 21.0085788 105.7519582 20190810121640 ;
1 0.1713 -0.1167 -0.0596 21.0085457 105.7521403 20190810121640 ;
1 0.2672 -0.1561 0.0921 21.0085457 105.7521403 20190810121640 ;
1 0.0106 -0.2461 0.4527 21.0085457 105.7521403 20190810121640 ;
1 0.0239 0.1011 0.5022 21.0085457 105.7521403 20190810121640 ;
1 0.0706 -0.3637 0.3872 21.0085457 105.7521403 20190810121640 ;
1 0.1749 -0.0298 0.4694 21.0085457 105.7521403 20190810121640 ;
1 0.0559 -0.1837 0.6356 21.0085457 105.7521403 20190810121640 ;
1 0.0059 0.0074 0.4513 21.0085457 105.7521403 20190810121640 ;
1 0.1869 -0.1707 0.2068 21.0085457 105.7521403 20190810121640 ;
1 0.1518 -0.3519 0.8488 21.0085457 105.7521403 20190810121640 ;
1 0.1075 0.0819 0.6609 21.0085457 105.7521403 20190810121640 ;
1 0.0605 -0.2941 0.6067 21.0085457 105.7521403 20190810121640 ;
1 0.1435 -0.3820 0.3079 21.0085457 105.7521403 20190810121640 ;
1 -0.0091 0.1608 0.3390 21.0085457 105.7521403 20190810121640 ;
1 0.0020 -0.0791 0.3605 21.0085457 105.7521403 20190810121641 ;
1 0.4116 -0.7646 -0.6533 21.0085457 105.7521403 20190810121641 ;
1 -0.1845 0.2396 0.3441 21.0085457 105.7521403 20190810121641 ;
1 0.2088 -0.5016 0.5078 21.0085457 105.7521403 20190810121641 ;
1 0.1303 -0.0667 0.2904 21.0085457 105.7521403 20190810121641 ;
1 0.0092 -0.0351 0.1821 21.0085457 105.7521403 20190810121641 ;
1 0.2850 -0.2776 -0.1812 21.0085457 105.7521403 20190810121641 ;
1 -0.1159 -0.0657 0.3543 21.0085457 105.7521403 20190810121641 ;
1 0.1462 -0.3609 0.0425 21.0085457 105.7521403 20190810121641 ;
1 0.1668 -0.1764 -0.1886 21.0085457 105.7521403 20190810121641 ;
1 -0.0546 0.2507 0.6430 21.0085457 105.7521403 20190810121641 ;
1 0.2690 -0.6302 0.2049 21.0085457 105.7521403 20190810121641 ;
1 -0.1564 0.2020 0.6908 21.0085457 105.7521403 20190810121641 ;
1 0.2114 -0.2696 -0.5264 21.0085457 105.7521403 20190810121641 ;
1 0.1862 -0.2920 -0.2026 21.0085457 105.7521403 20190810121641 ;
1 0.0685 -0.2224 0.4097 21.0085457 105.7521403 20190810121641 ;
1 0.2370 -0.3171 -0.1773 21.0085457 105.7521403 20190810121641 ;
1 -0.0777 -0.1338 0.3855 21.0085457 105.7521403 20190810121641 ;
1 0.2449 -0.1624 0.3924 21.0085457 105.7521403 20190810121641 ;
1 0.2359 -0.1534 0.0926 21.0085457 105.7521403 20190810121641 ;
1 -0.0280 -0.0860 0.1672 21.0085457 105.7521403 20190810121641 ;
1 0.1796 -0.2665 0.1395 21.0085457 105.7521403 20190810121641 ;
1 0.0888 0.0228 -0.1084 21.0085457 105.7521403 20190810121641 ;
1 0.0400 -0.1639 -0.1866 21.0085457 105.7521403 20190810121641 ;
1 0.2690 -0.2743 -0.1018 21.0085457 105.7521403 20190810121641 ;
1 -0.1325 0.1793 0.4824 21.0085457 105.7521403 20190810121641 ;
1 0.1681 -0.2794 -0.0083 21.0085457 105.7521403 20190810121641 ;
1 0.2354 0.0253 -0.3672 21.0085457 105.7521403 20190810121641 ;
1 -0.1886 -0.0851 0.2906 21.0085457 105.7521403 20190810121641 ;
1 0.1886 -0.0596 0.3279 21.0085457 105.7521403 20190810121641 ;
1 0.1148 -0.0514 -0.1668 21.0085457 105.7521403 20190810121641 ;
1 0.2131 -0.1453 -0.3838 21.0085457 105.7521403 20190810121641 ;
1 -0.0480 -0.2775 0.1537 21.0085457 105.7521403 20190810121641 ;
1 -0.0006 0.1168 0.5573 21.0085457 105.7521403 20190810121641 ;
1 0.2954 -0.4380 -0.4472 21.0085457 105.7521403 20190810121641 ;
1 -0.0294 0.0239 -0.1455 21.0085126 105.7523163 20190810121641 ;
1 0.1277 0.1860 0.0810 21.0085126 105.7523163 20190810121641 ;
1 0.2863 -0.5222 -0.3189 21.0085126 105.7523163 20190810121641 ;
1 -0.0532 0.2619 0.0143 21.0085126 105.7523163 20190810121641 ;
1 0.1855 -0.2624 -0.2113 21.0085126 105.7523163 20190810121641 ;
1 0.1197 0.0842 0.2019 21.0085126 105.7523163 20190810121641 ;
1 0.1812 -0.0796 -0.1898 21.0085126 105.7523163 20190810121641 ;
1 0.0605 0.0832 -0.1202 21.0085126 105.7523163 20190810121641 ;
1 -0.0076 -0.0387 0.0598 21.0085126 105.7523163 20190810121641 ;
1 0.0599 -0.0678 0.0011 21.0085126 105.7523163 20190810121641 ;
1 0.2265 0.1322 -0.1543 21.0085126 105.7523163 20190810121641 ;
1 -0.0100 -0.2787 -0.3226 21.0085126 105.7523163 20190810121641 ;
1 -0.0526 0.4627 0.3751 21.0085126 105.7523163 20190810121641 ;
1 0.1888 -0.4868 -0.0206 21.0085126 105.7523163 20190810121641 ;
1 0.0204 0.3285 0.1859 21.0085126 105.7523163 20190810121641 ;
1 0.0577 -0.0399 -0.0471 21.0085126 105.7523163 20190810121641 ;
1 0.1272 -0.0366 -0.0196 21.0085126 105.7523163 20190810121641 ;
1 -0.0124 -0.0559 0.2638 21.0085126 105.7523163 20190810121642 ;
1 0.0521 -0.1490 0.1588 21.0085126 105.7523163 20190810121642 ;
1 -0.0097 0.3842 0.5240 21.0085126 105.7523163 20190810121642 ;
1 0.3606 -0.7300 -0.5734 21.0085126 105.7523163 20190810121642 ;
1 -0.0427 0.1607 0.8588 21.0085126 105.7523163 20190810121642 ;
1 0.0015 0.1258 0.3419 21.0085126 105.7523163 20190810121642 ;
1 0.1715 -0.2849 -0.2170 21.0085126 105.7523163 20190810121642 ;
1 0.2295 -0.1695 0.2048 21.0085126 105.7523163 20190810121642 ;
1 -0.0159 0.1558 0.3886 21.0085126 105.7523163 20190810121642 ;
1 -0.0790 0.2169 0.2299 21.0085126 105.7523163 20190810121642 ;
1 0.2525 -0.6281 -0.5500 21.0085126 105.7523163 20190810121642 ;
1 0.0945 0.4152 0.3083 21.0085126 105.7523163 20190810121642 ;
1 0.0540 -0.3650 -0.3495 21.0085126 105.7523163 20190810121642 ;
1 0.1482 0.0441 -0.1129 21.0085126 105.7523163 20190810121642 ;
1 0.0661 -0.0333 -0.4035 21.0085126 105.7523163 20190810121642 ;
1 0.1959 0.0069 -0.2614 21.0085126 105.7523163 20190810121642 ;
1 0.0259 0.3207 -0.0083 21.0085126 105.7523163 20190810121642 ;
1 0.1314 -0.1461 -0.4066 21.0085126 105.7523163 20190810121642 ;
1 0.2055 0.0970 0.0516 21.0085126 105.7523163 20190810121642 ;
1 0.0499 -0.1055 -0.2784 21.0085126 105.7523163 20190810121642 ;
1 0.0608 0.1304 0.0170 21.0085126 105.7523163 20190810121642 ;
1 0.1089 -0.0697 -0.1433 21.0085126 105.7523163 20190810121642 ;
1 0.0673 0.0286 0.0218 21.0085126 105.7523163 20190810121642 ;
1 -0.0493 0.1544 0.3338 21.0085126 105.7523163 20190810121642 ;
1 0.1852 0.1317 -0.1103 21.0085126 105.7523163 20190810121642 ;
1 0.1358 -0.3077 -0.3712 21.0085126 105.7523163 20190810121642 ;
1 0.0876 0.0805 0.0761 21.0085126 105.7523163 20190810121642 ;
1 0.1090 -0.0148 -0.1322 21.0085126 105.7523163 20190810121642 ;
1 0.0222 0.0628 0.0007 21.0085126 105.7523163 20190810121642 ;
1 0.1729 0.0357 0.0549 21.0085126 105.7523163 20190810121642 ;
1 0.1174 0.1016 0.1852 21.0084764 105.7524922 20190810121642 ;
1 0.1493 -0.0525 -0.1490 21.0084764 105.7524922 20190810121642 ;
1 0.1209 0.0504 -0.0059 21.0084764 105.7524922 20190810121642 ;
1 0.0822 -0.1381 -0.2302 21.0084764 105.7524922 20190810121642 ;
1 0.1459 0.1610 -0.2188 21.0084764 105.7524922 20190810121642 ;
1 0.1865 -0.1170 -0.2658 21.0084764 105.7524922 20190810121642 ;
1 0.0997 0.1234 -0.1552 21.0084764 105.7524922 20190810121642 ;
1 0.1310 -0.0387 -0.3203 21.0084764 105.7524922 20190810121642 ;
1 0.2347 -0.1375 -0.3840 21.0084764 105.7524922 20190810121642 ;
1 0.1269 0.0921 -0.1722 21.0084764 105.7524922 20190810121642 ;
1 0.0678 -0.2408 -0.2024 21.0084764 105.7524922 20190810121642 ;
1 0.0709 -0.0012 -0.3407 21.0084764 105.7524922 20190810121642 ;
1 0.1740 0.2132 -0.3708 21.0084764 105.7524922 20190810121642 ;
1 0.1098 -0.0790 -0.1895 21.0084764 105.7524922 20190810121642 ;
1 0.1118 -0.1978 -0.2021 21.0084764 105.7524922 20190810121642 ;
1 0.0381 0.0393 -0.1698 21.0084764 105.7524922 20190810121642 ;
1 0.2049 0.0445 -0.3289 21.0084764 105.7524922 20190810121642 ;
1 0.1098 -0.3168 -0.1510 21.0084764 105.7524922 20190810121642 ;
1 -0.0023 0.4961 0.4507 21.0084764 105.7524922 20190810121643 ;
1 0.1571 -0.5333 -0.0457 21.0084764 105.7524922 20190810121643 ;
1 0.0804 0.3561 0.3926 21.0084764 105.7524922 20190810121643 ;
1 0.1042 -0.2507 0.0126 21.0084764 105.7524922 20190810121643 ;
1 0.0324 0.0596 0.3994 21.0084764 105.7524922 20190810121643 ;
1 0.0683 0.0717 0.1222 21.0084764 105.7524922 20190810121643 ;
1 0.1021 -0.1292 -0.1241 21.0084764 105.7524922 20190810121643 ;
1 0.0480 0.1297 0.3651 21.0084764 105.7524922 20190810121643 ;
1 0.0921 -0.1040 0.4166 21.0084764 105.7524922 20190810121643 ;
1 0.0994 -0.0393 0.5697 21.0084764 105.7524922 20190810121643 ;
1 0.1465 0.2071 0.1438 21.0084764 105.7524922 20190810121643 ;
1 0.0869 -0.1105 0.0793 21.0084764 105.7524922 20190810121643 ;
1 0.1092 0.0333 0.4266 21.0084764 105.7524922 20190810121643 ;
1 0.2101 -0.1161 0.0522 21.0084764 105.7524922 20190810121643 ;
1 0.1857 0.1931 -0.2256 21.0084764 105.7524922 20190810121643 ;
1 0.1376 -0.0086 0.1985 21.0084764 105.7524922 20190810121643 ;
1 0.1658 -0.0781 -0.0907 21.0084764 105.7524922 20190810121643 ;
1 0.1241 -0.0361 -0.3106 21.0084764 105.7524922 20190810121643 ;
1 0.1070 -0.0240 -0.0631 21.0084764 105.7524922 20190810121643 ;
1 0.1525 0.0958 -0.0246 21.0084764 105.7524922 20190810121643 ;
1 0.1418 -0.0707 0.0934 21.0084764 105.7524922 20190810121643 ;
1 0.1546 0.1806 -0.1310 21.0084764 105.7524922 20190810121643 ;
1 0.0908 0.1123 -0.1397 21.0084764 105.7524922 20190810121643 ;
1 -0.0321 -0.2571 0.1635 21.0084764 105.7524922 20190810121643 ;
1 0.0308 -0.0298 0.6956 21.0084764 105.7524922 20190810121643 ;
1 0.2334 0.2912 -0.1632 21.0084764 105.7524922 20190810121643 ;
1 0.0345 -0.2244 0.1375 21.0084764 105.7524922 20190810121643 ;
1 -0.0896 0.2429 0.6833 21.0084764 105.7524922 20190810121643 ;
1 0.1854 -0.1435 -0.2136 21.0084764 105.7524922 20190810121643 ;
1 0.2333 -0.1518 -0.0511 21.0084764 105.7524922 20190810121643 ;
1 0.0359 -0.0606 0.4711 21.0084764 105.7524922 20190810121643 ;
1 0.0167 -0.2149 0.9333 21.0084764 105.7524922 20190810121643 ;
1 0.2889 0.1613 0.4795 21.0084764 105.7524922 20190810121643 ;
1 0.2473 -0.3823 -0.3201 21.0084764 105.7524922 20190810121643 ;
1 0.0404 -0.0198 0.0265 21.0084344 105.7526691 20190810121643 ;
1 0.2478 -0.0826 -0.4743 21.0084344 105.7526691 20190810121643 ;
1 0.1853 -0.5125 -0.4126 21.0084344 105.7526691 20190810121643 ;
1 0.1301 -0.0410 -0.3866 21.0084344 105.7526691 20190810121643 ;
1 0.1877 -0.3308 -0.6172 21.0084344 105.7526691 20190810121643 ;
1 0.1005 -0.2037 -0.1119 21.0084344 105.7526691 20190810121643 ;
1 0.1148 -0.2083 -0.4112 21.0084344 105.7526691 20190810121643 ;
1 0.0727 -0.2577 -0.5805 21.0084344 105.7526691 20190810121643 ;
1 0.1184 -0.0441 -0.3327 21.0084344 105.7526691 20190810121643 ;
1 0.1861 -0.3223 -0.3297 21.0084344 105.7526691 20190810121643 ;
1 -0.0017 -0.0820 -0.0077 21.0084344 105.7526691 20190810121643 ;
1 0.2230 -0.2746 -0.2540 21.0084344 105.7526691 20190810121643 ;
1 0.0858 -0.1125 0.0091 21.0084344 105.7526691 20190810121643 ;
1 0.0968 -0.1212 0.2105 21.0084344 105.7526691 20190810121643 ;
1 0.1578 -0.1968 -0.0860 21.0084344 105.7526691 20190810121643 ;
1 0.0378 -0.0745 -0.0720 21.0084344 105.7526691 20190810121644 ;
1 0.0033 -0.1513 0.1130 21.0084344 105.7526691 20190810121644 ;
1 0.2987 -0.0537 0.1445 21.0084344 105.7526691 20190810121644 ;
1 0.0668 -0.1841 0.0563 21.0084344 105.7526691 20190810121644 ;
1 0.1127 -0.0219 0.2644 21.0084344 105.7526691 20190810121644 ;
1 0.1606 -0.2028 0.0249 21.0084344 105.7526691 20190810121644 ;
1 0.1768 -0.0858 0.0533 21.0084344 105.7526691 20190810121644 ;
1 0.0916 0.0491 0.0579 21.0084344 105.7526691 20190810121644 ;
1 0.1334 -0.0876 0.1250 21.0084344 105.7526691 20190810121644 ;
1 0.3024 -0.0305 -0.0920 21.0084344 105.7526691 20190810121644 ;
1 0.0167 -0.1710 -0.1513 21.0084344 105.7526691 20190810121644 ;
1 0.0801 0.1436 0.1920 21.0084344 105.7526691 20190810121644 ;
1 0.0671 -0.3442 0.1346 21.0084344 105.7526691 20190810121644 ;
1 0.1257 0.0250 0.1034 21.0084344 105.7526691 20190810121644 ;
1 0.1620 0.1612 -0.1658 21.0084344 105.7526691 20190810121644 ;
1 0.0202 -0.0809 0.1755 21.0084344 105.7526691 20190810121644 ;
1 0.0282 0.0250 0.0570 21.0084344 105.7526691 20190810121644 ;
1 0.0863 -0.0446 0.2709 21.0084344 105.7526691 20190810121644 ;
1 0.1453 0.0689 0.1107 21.0084344 105.7526691 20190810121644 ;
1 0.0874 -0.1892 0.1372 21.0084344 105.7526691 20190810121644 ;
1 -0.0716 0.2229 0.6329 21.0084344 105.7526691 20190810121644 ;
1 0.1364 -0.0745 0.2484 21.0084344 105.7526691 20190810121644 ;
1 0.1370 0.1220 0.2258 21.0084344 105.7526691 20190810121644 ;
1 0.1456 0.3743 -0.1489 21.0084344 105.7526691 20190810121644 ;
1 0.0703 0.0036 0.3388 21.0084344 105.7526691 20190810121644 ;
1 0.0883 0.3037 0.5517 21.0084344 105.7526691 20190810121644 ;
1 0.1898 -0.0094 -0.3045 21.0084344 105.7526691 20190810121644 ;
1 0.0691 0.2468 0.2161 21.0084344 105.7526691 20190810121644 ;
1 0.0611 0.2969 0.5110 21.0084344 105.7526691 20190810121644 ;
1 0.1199 0.2155 -0.1030 21.0084344 105.7526691 20190810121644 ;
1 0.0921 0.3083 -0.1448 21.0084344 105.7526691 20190810121644 ;
1 0.2352 0.2352 -0.3880 21.0084344 105.7526691 20190810121644 ;
1 0.0030 0.1427 0.1846 21.0084344 105.7526691 20190810121644 ;
1 0.2008 0.2155 0.2082 21.0084344 105.7526691 20190810121644 ;
1 0.1361 0.3218 -0.1762 21.0084344 105.7526691 20190810121644 ;
1 -0.0495 0.2631 0.1346 21.0083952 105.7528463 20190810121644 ;
1 0.0654 0.3166 0.0851 21.0083952 105.7528463 20190810121644 ;
1 0.1645 0.0041 -0.4591 21.0083952 105.7528463 20190810121644 ;
1 -0.1396 0.4344 0.0386 21.0083952 105.7528463 20190810121644 ;
1 0.1922 0.0192 0.2991 21.0083952 105.7528463 20190810121644 ;
1 0.1254 0.1020 0.3964 21.0083952 105.7528463 20190810121644 ;
1 -0.0488 0.5724 0.6897 21.0083952 105.7528463 20190810121644 ;
1 -0.0942 0.0472 0.7638 21.0083952 105.7528463 20190810121644 ;
1 0.0373 0.3176 0.7216 21.0083952 105.7528463 20190810121644 ;
1 0.0705 0.1201 -0.0368 21.0083952 105.7528463 20190810121644 ;
1 -0.1311 0.3482 0.7931 21.0083952 105.7528463 20190810121644 ;
1 0.0464 0.1321 0.5495 21.0083952 105.7528463 20190810121644 ;
1 0.1218 0.0181 0.1866 21.0083952 105.7528463 20190810121644 ;
1 0.1117 0.1674 0.5460 21.0083952 105.7528463 20190810121644 ;
1 0.1334 0.1163 0.7504 21.0083952 105.7528463 20190810121645 ;
1 0.1441 0.0044 0.5804 21.0083952 105.7528463 20190810121645 ;
1 0.0973 0.1925 0.0821 21.0083952 105.7528463 20190810121645 ;
1 0.1831 -0.0128 -0.1568 21.0083952 105.7528463 20190810121645 ;
1 0.2197 0.0949 -0.3313 21.0083952 105.7528463 20190810121645 ;
1 0.0756 -0.1591 -0.6024 21.0083952 105.7528463 20190810121645 ;
1 0.0841 0.0908 -0.5268 21.0083952 105.7528463 20190810121645 ;
1 0.1831 -0.0927 -0.8428 21.0083952 105.7528463 20190810121645 ;
1 0.0764 0.0294 -0.9567 21.0083952 105.7528463 20190810121645 ;
1 0.0799 -0.0570 -0.8037 21.0083952 105.7528463 20190810121645 ;
1 0.0166 0.0278 -0.5497 21.0083952 105.7528463 20190810121645 ;
1 0.0826 -0.0901 -0.7277 21.0083952 105.7528463 20190810121645 ;
1 0.1305 0.1799 -0.8686 21.0083952 105.7528463 20190810121645 ;
1 0.0198 0.0989 -0.1250 21.0083952 105.7528463 20190810121645 ;
1 0.0038 0.0389 0.1117 21.0083952 105.7528463 20190810121645 ;
1 0.0316 0.1331 -0.1795 21.0083952 105.7528463 20190810121645 ;
1 0.0980 0.1016 -0.2144 21.0083952 105.7528463 20190810121645 ;
1 0.0313 0.1776 0.2053 21.0083952 105.7528463 20190810121645 ;
1 -0.1316 0.1934 0.7230 21.0083952 105.7528463 20190810121645 ;
1 0.1065 0.0456 0.0993 21.0083952 105.7528463 20190810121645 ;
1 0.0095 0.1859 0.1562 21.0083952 105.7528463 20190810121645 ;
1 0.0164 0.0738 0.7157 21.0083952 105.7528463 20190810121645 ;
1 0.0400 0.1975 0.8179 21.0083952 105.7528463 20190810121645 ;
1 0.0266 -0.0591 0.3938 21.0083952 105.7528463 20190810121645 ;
1 -0.0522 0.3663 0.7494 21.0083952 105.7528463 20190810121645 ;
1 0.0486 0.0670 0.6257 21.0083952 105.7528463 20190810121645 ;
1 0.0804 0.0836 0.3703 21.0083952 105.7528463 20190810121645 ;
1 0.1264 0.1952 0.0853 21.0083952 105.7528463 20190810121645 ;
1 -0.0953 0.1355 0.3027 21.0083952 105.7528463 20190810121645 ;
1 0.2368 0.2915 0.1983 21.0083952 105.7528463 20190810121645 ;
1 0.1009 -0.1102 -0.2278 21.0083952 105.7528463 20190810121645 ;
1 0.0361 0.4271 0.2443 21.0083952 105.7528463 20190810121645 ;
1 0.1018 -0.0987 -0.1385 21.0083952 105.7528463 20190810121645 ;
1 0.2154 0.2564 -0.3904 21.0083952 105.7528463 20190810121645 ;
1 0.1569 0.1576 -0.4930 21.0083541 105.7530226 20190810121645 ;
1 0.0873 0.0003 -0.5046 21.0083541 105.7530226 20190810121645 ;
1 0.0066 0.2657 -0.2792 21.0083541 105.7530226 20190810121645 ;
1 0.2521 0.0862 -0.6735 21.0083541 105.7530226 20190810121645 ;
1 0.1267 0.0811 -0.4973 21.0083541 105.7530226 20190810121645 ;
1 0.0683 0.1151 -0.3771 21.0083541 105.7530226 20190810121645 ;
1 0.0734 0.1620 -0.5477 21.0083541 105.7530226 20190810121645 ;
1 0.1679 0.0004 -0.6037 21.0083541 105.7530226 20190810121645 ;
1 0.0269 0.0398 -0.2986 21.0083541 105.7530226 20190810121645 ;
1 0.1407 0.1058 -0.1564 21.0083541 105.7530226 20190810121645 ;
1 0.0550 -0.1162 -0.2143 21.0083541 105.7530226 20190810121645 ;
1 -0.0051 0.3303 -0.0407 21.0083541 105.7530226 20190810121645 ;
1 0.0085 -0.2353 -0.0492 21.0083541 105.7530226 20190810121645 ;
1 -0.0076 0.2155 0.1493 21.0083541 105.7530226 20190810121645 ;
1 0.1363 -0.0033 -0.1047 21.0083541 105.7530226 20190810121645 ;
1 0.0114 -0.0160 0.2934 21.0083541 105.7530226 20190810121646 ;
1 -0.0252 0.3115 0.4782 21.0083541 105.7530226 20190810121646 ;
1 0.0509 -0.1733 0.3601 21.0083541 105.7530226 20190810121646 ;
1 0.0522 0.1102 0.7348 21.0083541 105.7530226 20190810121646 ;
1 -0.1485 0.1409 0.9175 21.0083541 105.7530226 20190810121646 ;
1 -0.4214 0.3476 1.8447 21.0083541 105.7530226 20190810121646 ;
1 -0.1520 0.0501 1.2476 21.0083541 105.7530226 20190810121646 ;
1 -0.3488 0.4657 1.5196 21.0083541 105.7530226 20190810121646 ;
1 -0.5273 0.1222 1.8574 21.0083541 105.7530226 20190810121646 ;
1 -0.5159 0.4540 1.9690 21.0083541 105.7530226 20190810121646 ;
1 -0.2549 0.1745 1.9119 21.0083541 105.7530226 20190810121646 ;
1 -0.0770 0.1678 1.7828 21.0083541 105.7530226 20190810121646 ;
1 -0.4563 0.4282 2.9091 21.0083541 105.7530226 20190810121646 ;
1 -0.0735 0.3112 2.7308 21.0083541 105.7530226 20190810121646 ;
1 0.0037 0.0881 2.1837 21.0083541 105.7530226 20190810121646 ;
1 -0.0313 0.1285 2.4930 21.0083541 105.7530226 20190810121646 ;
1 -0.1407 0.2949 2.6928 21.0083541 105.7530226 20190810121646 ;
1 -0.1417 0.1780 1.8682 21.0083541 105.7530226 20190810121646 ;
1 0.2441 0.1960 0.0861 21.0083541 105.7530226 20190810121646 ;
1 0.2092 -0.3886 -0.9354 21.0083541 105.7530226 20190810121646 ;
1 -0.2057 0.6241 0.1327 21.0083541 105.7530226 20190810121646 ;
1 1.0167 -0.2359 -3.2023 21.0083541 105.7530226 20190810121646 ;
1 0.0587 -0.1382 -1.9622 21.0083541 105.7530226 20190810121646 ;
1 0.0516 0.2958 -1.0305 21.0083541 105.7530226 20190810121646 ;
1 0.5009 0.1344 -2.6500 21.0083541 105.7530226 20190810121646 ;
1 0.4956 -0.3613 -3.2008 21.0083541 105.7530226 20190810121646 ;
1 0.2438 -0.3110 -3.8384 21.0083541 105.7530226 20190810121646 ;
1 0.0423 0.9692 -2.4990 21.0083541 105.7530226 20190810121646 ;
1 0.5101 -0.0202 -5.2023 21.0083541 105.7530226 20190810121646 ;
1 -0.0557 -0.6835 -5.5786 21.0083541 105.7530226 20190810121646 ;
1 0.2874 0.6050 -2.7490 21.0083541 105.7530226 20190810121646 ;
1 0.3071 0.2431 -3.4091 21.0083541 105.7530226 20190810121646 ;
1 -0.2398 -0.0055 -4.2694 21.0083541 105.7530226 20190810121646 ;
1 0.4978 0.1475 -2.6989 21.0083541 105.7530226 20190810121646 ;
1 0.0953 0.2424 -1.3306 21.0083164 105.7531989 20190810121646 ;
1 -0.2435 0.4160 -1.5589 21.0083164 105.7531989 20190810121646 ;
1 0.1566 0.2707 -1.2371 21.0083164 105.7531989 20190810121646 ;
1 0.0324 0.1041 -0.5171 21.0083164 105.7531989 20190810121646 ;
1 -0.0685 0.5012 -0.0207 21.0083164 105.7531989 20190810121646 ;
1 -0.0467 0.3347 0.0428 21.0083164 105.7531989 20190810121646 ;
1 0.0968 0.0770 0.0876 21.0083164 105.7531989 20190810121646 ;
1 0.1486 0.4005 0.4820 21.0083164 105.7531989 20190810121646 ;
1 0.0112 0.2712 0.8383 21.0083164 105.7531989 20190810121646 ;
1 0.2110 0.2112 1.2246 21.0083164 105.7531989 20190810121646 ;
1 0.0983 0.0412 1.2377 21.0083164 105.7531989 20190810121646 ;
1 0.0479 0.2769 1.4848 21.0083164 105.7531989 20190810121646 ;
1 0.6373 0.2046 0.3846 21.0083164 105.7531989 20190810121646 ;
1 -0.8451 0.1380 3.1413 21.0083164 105.7531989 20190810121646 ;
1 0.1533 0.9300 1.7522 21.0083164 105.7531989 20190810121646 ;
1 1.9106 -0.4824 -3.4154 21.0083164 105.7531989 20190810121647 ;
1 -0.5136 0.4142 0.8166 21.0083164 105.7531989 20190810121647 ;
1 0.2119 0.3691 0.0959 21.0083164 105.7531989 20190810121647 ;
1 0.9547 -0.0096 -1.9040 21.0083164 105.7531989 20190810121647 ;
1 1.2378 -0.4360 -2.3844 21.0083164 105.7531989 20190810121647 ;
1 -0.1340 0.3880 0.0967 21.0083164 105.7531989 20190810121647 ;
1 -0.0316 1.2889 0.5999 21.0083164 105.7531989 20190810121647 ;
1 1.8092 -0.5873 -5.6166 21.0083164 105.7531989 20190810121647 ;
1 -0.4119 -0.9017 -4.9207 21.0083164 105.7531989 20190810121647 ;
1 0.9012 1.3660 -1.4168 21.0083164 105.7531989 20190810121647 ;
1 0.8627 -0.0874 -3.4805 21.0083164 105.7531989 20190810121647 ;
1 -0.5151 0.1294 -4.0597 21.0083164 105.7531989 20190810121647 ;
1 0.8842 -0.2181 -2.4518 21.0083164 105.7531989 20190810121647 ;
1 0.0874 0.2977 -1.3263 21.0083164 105.7531989 20190810121647 ;
1 -0.0943 0.3597 -1.9388 21.0083164 105.7531989 20190810121647 ;
1 0.2456 -0.1597 -1.1768 21.0083164 105.7531989 20190810121647 ;
1 -0.1902 0.3025 0.3604 21.0083164 105.7531989 20190810121647 ;
1 -0.2662 0.4640 0.9179 21.0083164 105.7531989 20190810121647 ;
1 -0.2162 0.0045 1.5983 21.0083164 105.7531989 20190810121647 ;
1 -0.1393 0.3898 2.6291 21.0083164 105.7531989 20190810121647 ;
1 -0.1455 0.1538 2.7367 21.0083164 105.7531989 20190810121647 ;
1 -0.3930 0.3652 3.8337 21.0083164 105.7531989 20190810121647 ;
1 0.0969 0.2860 3.8453 21.0083164 105.7531989 20190810121647 ;
1 0.2263 -0.2541 3.9615 21.0083164 105.7531989 20190810121647 ;
1 -0.0282 0.2577 4.6541 21.0083164 105.7531989 20190810121647 ;
1 0.2378 0.0604 4.3489 21.0083164 105.7531989 20190810121647 ;
1 0.4964 -0.0835 4.0452 21.0083164 105.7531989 20190810121647 ;
1 0.2815 0.2087 3.2029 21.0083164 105.7531989 20190810121647 ;
1 0.3440 0.0128 2.3737 21.0083164 105.7531989 20190810121647 ;
1 0.3993 0.0607 1.4518 21.0083164 105.7531989 20190810121647 ;
1 0.2565 -0.0340 0.3753 21.0083164 105.7531989 20190810121647 ;
1 0.2570 -0.1934 0.1975 21.0083164 105.7531989 20190810121647 ;
1 0.3737 0.0024 -0.5145 21.0083164 105.7531989 20190810121647 ;
1 0.3229 0.0997 -1.4706 21.0083164 105.7531989 20190810121647 ;
1 0.2328 -0.0543 -1.2591 21.0082923 105.7533707 20190810121647 ;
1 0.3135 -0.0827 -1.1403 21.0082923 105.7533707 20190810121647 ;
1 0.2294 -0.0552 -1.6735 21.0082923 105.7533707 20190810121647 ;
1 0.1964 -0.1057 -1.4698 21.0082923 105.7533707 20190810121647 ;
1 0.1629 -0.1425 -1.0727 21.0082923 105.7533707 20190810121647 ;
1 0.2071 -0.1841 -1.4184 21.0082923 105.7533707 20190810121647 ;
1 0.2100 -0.1381 -1.5845 21.0082923 105.7533707 20190810121647 ;
1 0.1824 -0.2925 -1.0907 21.0082923 105.7533707 20190810121647 ;
1 0.1206 -0.1473 -0.7007 21.0082923 105.7533707 20190810121647 ;
1 0.2004 -0.3220 -0.9013 21.0082923 105.7533707 20190810121647 ;
1 0.1351 -0.4110 -0.3592 21.0082923 105.7533707 20190810121647 ;
1 0.1798 -0.2682 0.0581 21.0082923 105.7533707 20190810121647 ;
1 0.1573 -0.3165 0.3561 21.0082923 105.7533707 20190810121647 ;
1 0.0560 -0.3043 0.2920 21.0082923 105.7533707 20190810121647 ;
1 0.1669 -0.4361 0.4576 21.0082923 105.7533707 20190810121647 ;
1 0.1235 -0.5172 0.5593 21.0082923 105.7533707 20190810121647 ;
1 0.1898 -0.3858 0.6179 21.0082923 105.7533707 20190810121647 ;
1 0.1641 -0.4995 0.8171 21.0082923 105.7533707 20190810121647 ;
1 0.2150 -0.5711 0.6954 21.0082923 105.7533707 20190810121648 ;
1 0.0114 -0.3376 1.0442 21.0082923 105.7533707 20190810121648 ;
1 0.2022 -0.3015 0.7212 21.0082923 105.7533707 20190810121648 ;
1 0.2614 -0.4817 0.8911 21.0082923 105.7533707 20190810121648 ;
1 0.1237 -0.5850 0.9033 21.0082923 105.7533707 20190810121648 ;
1 0.1261 -0.1707 0.8508 21.0082923 105.7533707 20190810121648 ;
1 -0.2261 -0.3048 -0.1713 21.0082923 105.7533707 20190810121648 ;
