1 0.0718 -0.8643 1.3219 21.0101885 105.7393616 20190810025653 
1 0.2579 0.6933 -0.4183 21.0101885 105.7393616 20190810025653 
1 -0.3295 -0.2565 -1.6202 21.0101885 105.7393616 20190810025653 
1 0.0481 -0.5612 0.5366 21.0101885 105.7393616 20190810025653 
1 0.1728 0.3249 0.4459 21.0101885 105.7393616 20190810025653 
1 -0.0419 -0.0412 -0.4088 21.0101885 105.7393616 20190810025653 
1 0.1000 0.1193 -0.6683 21.0101885 105.7393616 20190810025653 
1 -0.1279 -0.3563 -0.6899 21.0101885 105.7393616 20190810025653 
1 -0.4001 -0.0911 -0.4209 21.0101936 105.7391949 20190810025653 
1 0.2548 0.0482 -0.4878 21.0101936 105.7391949 20190810025653 
1 -0.3878 -0.2799 -0.7096 21.0101936 105.7391949 20190810025653 
1 0.0012 -0.0650 -0.0572 21.0101936 105.7391949 20190810025653 
1 -0.0336 -0.0079 -0.6391 21.0101936 105.7391949 20190810025653 
1 -0.3729 -0.2482 -0.6922 21.0101936 105.7391949 20190810025653 
1 -0.2451 -0.0011 -0.1852 21.0101936 105.7391949 20190810025653 
1 0.2284 -0.0589 -0.5474 21.0101936 105.7391949 20190810025653 
1 -0.6554 -0.0834 -0.4165 21.0101936 105.7391949 20190810025653 
1 0.0502 -0.1928 0.0332 21.0101936 105.7391949 20190810025653 
1 -0.1031 -0.1560 -0.0281 21.0101936 105.7391949 20190810025653 
1 -0.3339 -0.0725 -0.0097 21.0101936 105.7391949 20190810025653 
1 -0.1118 -0.0416 -0.1736 21.0101936 105.7391949 20190810025653 
1 -0.0330 -0.1824 -0.2570 21.0101936 105.7391949 20190810025653 
1 -0.3180 -0.4243 0.8638 21.0101936 105.7391949 20190810025653 
1 0.2224 0.0660 0.3045 21.0101936 105.7391949 20190810025653 
1 -0.1677 -0.1152 -0.2502 21.0101936 105.7391949 20190810025653 
1 -0.2692 -0.2532 0.2489 21.0101936 105.7391949 20190810025653 
1 0.1077 0.0847 -0.1254 21.0101936 105.7391949 20190810025654 
1 -0.2579 -0.4409 0.6259 21.0101936 105.7391949 20190810025654 
1 0.0750 -0.1427 0.8269 21.0101936 105.7391949 20190810025654 
1 0.3170 0.2440 0.0022 21.0101936 105.7391949 20190810025654 
1 -0.3515 -0.5027 0.8953 21.0101936 105.7391949 20190810025654 
1 0.0401 0.0418 0.5613 21.0101936 105.7391949 20190810025654 
1 0.3985 -0.1857 0.2065 21.0101936 105.7391949 20190810025654 
1 -0.3652 -0.0802 0.0153 21.0101936 105.7391949 20190810025654 
1 -0.2965 0.0169 -0.3282 21.0101936 105.7391949 20190810025654 
1 0.1405 -0.3285 0.2459 21.0101936 105.7391949 20190810025654 
1 -0.1493 -0.0166 0.8321 21.0101936 105.7391949 20190810025654 
1 -0.0919 0.0815 -0.3856 21.0101936 105.7391949 20190810025654 
1 -0.1779 -0.2952 -0.1369 21.0101936 105.7391949 20190810025654 
1 0.0481 0.1232 -0.1446 21.0101936 105.7391949 20190810025654 
1 -0.1276 -0.2778 0.0392 21.0101936 105.7391949 20190810025654 
1 -0.1985 -0.1203 0.3826 21.0101936 105.7391949 20190810025654 
1 -0.2726 0.0591 -0.5973 21.0101936 105.7391949 20190810025654 
1 -0.1922 -0.2100 -0.6411 21.0101936 105.7391949 20190810025654 
1 -0.0707 -0.1217 -0.0754 21.0101936 105.7391949 20190810025654 
1 -0.2954 -0.1150 -0.3218 21.0101936 105.7391949 20190810025654 
1 0.1994 -0.1525 -0.1428 21.0101936 105.7391949 20190810025654 
1 0.0363 0.1159 -0.3485 21.0101936 105.7391949 20190810025654 
1 -0.3475 -0.1365 -0.4894 21.0101936 105.7391949 20190810025654 
1 0.0431 -0.1299 0.1081 21.0101936 105.7391949 20190810025654 
1 0.2946 -0.0624 -0.0493 21.0101936 105.7391949 20190810025654 
1 -0.4478 -0.1315 -0.0022 21.0101936 105.7391949 20190810025654 
1 0.1433 -0.0312 0.0145 21.0101936 105.7391949 20190810025654 
1 0.1512 -0.0059 -0.4009 21.0101936 105.7391949 20190810025654 
1 -0.1445 -0.1698 -0.2631 21.0101936 105.7391949 20190810025654 
1 -0.1160 -0.2189 -0.0662 21.0101936 105.7391949 20190810025654 
1 0.0721 -0.0462 -0.1390 21.0101936 105.7391949 20190810025654 
1 -0.1410 0.0352 -0.0810 21.0101936 105.7391949 20190810025654 
1 0.1223 -0.0921 0.0802 21.0102027 105.7390362 20190810025654 
1 -0.0334 -0.2042 0.0704 21.0102027 105.7390362 20190810025654 
1 -0.2115 -0.0169 -0.1284 21.0102027 105.7390362 20190810025654 
1 -0.0309 0.0785 -0.2524 21.0102027 105.7390362 20190810025654 
1 -0.2332 -0.1985 0.0831 21.0102027 105.7390362 20190810025654 
1 0.0949 -0.0668 0.2399 21.0102027 105.7390362 20190810025654 
1 -0.0669 0.0344 -0.3088 21.0102027 105.7390362 20190810025654 
1 0.0742 -0.1166 -0.2927 21.0102027 105.7390362 20190810025654 
1 -0.2504 -0.0210 0.0123 21.0102027 105.7390362 20190810025654 
1 0.1469 0.0031 -0.4937 21.0102027 105.7390362 20190810025654 
1 -0.5597 -0.1711 -0.6154 21.0102027 105.7390362 20190810025654 
1 -0.1718 -0.1873 -0.1057 21.0102027 105.7390362 20190810025654 
1 0.1080 -0.0278 0.1050 21.0102027 105.7390362 20190810025654 
1 0.1018 0.0018 -0.1873 21.0102027 105.7390362 20190810025654 
1 -0.1017 -0.0305 -0.4079 21.0102027 105.7390362 20190810025654 
1 0.1245 -0.2112 0.0645 21.0102027 105.7390362 20190810025655 
1 -0.0700 -0.0530 0.0875 21.0102027 105.7390362 20190810025655 
1 0.0427 -0.0562 0.0413 21.0102027 105.7390362 20190810025655 
1 -0.1403 -0.0775 -0.1045 21.0102027 105.7390362 20190810025655 
1 -0.0531 -0.1096 0.1028 21.0102027 105.7390362 20190810025655 
1 0.2348 -0.0737 0.4691 21.0102027 105.7390362 20190810025655 
1 0.0582 -0.0652 0.3552 21.0102027 105.7390362 20190810025655 
1 0.1338 0.0203 0.0047 21.0102027 105.7390362 20190810025655 
1 -0.0490 -0.2194 0.6020 21.0102027 105.7390362 20190810025655 
1 -0.0710 0.0304 0.5216 21.0102027 105.7390362 20190810025655 
1 0.3242 -0.0473 0.0410 21.0102027 105.7390362 20190810025655 
1 -0.3911 -0.2539 0.3760 21.0102027 105.7390362 20190810025655 
1 0.0561 0.0816 0.0989 21.0102027 105.7390362 20190810025655 
1 0.2237 0.0203 -0.0208 21.0102027 105.7390362 20190810025655 
1 0.0547 -0.1343 0.4678 21.0102027 105.7390362 20190810025655 
1 -0.1775 -0.0350 -0.2192 21.0102027 105.7390362 20190810025655 
1 -0.2596 -0.1032 -0.1411 21.0102027 105.7390362 20190810025655 
1 0.0989 -0.3241 0.7691 21.0102027 105.7390362 20190810025655 
1 -0.0841 0.1677 -0.0316 21.0102027 105.7390362 20190810025655 
1 0.1516 0.0714 -0.4291 21.0102027 105.7390362 20190810025655 
1 -0.0155 -0.1430 -0.0847 21.0102027 105.7390362 20190810025655 
1 -0.0027 -0.2654 0.3465 21.0102027 105.7390362 20190810025655 
1 0.5351 0.3787 -0.6393 21.0102027 105.7390362 20190810025655 
1 -0.6493 -0.0501 -0.7315 21.0102027 105.7390362 20190810025655 
1 0.0721 -0.5356 0.1298 21.0102027 105.7390362 20190810025655 
1 -0.2002 -0.1464 1.0950 21.0102027 105.7390362 20190810025655 
1 0.0995 0.3584 0.2696 21.0102027 105.7390362 20190810025655 
1 0.2702 0.0432 -1.1394 21.0102027 105.7390362 20190810025655 
1 -0.5244 -0.4085 -0.7278 21.0102027 105.7390362 20190810025655 
1 0.2533 -0.1259 0.3091 21.0102027 105.7390362 20190810025655 
1 0.0856 0.1155 -0.5156 21.0102027 105.7390362 20190810025655 
1 0.3762 -0.0846 0.1395 21.0102027 105.7390362 20190810025655 
1 0.0023 -0.3556 0.9857 21.0102027 105.7390362 20190810025655 
1 -0.2457 0.0286 -0.1843 21.0102084 105.7388731 20190810025655 
1 0.0560 -0.0343 -0.4208 21.0102084 105.7388731 20190810025655 
1 0.1545 -0.4496 0.5294 21.0102084 105.7388731 20190810025655 
1 -0.3981 0.2786 -1.0376 21.0102084 105.7388731 20190810025655 
1 0.3118 0.0985 -0.2191 21.0102084 105.7388731 20190810025655 
1 0.7456 -0.2345 0.7548 21.0102084 105.7388731 20190810025655 
1 -0.3071 0.1214 0.1459 21.0102084 105.7388731 20190810025655 
1 0.3687 -0.2492 1.0931 21.0102084 105.7388731 20190810025655 
1 -0.3162 0.1875 0.0603 21.0102084 105.7388731 20190810025655 
1 0.0470 0.0081 -0.8256 21.0102084 105.7388731 20190810025655 
1 0.1612 -0.1959 0.0240 21.0102084 105.7388731 20190810025655 
1 0.4462 -0.1687 -0.0550 21.0102084 105.7388731 20190810025655 
1 -0.4427 0.1092 -0.9392 21.0102084 105.7388731 20190810025655 
1 0.3299 -0.0259 0.2513 21.0102084 105.7388731 20190810025655 
1 0.2275 -0.0186 -0.0899 21.0102084 105.7388731 20190810025655 
1 -0.3240 -0.2488 0.0517 21.0102084 105.7388731 20190810025655 
1 0.2033 0.0305 0.3739 21.0102084 105.7388731 20190810025655 
1 0.1103 0.2648 -0.9953 21.0102084 105.7388731 20190810025655 
1 0.0252 -0.3243 -0.5081 21.0102084 105.7388731 20190810025655 
1 0.0117 0.0549 0.5416 21.0102084 105.7388731 20190810025656 
1 0.0820 0.0428 0.1727 21.0102084 105.7388731 20190810025656 
1 -0.2087 -0.1305 -0.0103 21.0102084 105.7388731 20190810025656 
1 0.2786 0.1201 0.2047 21.0102084 105.7388731 20190810025656 
1 0.1381 -0.0025 -0.0032 21.0102084 105.7388731 20190810025656 
1 0.2006 -0.1928 0.4957 21.0102084 105.7388731 20190810025656 
1 -0.2745 0.0470 -0.2352 21.0102084 105.7388731 20190810025656 
1 -0.0303 0.1263 -0.6048 21.0102084 105.7388731 20190810025656 
1 0.4260 -0.0537 0.0116 21.0102084 105.7388731 20190810025656 
1 -0.0773 -0.1861 0.7742 21.0102084 105.7388731 20190810025656 
1 0.3513 0.2244 -0.1150 21.0102084 105.7388731 20190810025656 
1 -0.0752 0.1409 -0.3080 21.0102084 105.7388731 20190810025656 
1 -0.0106 -0.2676 0.4681 21.0102084 105.7388731 20190810025656 
1 0.0088 0.1414 -0.0321 21.0102084 105.7388731 20190810025656 
1 -0.1188 -0.1219 0.0072 21.0102084 105.7388731 20190810025656 
1 0.2060 0.1463 -0.3852 21.0102084 105.7388731 20190810025656 
1 0.1899 -0.1083 -0.0119 21.0102084 105.7388731 20190810025656 
1 0.3606 -0.0608 0.2224 21.0102084 105.7388731 20190810025656 
1 -0.6122 0.1498 -0.3114 21.0102084 105.7388731 20190810025656 
1 0.1076 -0.0139 -0.2834 21.0102084 105.7388731 20190810025656 
1 0.0488 -0.1163 0.0765 21.0102084 105.7388731 20190810025656 
1 -0.0468 0.0498 0.2447 21.0102084 105.7388731 20190810025656 
1 -0.2951 -0.0995 -0.0991 21.0102084 105.7388731 20190810025656 
1 0.6228 0.2769 -0.3070 21.0102084 105.7388731 20190810025656 
1 -0.0977 -0.2713 0.0507 21.0102084 105.7388731 20190810025656 
1 -0.3747 0.0287 0.1163 21.0102084 105.7388731 20190810025656 
1 0.2168 0.2588 -0.0399 21.0102084 105.7388731 20190810025656 
1 0.2209 -0.0874 -0.2589 21.0102084 105.7388731 20190810025656 
1 0.0066 0.2059 -0.6524 21.0102084 105.7388731 20190810025656 
1 -0.1692 -0.2633 0.5500 21.0102084 105.7388731 20190810025656 
1 0.6121 0.2970 0.4067 21.010215 105.7387134 20190810025656 
1 -0.1461 0.1807 -0.5187 21.010215 105.7387134 20190810025656 
1 -0.0020 -0.1476 -0.1136 21.010215 105.7387134 20190810025656 
1 0.0678 0.0583 0.1044 21.010215 105.7387134 20190810025656 
1 0.3177 0.2291 -0.5908 21.010215 105.7387134 20190810025656 
1 -0.0286 -0.0369 0.0805 21.010215 105.7387134 20190810025656 
1 0.1219 0.3218 -0.7325 21.010215 105.7387134 20190810025656 
1 -0.0850 -0.2106 -0.4776 21.010215 105.7387134 20190810025656 
1 0.2380 0.0652 0.0548 21.010215 105.7387134 20190810025656 
1 0.2233 0.2466 -0.2122 21.010215 105.7387134 20190810025656 
1 -0.1345 -0.1166 -0.1237 21.010215 105.7387134 20190810025656 
1 0.0916 0.0861 -0.2020 21.010215 105.7387134 20190810025656 
1 0.0609 0.0058 -0.6443 21.010215 105.7387134 20190810025656 
1 0.1632 -0.0119 -0.0416 21.010215 105.7387134 20190810025656 
1 -0.3079 -0.0816 -0.2306 21.010215 105.7387134 20190810025656 
1 0.1773 0.0603 -0.0305 21.010215 105.7387134 20190810025656 
1 0.0632 0.0918 0.2271 21.010215 105.7387134 20190810025656 
1 0.0353 0.0987 0.1937 21.010215 105.7387134 20190810025656 
1 0.0550 -0.1305 0.3842 21.010215 105.7387134 20190810025657 
1 -0.0971 0.1616 0.0917 21.010215 105.7387134 20190810025657 
1 0.1441 0.0507 0.0401 21.010215 105.7387134 20190810025657 
1 0.0798 -0.0249 0.6346 21.010215 105.7387134 20190810025657 
1 -0.0476 0.0814 0.2431 21.010215 105.7387134 20190810025657 
1 0.1139 0.0291 -0.0054 21.010215 105.7387134 20190810025657 
1 -0.0485 0.1401 -0.1300 21.010215 105.7387134 20190810025657 
1 -0.0921 0.0169 -0.1086 21.010215 105.7387134 20190810025657 
1 -0.0718 -0.0961 0.0478 21.010215 105.7387134 20190810025657 
1 0.2867 0.1815 0.1130 21.010215 105.7387134 20190810025657 
1 -0.0611 0.0946 -0.3509 21.010215 105.7387134 20190810025657 
1 0.0591 -0.0440 0.1252 21.010215 105.7387134 20190810025657 
1 0.0091 0.1595 -0.2423 21.010215 105.7387134 20190810025657 
1 -0.0183 0.0694 -0.4687 21.010215 105.7387134 20190810025657 
1 0.0630 0.1222 -0.2912 21.010215 105.7387134 20190810025657 
1 -0.2774 -0.0512 -0.0943 21.010215 105.7387134 20190810025657 
1 0.2553 0.0006 0.1043 21.010215 105.7387134 20190810025657 
1 -0.2054 0.1763 -0.1804 21.010215 105.7387134 20190810025657 
1 0.1537 0.0354 -0.1824 21.010215 105.7387134 20190810025657 
1 -0.1943 0.0052 -0.3761 21.010215 105.7387134 20190810025657 
1 0.1788 -0.0231 -0.2332 21.010215 105.7387134 20190810025657 
1 0.0781 0.0908 -0.0260 21.010215 105.7387134 20190810025657 
1 -0.0158 0.0545 -0.2558 21.010215 105.7387134 20190810025657 
1 0.1318 0.0268 0.1264 21.010215 105.7387134 20190810025657 
1 0.0844 -0.0404 0.2413 21.010215 105.7387134 20190810025657 
1 0.0026 0.1547 -0.1437 21.010215 105.7387134 20190810025657 
1 0.0512 0.0310 0.0015 21.010215 105.7387134 20190810025657 
1 0.0996 -0.0154 0.1284 21.010215 105.7387134 20190810025657 
1 0.3079 -0.0052 0.1787 21.010215 105.7387134 20190810025657 
1 0.2447 0.1087 0.3064 21.010215 105.7387134 20190810025657 
1 0.1257 0.0747 0.1197 21.010215 105.7387134 20190810025657 
1 -0.1579 -0.0189 -0.0495 21.010215 105.7387134 20190810025657 
1 0.1518 0.0677 0.0775 21.010215 105.7387134 20190810025657 
1 -0.0167 0.0191 0.1181 21.010215 105.7387134 20190810025657 
1 -0.0624 0.2288 -0.1517 21.010223 105.7385717 20190810025657 
1 -0.0399 -0.0186 0.1992 21.010223 105.7385717 20190810025657 
1 0.3323 0.1092 0.2806 21.010223 105.7385717 20190810025657 
1 -0.0531 -0.1211 -0.2421 21.010223 105.7385717 20190810025657 
1 -0.1314 0.1173 -0.2084 21.010223 105.7385717 20190810025657 
1 0.2416 -0.0445 -0.1014 21.010223 105.7385717 20190810025657 
1 -0.0518 0.0982 -0.1880 21.010223 105.7385717 20190810025657 
1 -0.0010 0.0493 -0.0863 21.010223 105.7385717 20190810025657 
1 -0.2887 0.0640 -0.3533 21.010223 105.7385717 20190810025657 
1 0.2243 0.2271 -0.3777 21.010223 105.7385717 20190810025657 
1 -0.1920 -0.2385 0.2086 21.010223 105.7385717 20190810025657 
1 -0.0346 0.1741 -0.0492 21.010223 105.7385717 20190810025657 
1 -0.0591 -0.0275 -0.5521 21.010223 105.7385717 20190810025657 
1 0.2009 0.1381 -0.5772 21.010223 105.7385717 20190810025657 
1 0.0418 -0.0673 0.0449 21.010223 105.7385717 20190810025658 
1 0.2620 0.0479 -0.1907 21.010223 105.7385717 20190810025658 
1 -0.1853 0.1056 -0.2069 21.010223 105.7385717 20190810025658 
1 0.1857 0.0228 -0.2000 21.010223 105.7385717 20190810025658 
1 0.0333 0.0579 -0.0930 21.010223 105.7385717 20190810025658 
1 0.1051 -0.0235 0.1379 21.010223 105.7385717 20190810025658 
1 0.0954 0.0093 -0.0064 21.010223 105.7385717 20190810025658 
1 -0.0420 0.1934 -0.2180 21.010223 105.7385717 20190810025658 
1 0.2337 0.1026 -0.1013 21.010223 105.7385717 20190810025658 
1 0.1004 0.0243 -0.0573 21.010223 105.7385717 20190810025658 
1 0.1080 -0.0321 0.3352 21.010223 105.7385717 20190810025658 
1 -0.0599 0.1552 0.1175 21.010223 105.7385717 20190810025658 
1 0.1992 0.1890 -0.0480 21.010223 105.7385717 20190810025658 
1 0.0297 0.1065 -0.2039 21.010223 105.7385717 20190810025658 
1 -0.0671 -0.0167 -0.0648 21.010223 105.7385717 20190810025658 
1 0.1282 -0.0046 -0.3438 21.010223 105.7385717 20190810025658 
1 -0.1971 0.1583 -0.2988 21.010223 105.7385717 20190810025658 
1 0.2841 0.0430 -0.1346 21.010223 105.7385717 20190810025658 
1 -0.2629 -0.0121 -0.1157 21.010223 105.7385717 20190810025658 
1 0.1516 0.1366 -0.1603 21.010223 105.7385717 20190810025658 
1 -0.0985 0.0666 -0.2798 21.010223 105.7385717 20190810025658 
1 0.0671 0.0560 -0.1937 21.010223 105.7385717 20190810025658 
1 0.0626 0.0369 -0.2453 21.010223 105.7385717 20190810025658 
1 0.1218 0.0573 0.0996 21.010223 105.7385717 20190810025658 
1 -0.2002 0.0817 0.0979 21.010223 105.7385717 20190810025658 
1 0.0969 0.1521 -0.0356 21.010223 105.7385717 20190810025658 
1 -0.0000 0.0911 -0.2021 21.010223 105.7385717 20190810025658 
1 -0.2044 -0.0317 -0.0658 21.010223 105.7385717 20190810025658 
1 0.0807 0.0401 -0.0985 21.010223 105.7385717 20190810025658 
1 -0.1342 0.0860 0.0777 21.010223 105.7385717 20190810025658 
1 0.2440 0.0593 0.3179 21.010223 105.7385717 20190810025658 
1 -0.0741 0.0894 0.2229 21.010223 105.7385717 20190810025658 
1 0.0293 0.1473 -0.2519 21.010223 105.7385717 20190810025658 
1 -0.0928 0.0361 -0.2525 21.010223 105.7385717 20190810025658 
1 -0.0786 -0.0093 -0.1708 21.010223 105.7385717 20190810025658 
1 0.0543 0.1409 0.1679 21.0102217 105.7384119 20190810025658 
1 0.0875 0.0655 0.3433 21.0102217 105.7384119 20190810025658 
1 -0.0829 0.0727 0.1314 21.0102217 105.7384119 20190810025658 
1 0.1350 0.0262 0.0054 21.0102217 105.7384119 20190810025658 
1 0.1485 0.1482 0.0496 21.0102217 105.7384119 20190810025658 
1 -0.0873 0.0867 -0.0834 21.0102217 105.7384119 20190810025658 
1 0.2117 0.0967 0.0248 21.0102217 105.7384119 20190810025658 
1 -0.0968 0.0292 -0.0116 21.0102217 105.7384119 20190810025658 
1 0.0415 0.1434 -0.1475 21.0102217 105.7384119 20190810025658 
1 -0.0438 0.0635 0.1195 21.0102217 105.7384119 20190810025658 
1 -0.0172 0.1004 0.0123 21.0102217 105.7384119 20190810025658 
1 -0.0755 0.0543 -0.1600 21.0102217 105.7384119 20190810025658 
1 0.0656 0.2000 -0.1210 21.0102217 105.7384119 20190810025658 
1 0.2229 0.1139 -0.0429 21.0102217 105.7384119 20190810025658 
1 0.2893 0.1213 -0.1950 21.0102217 105.7384119 20190810025658 
1 -0.0160 0.0401 0.1917 21.0102217 105.7384119 20190810025658 
1 -0.1167 0.2911 -0.5259 21.0102217 105.7384119 20190810025658 
1 0.0000 -0.0161 0.0144 21.0102217 105.7384119 20190810025659 
1 0.2527 0.1250 0.0718 21.0102217 105.7384119 20190810025659 
1 0.2128 0.0139 -0.1325 21.0102217 105.7384119 20190810025659 
1 -0.2006 0.3296 -0.5692 21.0102217 105.7384119 20190810025659 
1 -0.3222 -0.0613 0.1454 21.0102217 105.7384119 20190810025659 
1 0.3539 0.0905 0.0759 21.0102217 105.7384119 20190810025659 
1 0.3432 0.2660 -0.3739 21.0102217 105.7384119 20190810025659 
1 -0.5912 0.0680 -0.5840 21.0102217 105.7384119 20190810025659 
1 0.2438 -0.1359 0.4087 21.0102217 105.7384119 20190810025659 
1 0.4111 0.1083 0.5628 21.0102217 105.7384119 20190810025659 
1 -0.4331 0.5349 0.0635 21.0102217 105.7384119 20190810025659 
1 0.5250 0.1035 -0.1598 21.0102217 105.7384119 20190810025659 
1 -0.8911 -0.0868 -0.1864 21.0102217 105.7384119 20190810025659 
1 0.1173 0.0602 0.0346 21.0102217 105.7384119 20190810025659 
1 0.2453 0.4231 -0.4323 21.0102217 105.7384119 20190810025659 
1 -0.0258 0.2540 -0.2253 21.0102217 105.7384119 20190810025659 
1 -0.0946 -0.2108 0.8157 21.0102217 105.7384119 20190810025659 
1 -0.3683 0.1294 0.7629 21.0102217 105.7384119 20190810025659 
1 0.4485 0.6533 -0.7902 21.0102217 105.7384119 20190810025659 
1 0.0674 -0.1357 -0.1336 21.0102217 105.7384119 20190810025659 
1 -0.1764 0.2399 -0.3783 21.0102217 105.7384119 20190810025659 
1 0.6803 0.1953 0.1699 21.0102217 105.7384119 20190810025659 
1 0.0869 0.0836 0.5049 21.0102217 105.7384119 20190810025659 
1 -0.2419 0.3425 -0.4862 21.0102217 105.7384119 20190810025659 
1 -0.0402 0.1549 -0.6416 21.0102217 105.7384119 20190810025659 
1 -0.1699 -0.0836 1.2589 21.0102217 105.7384119 20190810025659 
1 0.0100 0.2570 -0.1682 21.0102217 105.7384119 20190810025659 
1 0.0362 0.1192 -0.5189 21.0102217 105.7384119 20190810025659 
1 0.5133 0.4194 -0.4706 21.0102217 105.7384119 20190810025659 
1 -0.1204 0.0082 -0.4188 21.0102217 105.7384119 20190810025659 
1 0.3327 0.0353 0.5291 21.0102217 105.7384119 20190810025659 
1 -0.0591 0.4822 0.0270 21.0102217 105.7384119 20190810025659 
1 -0.0266 0.3666 -0.9791 21.0102217 105.7384119 20190810025659 
1 0.2137 -0.1155 0.0615 21.0102331 105.7382566 20190810025659 
1 -0.0873 0.1861 0.1196 21.0102331 105.7382566 20190810025659 
1 0.0275 0.1860 0.4108 21.0102331 105.7382566 20190810025659 
1 0.0218 0.5094 -0.4101 21.0102331 105.7382566 20190810025659 
1 0.1293 0.2865 -0.8319 21.0102331 105.7382566 20190810025659 
1 0.2286 -0.0963 -0.3286 21.0102331 105.7382566 20190810025659 
1 -0.0029 0.3408 -0.1501 21.0102331 105.7382566 20190810025659 
1 -0.2431 0.0403 0.2523 21.0102331 105.7382566 20190810025659 
1 -0.1703 0.5295 -0.0935 21.0102331 105.7382566 20190810025659 
1 -0.0342 0.2406 -0.6441 21.0102331 105.7382566 20190810025659 
1 -0.0656 -0.1015 -0.2574 21.0102331 105.7382566 20190810025659 
1 -0.0759 0.0703 -0.0603 21.0102331 105.7382566 20190810025659 
1 0.0835 0.3717 -0.5856 21.0102331 105.7382566 20190810025659 
1 -0.1472 0.1899 0.1533 21.0102331 105.7382566 20190810025659 
1 0.0557 0.0495 0.4493 21.0102331 105.7382566 20190810025700 
1 -0.5217 0.2809 -0.5474 21.0102331 105.7382566 20190810025700 
1 0.4536 -0.0185 0.5829 21.0102331 105.7382566 20190810025700 
1 -0.2655 0.4343 -0.5004 21.0102331 105.7382566 20190810025700 
1 -0.0320 0.1205 -0.8392 21.0102331 105.7382566 20190810025700 
1 0.5122 -0.0102 0.7643 21.0102331 105.7382566 20190810025700 
1 -0.1531 0.1328 0.6217 21.0102331 105.7382566 20190810025700 
1 -0.2578 0.2751 0.3554 21.0102331 105.7382566 20190810025700 
1 -0.2700 0.1702 0.7341 21.0102331 105.7382566 20190810025700 
1 0.2464 0.3341 -0.1182 21.0102331 105.7382566 20190810025700 
1 -0.5378 -0.2298 0.3479 21.0102331 105.7382566 20190810025700 
1 0.5774 0.4308 0.3654 21.0102331 105.7382566 20190810025700 
1 -0.2194 0.4208 -0.8912 21.0102331 105.7382566 20190810025700 
1 0.3936 -0.3779 1.0844 21.0102331 105.7382566 20190810025700 
1 -0.1184 0.3553 0.9452 21.0102331 105.7382566 20190810025700 
1 -0.1440 0.0349 0.7479 21.0102331 105.7382566 20190810025700 
1 -0.3865 0.3487 -0.6499 21.0102331 105.7382566 20190810025700 
1 0.3706 0.0392 -0.1740 21.0102331 105.7382566 20190810025700 
1 -0.4686 0.0873 0.3366 21.0102331 105.7382566 20190810025700 
1 0.0879 0.4846 0.4247 21.0102331 105.7382566 20190810025700 
1 0.0761 0.2642 -0.6205 21.0102331 105.7382566 20190810025700 
1 -0.2597 0.0572 -0.4968 21.0102331 105.7382566 20190810025700 
1 0.0354 0.2097 0.2256 21.0102331 105.7382566 20190810025700 
1 0.0018 0.0896 0.8433 21.0102331 105.7382566 20190810025700 
1 0.1488 0.3394 0.6544 21.0102331 105.7382566 20190810025700 
1 0.0848 0.6761 -1.7420 21.0102331 105.7382566 20190810025700 
1 0.6751 -0.2364 -0.9237 21.0102331 105.7382566 20190810025700 
1 -0.7060 0.2256 -0.2720 21.0102331 105.7382566 20190810025700 
1 0.4675 0.2359 -0.5539 21.0102331 105.7382566 20190810025700 
1 -0.1993 0.4081 -0.8019 21.0102331 105.7382566 20190810025700 
1 0.1609 0.4157 -0.0322 21.0102331 105.7382566 20190810025700 
1 0.0023 -0.1712 -0.2054 21.0102331 105.7382566 20190810025700 
1 0.4119 0.3284 -0.4363 21.0102331 105.7382566 20190810025700 
1 -0.2319 0.2291 -0.5983 21.0102331 105.7382566 20190810025700 
1 0.1942 0.2366 -0.2706 21.0102443 105.7381035 20190810025700 
1 -0.3054 0.2001 -0.5512 21.0102443 105.7381035 20190810025700 
1 0.2954 0.1674 -0.2578 21.0102443 105.7381035 20190810025700 
1 -0.0499 0.2806 -0.5394 21.0102443 105.7381035 20190810025700 
1 -0.0966 0.1874 -0.2596 21.0102443 105.7381035 20190810025700 
1 -0.3673 0.1485 0.0831 21.0102443 105.7381035 20190810025700 
1 0.0873 0.4696 0.0261 21.0102443 105.7381035 20190810025700 
1 -0.3439 -0.0267 -0.0703 21.0102443 105.7381035 20190810025700 
1 -0.2041 -0.0724 0.7310 21.0102443 105.7381035 20190810025700 
1 -0.2471 0.3417 0.0695 21.0102443 105.7381035 20190810025700 
1 -0.3106 0.2647 -0.1517 21.0102443 105.7381035 20190810025700 
1 -0.1587 0.1320 -0.0436 21.0102443 105.7381035 20190810025700 
1 -0.0423 -0.0148 -0.0360 21.0102443 105.7381035 20190810025700 
1 -0.1594 0.1850 0.0533 21.0102443 105.7381035 20190810025700 
1 0.1107 0.2431 0.5369 21.0102443 105.7381035 20190810025700 
1 0.0913 0.1060 0.4935 21.0102443 105.7381035 20190810025700 
1 -0.3056 0.0610 0.5141 21.0102443 105.7381035 20190810025700 
1 0.2828 0.0454 0.6316 21.0102443 105.7381035 20190810025701 
1 -0.5382 0.2621 0.1601 21.0102443 105.7381035 20190810025701 
1 0.0209 0.2227 -0.1018 21.0102443 105.7381035 20190810025701 
1 0.1185 0.1225 0.3301 21.0102443 105.7381035 20190810025701 
1 0.0262 0.2040 0.5636 21.0102443 105.7381035 20190810025701 
1 -0.2246 0.3621 -0.1252 21.0102443 105.7381035 20190810025701 
1 0.5080 0.2312 0.4677 21.0102443 105.7381035 20190810025701 
1 -0.1240 0.0995 0.2662 21.0102443 105.7381035 20190810025701 
1 -0.2794 0.1391 0.2391 21.0102443 105.7381035 20190810025701 
1 0.1364 0.1674 0.6242 21.0102443 105.7381035 20190810025701 
1 -0.0087 0.3478 -0.6684 21.0102443 105.7381035 20190810025701 
1 -0.0873 -0.0071 -0.9098 21.0102443 105.7381035 20190810025701 
1 0.4865 0.1156 0.1086 21.0102443 105.7381035 20190810025701 
1 -0.3419 0.1246 0.1161 21.0102443 105.7381035 20190810025701 
1 -0.1270 0.3032 -0.3659 21.0102443 105.7381035 20190810025701 
1 0.2239 -0.0050 0.1151 21.0102443 105.7381035 20190810025701 
1 -0.5879 0.0321 0.0310 21.0102443 105.7381035 20190810025701 
1 0.3225 0.5759 -1.2031 21.0102443 105.7381035 20190810025701 
1 0.7219 0.0267 0.0992 21.0102443 105.7381035 20190810025701 
1 -0.3034 0.0256 0.6820 21.0102443 105.7381035 20190810025701 
1 -0.0957 0.5888 -0.8408 21.0102443 105.7381035 20190810025701 
1 0.0492 0.2366 -0.3032 21.0102443 105.7381035 20190810025701 
1 0.3902 -0.0476 0.2838 21.0102443 105.7381035 20190810025701 
1 -1.5140 0.0641 0.3071 21.0102443 105.7381035 20190810025701 
1 0.1256 0.4518 0.0114 21.0102443 105.7381035 20190810025701 
1 0.8684 0.6086 -1.6047 21.0102443 105.7381035 20190810025701 
1 -0.1838 -0.3210 -1.3224 21.0102443 105.7381035 20190810025701 
1 -0.3675 0.3870 -0.3232 21.0102443 105.7381035 20190810025701 
1 1.0251 0.3874 0.6591 21.0102443 105.7381035 20190810025701 
1 -0.4839 0.0888 -0.5088 21.0102443 105.7381035 20190810025701 
1 -0.1321 0.7639 -1.5278 21.0102443 105.7381035 20190810025701 
1 0.0138 -0.0936 -0.8188 21.0102443 105.7381035 20190810025701 
1 0.0811 -0.2173 0.4343 21.0102489 105.7379476 20190810025701 
1 -0.4399 0.5573 -0.5404 21.0102489 105.7379476 20190810025701 
1 0.8030 0.4856 -0.1988 21.0102489 105.7379476 20190810025701 
1 0.1591 0.2244 -0.6392 21.0102489 105.7379476 20190810025701 
1 -0.3398 -0.2411 -0.7777 21.0102489 105.7379476 20190810025701 
1 0.1050 0.0260 0.6408 21.0102489 105.7379476 20190810025701 
1 0.1674 0.6106 -0.1319 21.0102489 105.7379476 20190810025701 
1 -0.7466 -0.0219 -0.5166 21.0102489 105.7379476 20190810025701 
1 -0.4995 -0.0072 0.3622 21.0102489 105.7379476 20190810025701 
1 -0.0146 0.0123 0.5789 21.0102489 105.7379476 20190810025701 
1 -0.3910 -0.0872 1.0927 21.0102489 105.7379476 20190810025701 
1 -0.5075 0.1030 1.0024 21.0102489 105.7379476 20190810025701 
1 0.3373 0.2640 0.7977 21.0102489 105.7379476 20190810025701 
1 -0.8752 0.5595 -0.3407 21.0102489 105.7379476 20190810025701 
1 -0.7913 -0.6783 1.7400 21.0102489 105.7379476 20190810025701 
1 0.3875 0.4534 0.3533 21.0102489 105.7379476 20190810025701 
1 -0.7025 0.5406 -0.3815 21.0102489 105.7379476 20190810025701 
1 -0.1871 -0.0002 0.8216 21.0102489 105.7379476 20190810025701 
1 -0.3000 -0.1914 1.3851 21.0102489 105.7379476 20190810025701 
1 0.6820 0.5596 0.5443 21.0102489 105.7379476 20190810025702 
1 -0.2986 0.0573 0.8865 21.0102489 105.7379476 20190810025702 
1 0.1384 0.3506 -0.2979 21.0102489 105.7379476 20190810025702 
1 0.3930 0.1322 -0.3214 21.0102489 105.7379476 20190810025702 
1 -0.2425 0.0422 0.0332 21.0102489 105.7379476 20190810025702 
1 0.2736 0.5743 -1.1594 21.0102489 105.7379476 20190810025702 
1 -0.1248 -0.3677 -0.1442 21.0102489 105.7379476 20190810025702 
1 0.2078 0.4902 0.7084 21.0102489 105.7379476 20190810025702 
1 0.5586 0.3255 -0.2352 21.0102489 105.7379476 20190810025702 
1 -0.1867 0.0121 -0.5795 21.0102489 105.7379476 20190810025702 
1 0.2135 -0.0513 0.6507 21.0102489 105.7379476 20190810025702 
1 0.3568 0.4102 -0.1891 21.0102489 105.7379476 20190810025702 
1 0.3774 0.3343 -0.4618 21.0102489 105.7379476 20190810025702 
1 -0.2739 0.0677 -0.2914 21.0102489 105.7379476 20190810025702 
1 -0.2943 -0.1548 -0.0083 21.0102489 105.7379476 20190810025702 
1 0.2887 0.3007 -0.0248 21.0102489 105.7379476 20190810025702 
1 -0.0288 0.2870 0.2301 21.0102489 105.7379476 20190810025702 
1 -0.4083 0.1350 0.0532 21.0102489 105.7379476 20190810025702 
1 -0.1049 0.1954 -0.2420 21.0102489 105.7379476 20190810025702 
1 -0.1349 0.0598 -0.1210 21.0102489 105.7379476 20190810025702 
1 -0.1772 0.2542 -0.1373 21.0102489 105.7379476 20190810025702 
1 -0.0784 0.0626 -0.1801 21.0102489 105.7379476 20190810025702 
1 -0.3066 -0.0071 0.5442 21.0102489 105.7379476 20190810025702 
1 0.1727 0.3483 0.1305 21.0102489 105.7379476 20190810025702 
1 -0.1723 0.0199 -0.3638 21.0102489 105.7379476 20190810025702 
1 -0.2486 -0.0524 -0.0089 21.0102489 105.7379476 20190810025702 
1 -0.2451 0.1461 -0.3083 21.0102489 105.7379476 20190810025702 
1 0.1745 0.1537 -0.4366 21.0102489 105.7379476 20190810025702 
1 -0.1303 0.0836 0.3179 21.0102489 105.7379476 20190810025702 
1 -0.0183 -0.1010 0.6728 21.0102489 105.7379476 20190810025702 
1 0.3449 0.0083 1.0011 21.0102489 105.7379476 20190810025702 
1 0.3363 0.4375 0.3039 21.0102596 105.7377949 20190810025702 
1 0.0875 0.1387 0.2174 21.0102596 105.7377949 20190810025702 
1 0.2464 -0.2280 0.8252 21.0102596 105.7377949 20190810025702 
1 0.2421 0.4432 -0.0341 21.0102596 105.7377949 20190810025702 
1 0.1492 0.2013 -0.1286 21.0102596 105.7377949 20190810025702 
1 -0.1564 0.0597 0.6828 21.0102596 105.7377949 20190810025702 
1 -0.0877 0.3134 0.1772 21.0102596 105.7377949 20190810025702 
1 -0.0741 0.2737 -0.1410 21.0102596 105.7377949 20190810025702 
1 -0.1865 0.2718 -0.0282 21.0102596 105.7377949 20190810025702 
1 -0.1006 0.2933 -0.5779 21.0102596 105.7377949 20190810025702 
1 0.0467 0.0309 -0.3361 21.0102596 105.7377949 20190810025702 
1 0.0604 0.3954 -0.8944 21.0102596 105.7377949 20190810025702 
1 0.0552 0.2845 -1.1064 21.0102596 105.7377949 20190810025702 
1 -0.4667 -0.0382 -0.6425 21.0102596 105.7377949 20190810025702 
1 -0.6966 0.0791 -0.5785 21.0102596 105.7377949 20190810025702 
1 -0.4760 0.0716 -1.2036 21.0102596 105.7377949 20190810025702 
1 -0.3912 -0.0960 -0.4405 21.0102596 105.7377949 20190810025703 
1 -0.4205 0.1115 -0.7133 21.0102596 105.7377949 20190810025703 
1 -0.3587 -0.0876 -0.3236 21.0102596 105.7377949 20190810025703 
1 0.1358 0.0513 0.2463 21.0102596 105.7377949 20190810025703 
1 -0.0598 -0.0581 0.2065 21.0102596 105.7377949 20190810025703 
1 -0.5090 0.0360 -0.0083 21.0102596 105.7377949 20190810025703 
1 -0.0474 0.0112 0.5277 21.0102596 105.7377949 20190810025703 
1 -0.3063 -0.0448 0.5760 21.0102596 105.7377949 20190810025703 
1 -0.0806 0.0931 1.2321 21.0102596 105.7377949 20190810025703 
1 -0.2355 0.1586 1.0477 21.0102596 105.7377949 20190810025703 
1 0.2317 0.2208 0.9620 21.0102596 105.7377949 20190810025703 
1 0.0438 -0.1010 1.1290 21.0102596 105.7377949 20190810025703 
1 0.4404 0.2586 1.1727 21.0102596 105.7377949 20190810025703 
1 -0.2641 0.1606 0.6412 21.0102596 105.7377949 20190810025703 
1 0.8257 0.2352 0.7846 21.0102596 105.7377949 20190810025703 
1 -0.1294 0.1159 0.3626 21.0102596 105.7377949 20190810025703 
1 0.5693 0.2231 0.1475 21.0102596 105.7377949 20190810025703 
1 0.1146 0.0142 -0.1844 21.0102596 105.7377949 20190810025703 
1 -0.1343 0.1696 -0.0587 21.0102596 105.7377949 20190810025703 
1 0.3672 0.0739 0.0755 21.0102596 105.7377949 20190810025703 
1 -0.0037 0.1285 -0.1231 21.0102596 105.7377949 20190810025703 
1 0.0702 0.1849 -0.2986 21.0102596 105.7377949 20190810025703 
1 0.0044 0.0294 -0.2915 21.0102596 105.7377949 20190810025703 
1 0.0043 0.1105 -0.1283 21.0102596 105.7377949 20190810025703 
1 0.1589 0.3511 -0.3194 21.0102596 105.7377949 20190810025703 
1 -0.0562 0.2106 -0.6281 21.0102596 105.7377949 20190810025703 
1 0.0313 0.0082 -0.2956 21.0102596 105.7377949 20190810025703 
1 -0.0822 0.1004 -0.2453 21.0102596 105.7377949 20190810025703 
1 0.0607 0.1830 -0.4029 21.0102596 105.7377949 20190810025703 
1 -0.2097 0.0818 -0.2054 21.0102596 105.7377949 20190810025703 
1 0.0669 0.0486 -0.0269 21.0102596 105.7377949 20190810025703 
1 -0.2300 0.1308 -0.4717 21.0102596 105.7377949 20190810025703 
1 -0.0565 0.1866 -0.8322 21.0102596 105.7377949 20190810025703 
1 -0.3565 -0.0127 -0.7621 21.0102596 105.7377949 20190810025703 
1 0.1579 0.1781 -0.4671 21.0102678 105.7376409 20190810025703 
1 -0.3361 0.1454 -0.1464 21.0102678 105.7376409 20190810025703 
1 -0.1111 0.0974 0.0773 21.0102678 105.7376409 20190810025703 
1 -0.1914 0.1578 -0.2345 21.0102678 105.7376409 20190810025703 
1 0.0175 0.1634 -0.1199 21.0102678 105.7376409 20190810025703 
1 0.0326 0.2113 -0.0726 21.0102678 105.7376409 20190810025703 
1 -0.4784 -0.0007 -0.3810 21.0102678 105.7376409 20190810025703 
1 0.1228 0.2458 -0.2131 21.0102678 105.7376409 20190810025703 
1 -0.4685 0.1599 -0.6251 21.0102678 105.7376409 20190810025703 
1 0.1201 0.1703 -0.4113 21.0102678 105.7376409 20190810025703 
1 -0.1115 0.1375 -0.1835 21.0102678 105.7376409 20190810025703 
1 0.1203 0.2688 -0.1227 21.0102678 105.7376409 20190810025703 
1 -0.0665 0.3704 -0.5924 21.0102678 105.7376409 20190810025703 
1 0.1842 0.2843 -0.4295 21.0102678 105.7376409 20190810025703 
1 0.0103 0.0642 -0.2471 21.0102678 105.7376409 20190810025703 
1 -0.2592 0.2649 -0.1037 21.0102678 105.7376409 20190810025703 
1 0.2255 0.0893 -0.2244 21.0102678 105.7376409 20190810025703 
1 -0.2138 0.0803 -0.1503 21.0102678 105.7376409 20190810025704 
1 0.2772 -0.0259 -0.2769 21.0102678 105.7376409 20190810025704 
1 -0.1367 -0.0629 -0.3030 21.0102678 105.7376409 20190810025704 
1 0.3649 0.2329 0.0093 21.0102678 105.7376409 20190810025704 
1 -0.1843 0.1973 -0.0835 21.0102678 105.7376409 20190810025704 
1 0.2317 0.0724 0.6370 21.0102678 105.7376409 20190810025704 
1 0.4224 0.1113 0.4191 21.0102678 105.7376409 20190810025704 
1 0.1929 0.1785 0.2461 21.0102678 105.7376409 20190810025704 
1 -0.1061 0.0581 0.2089 21.0102678 105.7376409 20190810025704 
1 0.3815 -0.0238 0.4637 21.0102678 105.7376409 20190810025704 
1 0.2523 0.0541 0.6106 21.0102678 105.7376409 20190810025704 
1 -0.2030 0.0904 0.4503 21.0102678 105.7376409 20190810025704 
1 0.1250 0.1712 0.2705 21.0102678 105.7376409 20190810025704 
1 -0.1296 0.0318 0.4952 21.0102678 105.7376409 20190810025704 
1 0.1421 0.1918 0.2887 21.0102678 105.7376409 20190810025704 
1 0.1213 0.0293 0.0090 21.0102678 105.7376409 20190810025704 
1 -0.2755 -0.0663 0.0809 21.0102678 105.7376409 20190810025704 
1 0.1041 0.0707 0.1632 21.0102678 105.7376409 20190810025704 
1 -0.0101 -0.0857 0.1393 21.0102678 105.7376409 20190810025704 
1 0.0380 -0.0254 0.4404 21.0102678 105.7376409 20190810025704 
1 -0.3613 0.0479 -0.3664 21.0102678 105.7376409 20190810025704 
1 0.0236 -0.0444 0.0434 21.0102678 105.7376409 20190810025704 
1 -0.2555 -0.1566 0.0105 21.0102678 105.7376409 20190810025704 
1 0.0348 -0.0831 0.1824 21.0102678 105.7376409 20190810025704 
1 -0.0122 -0.1980 0.2175 21.0102678 105.7376409 20190810025704 
1 0.0246 -0.0403 0.2699 21.0102678 105.7376409 20190810025704 
1 -0.0837 -0.1062 0.1241 21.0102678 105.7376409 20190810025704 
1 0.0901 -0.2437 0.6028 21.0102678 105.7376409 20190810025704 
1 0.2004 -0.0837 -0.1373 21.0102678 105.7376409 20190810025704 
1 -0.2103 -0.1405 -0.1487 21.0102678 105.7376409 20190810025704 
1 0.2641 -0.1924 0.2384 21.0102678 105.7376409 20190810025704 
1 0.1675 -0.0901 0.1945 21.0102678 105.7376409 20190810025704 
1 0.3680 -0.1823 0.2949 21.0102678 105.7376409 20190810025704 
1 0.1079 -0.1488 0.4241 21.0102769 105.737486 20190810025704 
1 0.3026 -0.2136 0.0197 21.0102769 105.737486 20190810025704 
1 0.4553 -0.0945 -0.1262 21.0102769 105.737486 20190810025704 
1 -0.2872 -0.3776 -0.2099 21.0102769 105.737486 20190810025704 
1 0.4736 -0.2383 -0.0159 21.0102769 105.737486 20190810025704 
1 0.1263 -0.1546 -0.1947 21.0102769 105.737486 20190810025704 
1 0.1699 -0.1068 -0.3736 21.0102769 105.737486 20190810025704 
1 -0.0098 -0.5025 -0.3641 21.0102769 105.737486 20190810025704 
1 0.3510 -0.3161 -0.0617 21.0102769 105.737486 20190810025704 
1 -0.0796 -0.2783 0.0892 21.0102769 105.737486 20190810025704 
1 0.4139 -0.2284 -0.1338 21.0102769 105.737486 20190810025704 
1 -0.3094 -0.1613 -0.2694 21.0102769 105.737486 20190810025704 
1 0.3570 -0.2412 -0.2209 21.0102769 105.737486 20190810025704 
1 -0.1643 -0.3073 -0.1859 21.0102769 105.737486 20190810025704 
1 0.0249 -0.2211 -0.4005 21.0102769 105.737486 20190810025704 
1 -0.2789 -0.2696 -0.1511 21.0102769 105.737486 20190810025705 
1 0.0572 -0.1675 -0.1485 21.0102769 105.737486 20190810025705 
1 -0.1860 -0.2473 -0.1878 21.0102769 105.737486 20190810025705 
1 -0.2361 -0.2467 -0.2118 21.0102769 105.737486 20190810025705 
1 -0.2107 -0.2986 -0.1868 21.0102769 105.737486 20190810025705 
1 -0.0794 -0.2733 -0.2647 21.0102769 105.737486 20190810025705 
1 -0.2901 -0.1880 0.0122 21.0102769 105.737486 20190810025705 
1 0.0163 -0.2912 -0.0110 21.0102769 105.737486 20190810025705 
1 -0.1233 -0.4699 -0.1287 21.0102769 105.737486 20190810025705 
1 -0.1588 -0.3482 -0.2089 21.0102769 105.737486 20190810025705 
1 -0.0969 -0.1579 -0.2754 21.0102769 105.737486 20190810025705 
1 0.0926 -0.3969 0.0302 21.0102769 105.737486 20190810025705 
1 0.0555 -0.2142 0.0968 21.0102769 105.737486 20190810025705 
1 -0.1047 -0.3546 -0.0365 21.0102769 105.737486 20190810025705 
1 0.4951 -0.1313 0.2536 21.0102769 105.737486 20190810025705 
1 -0.0619 -0.3728 0.3568 21.0102769 105.737486 20190810025705 
1 0.3835 -0.1883 0.2373 21.0102769 105.737486 20190810025705 
1 0.2639 -0.3456 0.2595 21.0102769 105.737486 20190810025705 
1 0.3911 -0.4692 0.4953 21.0102769 105.737486 20190810025705 
1 0.2122 -0.3000 0.3649 21.0102769 105.737486 20190810025705 
1 0.3514 -0.2039 0.3456 21.0102769 105.737486 20190810025705 
1 0.3513 -0.2200 0.3662 21.0102769 105.737486 20190810025705 
1 0.3555 -0.4212 0.4321 21.0102769 105.737486 20190810025705 
1 0.2401 -0.3536 0.4197 21.0102769 105.737486 20190810025705 
1 0.3944 -0.2561 0.4441 21.0102769 105.737486 20190810025705 
1 0.1665 -0.2678 0.5687 21.0102769 105.737486 20190810025705 
1 0.1967 -0.2959 0.6014 21.0102769 105.737486 20190810025705 
1 0.1907 -0.2974 0.4160 21.0102769 105.737486 20190810025705 
1 -0.0451 -0.2989 0.1340 21.0102769 105.737486 20190810025705 
1 0.0127 -0.3123 0.2356 21.0102769 105.737486 20190810025705 
1 -0.0049 -0.3020 0.1009 21.0102769 105.737486 20190810025705 
1 -0.0086 -0.3369 0.2814 21.010287 105.737331 20190810025705 
1 -0.2517 -0.3779 0.2366 21.010287 105.737331 20190810025705 
1 0.0260 -0.2429 0.0295 21.010287 105.737331 20190810025705 
1 -0.1961 -0.2919 -0.1307 21.010287 105.737331 20190810025705 
1 0.0557 -0.2702 -0.0659 21.010287 105.737331 20190810025705 
1 -0.3765 -0.4113 -0.2550 21.010287 105.737331 20190810025705 
1 0.0567 -0.1141 -0.4071 21.010287 105.737331 20190810025705 
1 -0.2850 -0.3597 -0.2098 21.010287 105.737331 20190810025705 
1 0.2246 -0.3295 0.0550 21.010287 105.737331 20190810025705 
1 -0.0966 -0.3474 0.1642 21.010287 105.737331 20190810025705 
1 0.0923 -0.2707 -0.0576 21.010287 105.737331 20190810025705 
1 -0.0383 -0.1778 -0.3723 21.010287 105.737331 20190810025705 
1 0.1576 -0.4643 -0.3716 21.010287 105.737331 20190810025705 
1 -0.0662 -0.3407 -0.2417 21.010287 105.737331 20190810025705 
1 0.0892 -0.2384 -0.4951 21.010287 105.737331 20190810025705 
1 0.0345 -0.2607 -0.5290 21.010287 105.737331 20190810025705 
1 0.2359 -0.2552 -0.2894 21.010287 105.737331 20190810025705 
1 0.3375 -0.3291 0.0073 21.010287 105.737331 20190810025705 
1 0.0336 -0.3503 0.4543 21.010287 105.737331 20190810025706 
1 0.5799 -0.0921 0.4190 21.010287 105.737331 20190810025706 
1 -0.2292 -0.0768 -0.5667 21.010287 105.737331 20190810025706 
1 0.2802 -0.3909 -0.0907 21.010287 105.737331 20190810025706 
1 0.1040 -0.5068 0.1679 21.010287 105.737331 20190810025706 
1 0.4132 -0.0195 -0.3899 21.010287 105.737331 20190810025706 
1 -0.1173 -0.0571 -0.4321 21.010287 105.737331 20190810025706 
1 0.1724 -0.5302 0.2295 21.010287 105.737331 20190810025706 
1 0.1465 -0.4025 0.0383 21.010287 105.737331 20190810025706 
1 0.0669 -0.1382 -0.1041 21.010287 105.737331 20190810025706 
1 -0.1178 -0.1965 0.4418 21.010287 105.737331 20190810025706 
1 -0.0337 -0.4131 -0.2608 21.010287 105.737331 20190810025706 
1 -0.1232 -0.3480 -0.3940 21.010287 105.737331 20190810025706 
1 0.2207 -0.1960 0.0540 21.010287 105.737331 20190810025706 
1 -0.2745 -0.2718 0.1198 21.010287 105.737331 20190810025706 
1 0.0193 -0.4363 0.2197 21.010287 105.737331 20190810025706 
1 -0.2189 -0.1915 0.1411 21.010287 105.737331 20190810025706 
1 0.0186 -0.0499 0.1033 21.010287 105.737331 20190810025706 
1 0.0422 -0.5689 0.4843 21.010287 105.737331 20190810025706 
1 -0.3810 -0.3701 0.4666 21.010287 105.737331 20190810025706 
1 -0.0089 -0.2107 0.3422 21.010287 105.737331 20190810025706 
1 0.1860 -0.1950 0.3816 21.010287 105.737331 20190810025706 
1 -0.3191 -0.3788 0.0512 21.010287 105.737331 20190810025706 
1 0.0921 -0.4065 -0.0468 21.010287 105.737331 20190810025706 
1 0.1699 -0.2682 0.2070 21.010287 105.737331 20190810025706 
1 0.1154 -0.0608 0.1651 21.010287 105.737331 20190810025706 
1 0.0737 -0.3715 0.2544 21.010287 105.737331 20190810025706 
1 0.2350 -0.3788 0.4476 21.010287 105.737331 20190810025706 
1 -0.0688 -0.0819 0.0234 21.010287 105.737331 20190810025706 
1 0.5888 -0.2491 0.4893 21.010287 105.737331 20190810025706 
1 -0.3826 -0.3036 0.0590 21.010287 105.737331 20190810025706 
1 0.2778 -0.1563 -0.2144 21.010287 105.737331 20190810025706 
1 -0.0669 -0.4124 -0.1210 21.010297 105.7371876 20190810025706 
1 0.0731 -0.1196 0.0846 21.010297 105.7371876 20190810025706 
1 -0.1711 -0.1690 -0.2055 21.010297 105.7371876 20190810025706 
1 0.5605 -0.0410 0.2047 21.010297 105.7371876 20190810025706 
1 -0.2640 -0.0306 -0.3933 21.010297 105.7371876 20190810025706 
1 0.4254 -0.1645 -0.4218 21.010297 105.7371876 20190810025706 
1 0.2238 -0.1972 0.0751 21.010297 105.7371876 20190810025706 
1 0.3623 -0.0909 0.0941 21.010297 105.7371876 20190810025706 
1 -0.1258 -0.1533 -0.0095 21.010297 105.7371876 20190810025706 
1 0.3413 -0.1477 0.0207 21.010297 105.7371876 20190810025706 
1 0.0339 -0.2341 -0.0308 21.010297 105.7371876 20190810025706 
1 0.1709 -0.2846 0.2955 21.010297 105.7371876 20190810025706 
1 -0.0734 -0.1585 0.0368 21.010297 105.7371876 20190810025706 
1 0.1351 -0.0568 -0.4105 21.010297 105.7371876 20190810025706 
1 0.0058 -0.3191 -0.0591 21.010297 105.7371876 20190810025706 
1 0.0333 -0.1978 0.2487 21.010297 105.7371876 20190810025706 
1 0.2474 -0.0665 0.0715 21.010297 105.7371876 20190810025706 
1 -0.0538 -0.0625 0.3066 21.010297 105.7371876 20190810025707 
1 -0.0801 -0.1872 0.4269 21.010297 105.7371876 20190810025707 
1 0.1164 -0.1906 0.2506 21.010297 105.7371876 20190810025707 
1 -0.1822 -0.1901 0.2793 21.010297 105.7371876 20190810025707 
1 -0.2107 0.0127 0.0790 21.010297 105.7371876 20190810025707 
1 -0.1831 -0.1960 -0.1059 21.010297 105.7371876 20190810025707 
1 -0.0246 0.0527 -0.3353 21.010297 105.7371876 20190810025707 
1 -0.4637 -0.1945 -0.1526 21.010297 105.7371876 20190810025707 
1 -0.1942 0.0103 0.1170 21.010297 105.7371876 20190810025707 
1 -0.2398 0.0862 -0.3693 21.010297 105.7371876 20190810025707 
1 -0.1029 -0.2010 -0.1743 21.010297 105.7371876 20190810025707 
1 -0.1678 0.1174 -0.2107 21.010297 105.7371876 20190810025707 
1 -0.0702 -0.0503 -0.6207 21.010297 105.7371876 20190810025707 
1 -0.0506 0.1463 -0.7060 21.010297 105.7371876 20190810025707 
1 -0.1650 0.1642 -1.0007 21.010297 105.7371876 20190810025707 
1 0.0559 0.1823 -0.8243 21.010297 105.7371876 20190810025707 
1 -0.1112 -0.0436 -0.3694 21.010297 105.7371876 20190810025707 
1 0.1395 0.1586 -0.5535 21.010297 105.7371876 20190810025707 
1 0.0319 0.0787 -0.5994 21.010297 105.7371876 20190810025707 
1 0.2884 0.0540 -0.6898 21.010297 105.7371876 20190810025707 
1 0.0161 0.0957 -0.7956 21.010297 105.7371876 20190810025707 
1 -0.0072 0.0214 -0.9051 21.010297 105.7371876 20190810025707 
1 0.1185 0.2084 -1.1319 21.010297 105.7371876 20190810025707 
1 -0.1353 -0.0302 -0.8237 21.010297 105.7371876 20190810025707 
1 -0.2118 0.1953 -0.8990 21.010297 105.7371876 20190810025707 
1 -0.1270 0.0817 -0.4892 21.010297 105.7371876 20190810025707 
1 0.2235 -0.3182 0.9819 21.010297 105.7371876 20190810025707 
1 -0.1509 0.3431 0.0816 21.010297 105.7371876 20190810025707 
1 0.2694 0.4062 -0.7839 21.010297 105.7371876 20190810025707 
1 -0.1945 -0.4630 0.6326 21.010297 105.7371876 20190810025707 
1 0.0585 0.0601 0.0439 21.010297 105.7371876 20190810025707 
1 -0.1169 0.3225 -0.6540 21.010297 105.7371876 20190810025707 
1 -0.2879 -0.0050 0.5373 21.010297 105.7371876 20190810025707 
1 -0.9109 -0.0755 0.1029 21.010297 105.7371876 20190810025707 
1 0.1705 0.1393 0.0779 21.010297 105.7371876 20190810025707 
1 -0.9040 -0.2508 1.4150 21.0103037 105.7370431 20190810025707 
1 0.4570 0.6588 0.6036 21.0103037 105.7370431 20190810025707 
1 -0.5513 -0.1875 -0.0038 21.0103037 105.7370431 20190810025707 
1 0.1216 0.1480 0.4387 21.0103037 105.7370431 20190810025707 
1 0.3407 0.2621 -0.0352 21.0103037 105.7370431 20190810025707 
1 -0.1032 -0.2186 0.6870 21.0103037 105.7370431 20190810025707 
1 -0.0433 0.3802 0.4547 21.0103037 105.7370431 20190810025707 
1 -0.0587 0.2613 -0.1795 21.0103037 105.7370431 20190810025707 
1 0.1493 -0.2150 0.5427 21.0103037 105.7370431 20190810025707 
1 -0.0134 0.2173 0.4560 21.0103037 105.7370431 20190810025707 
1 -0.0548 0.2862 -0.6340 21.0103037 105.7370431 20190810025707 
1 0.0891 0.1131 0.3190 21.0103037 105.7370431 20190810025707 
1 0.1105 0.1022 0.3678 21.0103037 105.7370431 20190810025707 
1 0.0879 0.1192 -0.1839 21.0103037 105.7370431 20190810025707 
1 0.1277 0.2000 0.2197 21.0103037 105.7370431 20190810025708 
1 -0.1579 0.2095 0.3549 21.0103037 105.7370431 20190810025708 
1 0.2092 0.2595 -0.2205 21.0103037 105.7370431 20190810025708 
1 -0.0893 0.1728 -0.4052 21.0103037 105.7370431 20190810025708 
1 0.1510 0.2529 -0.0717 21.0103037 105.7370431 20190810025708 
1 -0.0186 0.1669 -0.2984 21.0103037 105.7370431 20190810025708 
1 -0.3550 0.0098 -0.1515 21.0103037 105.7370431 20190810025708 
1 -0.0043 0.1937 -0.1451 21.0103037 105.7370431 20190810025708 
1 -0.1072 0.2358 -0.3952 21.0103037 105.7370431 20190810025708 
1 -0.1990 -0.2450 0.1544 21.0103037 105.7370431 20190810025708 
1 0.3134 0.1162 0.0710 21.0103037 105.7370431 20190810025708 
1 0.2535 0.3567 -0.7814 21.0103037 105.7370431 20190810025708 
1 -0.0657 0.0181 -0.3247 21.0103037 105.7370431 20190810025708 
1 0.1158 -0.1380 0.0453 21.0103037 105.7370431 20190810025708 
1 0.0096 0.1118 -0.3927 21.0103037 105.7370431 20190810025708 
1 -0.3342 0.1716 -0.1238 21.0103037 105.7370431 20190810025708 
1 -0.4239 -0.0670 0.4516 21.0103037 105.7370431 20190810025708 
1 0.1361 0.0952 0.3479 21.0103037 105.7370431 20190810025708 
1 -0.0676 0.0569 0.1960 21.0103037 105.7370431 20190810025708 
1 -0.3143 0.0283 0.6016 21.0103037 105.7370431 20190810025708 
1 0.0405 0.0579 0.0408 21.0103037 105.7370431 20190810025708 
1 0.0031 -0.0688 -0.1075 21.0103037 105.7370431 20190810025708 
1 -0.4070 -0.0704 0.2719 21.0103037 105.7370431 20190810025708 
1 -0.0669 0.0086 0.1141 21.0103037 105.7370431 20190810025708 
1 -0.2737 -0.1588 -0.1764 21.0103037 105.7370431 20190810025708 
1 -0.3718 -0.1472 -0.0512 21.0103037 105.7370431 20190810025708 
1 -0.1783 -0.1649 -0.0238 21.0103037 105.7370431 20190810025708 
1 -0.4174 -0.3830 -0.3282 21.0103037 105.7370431 20190810025708 
1 -0.1143 -0.3255 0.1100 21.0103037 105.7370431 20190810025708 
1 -0.1534 -0.1695 -0.0304 21.0103037 105.7370431 20190810025708 
1 0.1259 -0.1182 -0.0470 21.0103037 105.7370431 20190810025708 
1 -0.2479 -0.1901 0.2598 21.0103037 105.7370431 20190810025708 
1 -0.1073 0.1001 -0.0693 21.0103037 105.7370431 20190810025708 
1 0.0601 -0.0688 -0.1963 21.0103037 105.7370431 20190810025708 
1 -0.0174 -0.1946 0.0915 21.0103147 105.736892 20190810025708 
1 -0.0133 -0.1610 0.6150 21.0103147 105.736892 20190810025708 
1 0.2527 -0.0018 0.2060 21.0103147 105.736892 20190810025708 
1 0.1510 -0.0278 -0.1026 21.0103147 105.736892 20190810025708 
1 0.3994 -0.0874 0.1485 21.0103147 105.736892 20190810025708 
1 0.0496 -0.3120 0.1614 21.0103147 105.736892 20190810025708 
1 0.3822 -0.1879 0.3081 21.0103147 105.736892 20190810025708 
1 0.2659 0.1666 0.1754 21.0103147 105.736892 20190810025708 
1 0.1161 0.0437 0.0127 21.0103147 105.736892 20190810025708 
1 0.2895 -0.2051 0.2111 21.0103147 105.736892 20190810025708 
1 0.0931 0.0320 0.3139 21.0103147 105.736892 20190810025708 
1 0.1115 0.1386 -0.1711 21.0103147 105.736892 20190810025708 
1 -0.0040 -0.0741 -0.0722 21.0103147 105.736892 20190810025708 
1 -0.1285 -0.0875 -0.1838 21.0103147 105.736892 20190810025708 
1 -0.1151 -0.0556 -0.0653 21.0103147 105.736892 20190810025708 
1 0.0229 -0.0543 -0.0424 21.0103147 105.736892 20190810025708 
1 -0.0979 -0.0432 0.0833 21.0103147 105.736892 20190810025708 
1 -0.2152 0.0114 -0.0482 21.0103147 105.736892 20190810025709 
1 -0.2111 -0.1256 -0.2010 21.0103147 105.736892 20190810025709 
1 -0.1192 -0.1718 -0.1717 21.0103147 105.736892 20190810025709 
1 -0.2400 -0.0855 -0.3795 21.0103147 105.736892 20190810025709 
1 -0.3574 -0.2826 -0.0354 21.0103147 105.736892 20190810025709 
1 -0.0869 -0.0587 -0.1536 21.0103147 105.736892 20190810025709 
1 -0.3161 -0.2804 -0.0210 21.0103147 105.736892 20190810025709 
1 -0.2024 -0.3639 0.0187 21.0103147 105.736892 20190810025709 
1 -0.1202 0.1204 0.0001 21.0103147 105.736892 20190810025709 
1 -0.0254 0.0293 -0.0444 21.0103147 105.736892 20190810025709 
1 0.0598 -0.1529 0.0601 21.0103147 105.736892 20190810025709 
1 -0.1430 -0.1637 0.0582 21.0103147 105.736892 20190810025709 
1 -0.0353 0.0739 -0.2165 21.0103147 105.736892 20190810025709 
1 0.0581 -0.1407 0.0419 21.0103147 105.736892 20190810025709 
1 -0.3023 -0.3824 -0.0522 21.0103147 105.736892 20190810025709 
1 -0.0536 0.0076 0.0202 21.0103147 105.736892 20190810025709 
1 0.0499 -0.1607 -0.2073 21.0103147 105.736892 20190810025709 
1 -0.2580 -0.1683 -0.1119 21.0103147 105.736892 20190810025709 
1 0.0356 -0.0465 0.0079 21.0103147 105.736892 20190810025709 
1 0.0774 -0.0515 -0.0504 21.0103147 105.736892 20190810025709 
1 -0.1299 0.0153 0.0192 21.0103147 105.736892 20190810025709 
1 -0.0982 -0.0515 -0.1351 21.0103147 105.736892 20190810025709 
1 -0.0537 -0.0626 -0.0474 21.0103147 105.736892 20190810025709 
1 -0.1397 -0.0487 -0.2413 21.0103147 105.736892 20190810025709 
1 -0.1223 -0.0168 -0.0645 21.0103147 105.736892 20190810025709 
1 -0.0415 -0.0026 -0.1006 21.0103147 105.736892 20190810025709 
1 0.0289 -0.0629 -0.0164 21.0103147 105.736892 20190810025709 
1 -0.0847 -0.1306 0.1469 21.0103147 105.736892 20190810025709 
1 -0.0518 0.0320 -0.0110 21.0103147 105.736892 20190810025709 
1 -0.0036 -0.0139 -0.2168 21.0103147 105.736892 20190810025709 
1 -0.0894 -0.1791 0.1371 21.0103147 105.736892 20190810025709 
1 -0.3023 -0.1269 0.2124 21.0103147 105.736892 20190810025709 
1 0.1003 0.0764 -0.2656 21.0103213 105.736754 20190810025709 
1 -0.0013 0.0171 0.0196 21.0103213 105.736754 20190810025709 
1 -0.1596 -0.1208 0.1590 21.0103213 105.736754 20190810025709 
1 0.0500 -0.3655 0.4217 21.0103213 105.736754 20190810025709 
1 0.1424 -0.7970 1.8969 21.0103213 105.736754 20190810025709 
1 -0.1705 0.1601 1.0355 21.0103213 105.736754 20190810025709 
1 0.0186 0.0367 0.1103 21.0103213 105.736754 20190810025709 
1 -0.2426 -0.9819 1.5773 21.0103213 105.736754 20190810025709 
1 0.3456 0.2003 0.7779 21.0103213 105.736754 20190810025709 
1 0.1670 0.2860 -0.0149 21.0103213 105.736754 20190810025709 
1 0.2131 -0.0149 0.2503 21.0103213 105.736754 20190810025709 
1 -0.3005 -0.2699 -0.1473 21.0103213 105.736754 20190810025709 
1 0.3590 0.1449 0.3418 21.0103213 105.736754 20190810025709 
1 0.0930 -0.3259 2.4822 21.0103213 105.736754 20190810025709 
1 -0.6127 0.3223 2.0643 21.0103213 105.736754 20190810025709 
1 0.0073 0.3253 -0.4491 21.0103213 105.736754 20190810025709 
1 0.2098 -0.5839 0.3615 21.0103213 105.736754 20190810025709 
1 -0.5305 0.1164 0.0633 21.0103213 105.736754 20190810025709 
1 0.6413 0.2251 -0.8954 21.0103213 105.736754 20190810025710 
1 -0.5424 0.0283 -0.7453 21.0103213 105.736754 20190810025710 
1 0.2674 0.0928 -0.2163 21.0103213 105.736754 20190810025710 
1 -0.1938 -0.4032 -0.5683 21.0103213 105.736754 20190810025710 
1 -0.0693 0.0994 -0.4689 21.0103213 105.736754 20190810025710 
1 -0.2202 -0.0462 -0.5583 21.0103213 105.736754 20190810025710 
1 -0.4465 -0.2057 -0.8552 21.0103213 105.736754 20190810025710 
1 -0.1986 -0.1757 -0.3629 21.0103213 105.736754 20190810025710 
1 0.1814 -0.0941 0.0126 21.0103213 105.736754 20190810025710 
1 -0.2034 -1.0095 1.7712 21.0103213 105.736754 20190810025710 
1 0.3003 0.1658 0.7747 21.0103213 105.736754 20190810025710 
1 -0.3224 0.6885 -1.3503 21.0103213 105.736754 20190810025710 
1 -0.0608 -1.4375 2.4173 21.0103213 105.736754 20190810025710 
1 0.5003 -0.3291 2.0427 21.0103213 105.736754 20190810025710 
1 -0.4075 1.3839 -2.6136 21.0103213 105.736754 20190810025710 
1 0.2571 -0.5613 0.0144 21.0103213 105.736754 20190810025710 
1 -0.9618 -0.7123 1.0915 21.0103213 105.736754 20190810025710 
1 -0.0368 1.1369 -1.1412 21.0103213 105.736754 20190810025710 
1 0.4808 -0.1825 1.3652 21.0103213 105.736754 20190810025710 
1 0.3405 0.1482 3.2286 21.0103213 105.736754 20190810025710 
1 -0.5565 0.6721 -1.0332 21.0103213 105.736754 20190810025710 
1 0.6093 -0.1952 -1.0398 21.0103213 105.736754 20190810025710 
1 0.0130 0.0777 1.5502 21.0103213 105.736754 20190810025710 
1 0.1982 0.4401 -1.1659 21.0103213 105.736754 20190810025710 
1 -0.1595 -0.0556 -1.7187 21.0103213 105.736754 20190810025710 
1 -0.1095 0.0093 0.0819 21.0103213 105.736754 20190810025710 
1 -0.1042 0.0663 -0.8902 21.0103213 105.736754 20190810025710 
1 -0.2043 -0.1201 -1.7912 21.0103213 105.736754 20190810025710 
1 0.1435 0.2201 -0.6714 21.0103213 105.736754 20190810025710 
1 -0.0036 -0.2613 0.0540 21.0103213 105.736754 20190810025710 
1 -0.0293 -0.1724 -0.0521 21.0103213 105.736754 20190810025710 
1 0.0740 0.0237 0.1877 21.0103213 105.736754 20190810025710 
1 -0.1568 -0.2223 0.4262 21.0103213 105.736754 20190810025710 
1 0.3511 -0.2470 0.5369 21.0103213 105.736754 20190810025710 
1 0.2776 0.2135 -0.1795 21.010334 105.7366158 20190810025710 
1 0.5215 -0.0808 1.1499 21.010334 105.7366158 20190810025710 
1 -0.1342 -0.0674 1.7640 21.010334 105.7366158 20190810025710 
1 -0.0395 0.0505 0.8340 21.010334 105.7366158 20190810025710 
1 -0.0395 -0.0134 1.1142 21.010334 105.7366158 20190810025710 
1 -0.5282 0.0507 1.5144 21.010334 105.7366158 20190810025710 
1 -0.1251 -0.1112 1.4264 21.010334 105.7366158 20190810025710 
1 0.2887 0.0950 0.9967 21.010334 105.7366158 20190810025710 
1 0.3514 -0.1027 1.8433 21.010334 105.7366158 20190810025710 
1 0.0289 0.0078 2.1227 21.010334 105.7366158 20190810025710 
1 0.3272 0.0765 0.6642 21.010334 105.7366158 20190810025710 
1 0.1539 0.1964 -0.2122 21.010334 105.7366158 20190810025710 
1 0.1533 -0.2273 0.9388 21.010334 105.7366158 20190810025710 
1 -0.1032 -0.1602 1.3661 21.010334 105.7366158 20190810025710 
1 -0.2978 0.4555 -0.3598 21.010334 105.7366158 20190810025710 
1 0.2867 0.1754 -0.5833 21.010334 105.7366158 20190810025710 
1 0.0107 0.0934 -0.7921 21.010334 105.7366158 20190810025711 
1 -0.1766 0.2963 -1.5885 21.010334 105.7366158 20190810025711 
1 1.2382 0.7949 -1.8801 21.010334 105.7366158 20190810025711 
1 -0.0403 0.2766 -0.8091 21.010334 105.7366158 20190810025711 
1 -1.4387 0.5201 -0.5728 21.010334 105.7366158 20190810025711 
1 1.1528 0.9388 -3.7578 21.010334 105.7366158 20190810025711 
1 -0.3464 0.1784 -3.9800 21.010334 105.7366158 20190810025711 
1 -0.0011 0.4924 -0.7170 21.010334 105.7366158 20190810025711 
1 -0.0391 1.4795 -4.2916 21.010334 105.7366158 20190810025711 
1 -0.5606 -0.7101 -1.6069 21.010334 105.7366158 20190810025711 
1 1.4651 1.0225 -1.9636 21.010334 105.7366158 20190810025711 
1 -1.1034 -0.0378 -6.0519 21.010334 105.7366158 20190810025711 
1 0.2100 -0.0430 -5.1847 21.010334 105.7366158 20190810025711 
1 0.3902 -0.7148 -0.4887 21.010334 105.7366158 20190810025711 
1 -0.8093 0.4240 -2.3070 21.010334 105.7366158 20190810025711 
1 -0.7581 0.3077 -4.0817 21.010334 105.7366158 20190810025711 
1 2.0608 -0.3745 -0.3048 21.010334 105.7366158 20190810025711 
1 -2.1674 -0.3982 -2.8326 21.010334 105.7366158 20190810025711 
1 -0.4242 0.4889 -0.1125 21.010334 105.7366158 20190810025711 
1 1.3377 -0.4533 3.2716 21.010334 105.7366158 20190810025711 
1 -1.7677 -0.1479 2.0941 21.010334 105.7366158 20190810025711 
1 -0.0090 0.4454 2.1953 21.010334 105.7366158 20190810025711 
1 1.4147 -0.1000 2.1724 21.010334 105.7366158 20190810025711 
1 -1.3874 -0.2910 2.9165 21.010334 105.7366158 20190810025711 
1 0.6878 0.6286 2.9151 21.010334 105.7366158 20190810025711 
1 0.1025 0.2064 2.3766 21.010334 105.7366158 20190810025711 
1 -0.3443 0.3782 3.4676 21.010334 105.7366158 20190810025711 
1 0.4975 0.4080 3.0647 21.010334 105.7366158 20190810025711 
1 -0.3979 0.3750 2.7803 21.010334 105.7366158 20190810025711 
1 -0.2024 0.6693 2.7367 21.010334 105.7366158 20190810025711 
1 0.2778 0.4164 1.4648 21.0103494 105.7364627 20190810025711 
1 -0.3383 0.1260 1.0300 21.0103494 105.7364627 20190810025711 
1 -0.2087 0.0330 0.1087 21.0103494 105.7364627 20190810025711 
1 0.2743 -0.2109 -0.4099 21.0103494 105.7364627 20190810025711 
1 -0.7736 -0.1778 -0.3203 21.0103494 105.7364627 20190810025711 
1 -0.0777 0.3806 -0.9867 21.0103494 105.7364627 20190810025711 
1 -0.4396 0.1518 -1.2837 21.0103494 105.7364627 20190810025711 
1 0.0914 -0.3385 -0.4370 21.0103494 105.7364627 20190810025711 
1 -0.4262 -0.0561 -1.4254 21.0103494 105.7364627 20190810025711 
1 -0.4409 -0.1670 -1.4353 21.0103494 105.7364627 20190810025711 
1 0.0071 -0.1195 -0.5905 21.0103494 105.7364627 20190810025711 
1 -0.3849 -0.0007 -1.2441 21.0103494 105.7364627 20190810025711 
1 -0.5895 -0.5088 -1.0095 21.0103494 105.7364627 20190810025711 
1 -0.3241 -0.5989 -0.1968 21.0103494 105.7364627 20190810025711 
1 -0.7426 -0.1719 -0.4147 21.0103494 105.7364627 20190810025711 
1 -0.2382 0.2011 -1.5904 21.0103494 105.7364627 20190810025711 
1 -0.8921 -0.8922 0.3451 21.0103494 105.7364627 20190810025711 
1 -0.1690 -0.0304 0.2672 21.0103494 105.7364627 20190810025711 
1 -0.5152 0.1015 -0.4046 21.0103494 105.7364627 20190810025712 
1 -0.7182 -0.2921 0.4966 21.0103494 105.7364627 20190810025712 
1 -0.0968 0.0459 0.4570 21.0103494 105.7364627 20190810025712 
1 -0.3379 -0.3694 -0.3161 21.0103494 105.7364627 20190810025712 
1 -0.7344 -0.5591 0.0955 21.0103494 105.7364627 20190810025712 
1 -0.1525 0.0308 0.3719 21.0103494 105.7364627 20190810025712 
1 -0.2905 -0.0793 -0.1415 21.0103494 105.7364627 20190810025712 
1 -0.5032 -0.5191 0.4925 21.0103494 105.7364627 20190810025712 
1 -0.2447 -0.4169 0.4715 21.0103494 105.7364627 20190810025712 
1 -0.0637 -0.0690 0.0757 21.0103494 105.7364627 20190810025712 
1 -0.1764 -0.3269 0.6688 21.0103494 105.7364627 20190810025712 
1 -0.1122 -0.5552 0.5319 21.0103494 105.7364627 20190810025712 
1 -0.4006 -0.7282 1.0431 21.0103494 105.7364627 20190810025712 
1 -0.5229 -1.1006 1.9171 21.0103494 105.7364627 20190810025712 
1 0.2470 -0.9423 2.2136 21.0103494 105.7364627 20190810025712 
1 0.0275 -0.7102 2.0621 21.0103494 105.7364627 20190810025712 
1 -1.1215 0.1256 0.3132 21.0103494 105.7364627 20190810025712 
1 0.2397 -0.9767 1.4325 21.0103494 105.7364627 20190810025712 
1 0.1571 -0.3335 0.6628 21.0103494 105.7364627 20190810025712 
1 -1.0872 0.3733 -0.5756 21.0103494 105.7364627 20190810025712 
1 -0.9789 -0.5214 0.5247 21.0103494 105.7364627 20190810025712 
1 -1.4563 -0.8959 0.3643 21.0103494 105.7364627 20190810025712 
1 0.4291 0.2105 0.2209 21.0103494 105.7364627 20190810025712 
1 -1.1232 0.1811 1.1167 21.0103494 105.7364627 20190810025712 
1 0.0200 0.2047 1.7570 21.0103494 105.7364627 20190810025712 
1 -1.6815 0.1922 -1.0450 21.0103494 105.7364627 20190810025712 
1 1.0163 0.5684 -3.3600 21.0103494 105.7364627 20190810025712 
1 -2.3899 -1.0779 -3.0132 21.0103494 105.7364627 20190810025712 
1 -0.0223 0.7439 -2.6924 21.0103494 105.7364627 20190810025712 
1 -1.4168 -0.1735 -4.2639 21.0103494 105.7364627 20190810025712 
1 -0.3970 -0.1336 -3.2166 21.0103494 105.7364627 20190810025712 
1 0.6549 0.7226 -3.1721 21.0103494 105.7364627 20190810025712 
1 -0.4054 -0.1049 -4.9649 21.0103494 105.7364627 20190810025712 
1 0.5354 0.0137 -4.9779 21.0103494 105.7364627 20190810025712 
1 -0.5030 -0.1724 -4.6873 21.010351 105.7363349 20190810025712 
1 -0.6988 -0.1325 -4.1456 21.010351 105.7363349 20190810025712 
1 0.1686 0.4297 -3.5240 21.010351 105.7363349 20190810025712 
1 -0.5664 0.0973 -3.4789 21.010351 105.7363349 20190810025712 
1 -0.7581 -0.9089 -3.3390 21.010351 105.7363349 20190810025712 
1 -0.4521 -0.5306 -2.9953 21.010351 105.7363349 20190810025712 
1 -0.6170 0.1046 -2.4086 21.010351 105.7363349 20190810025712 
1 -1.0778 -0.4166 -0.7980 21.010351 105.7363349 20190810025712 
1 -1.8583 -0.8071 0.2426 21.010351 105.7363349 20190810025712 
1 0.0670 -0.4485 0.9417 21.010351 105.7363349 20190810025712 
1 -1.8612 -1.1855 2.5602 21.010351 105.7363349 20190810025712 
1 -1.4698 -0.8731 3.9468 21.010351 105.7363349 20190810025712 
1 -1.5675 -0.1691 1.8037 21.010351 105.7363349 20190810025712 
1 -1.7747 -1.2320 2.5432 21.010351 105.7363349 20190810025712 
1 -1.2635 -1.1210 4.8613 21.010351 105.7363349 20190810025712 
1 -1.4406 0.3794 2.7461 21.010351 105.7363349 20190810025712 
1 -1.2841 -0.4005 3.3118 21.010351 105.7363349 20190810025713 
1 0.0192 0.1083 3.8421 21.010351 105.7363349 20190810025713 
1 -0.9254 0.2444 2.0609 21.010351 105.7363349 20190810025713 
1 0.8547 -0.1664 2.9156 21.010351 105.7363349 20190810025713 
1 0.4754 0.3584 4.1997 21.010351 105.7363349 20190810025713 
1 -0.2128 0.5835 4.1979 21.010351 105.7363349 20190810025713 
1 0.5262 0.7312 1.6011 21.010351 105.7363349 20190810025713 
1 0.3678 0.1412 0.6035 21.010351 105.7363349 20190810025713 
1 0.0697 0.1052 0.1594 21.010351 105.7363349 20190810025713 
1 0.0319 0.0082 -1.2994 21.010351 105.7363349 20190810025713 
1 -0.3632 -0.2708 -1.1095 21.010351 105.7363349 20190810025713 
1 -0.0329 0.9363 -1.4451 21.010351 105.7363349 20190810025713 
1 -0.3142 -0.0659 -2.2876 21.010351 105.7363349 20190810025713 
1 -0.6871 -0.4648 -1.9452 21.010351 105.7363349 20190810025713 
1 0.0373 0.0145 -1.6853 21.010351 105.7363349 20190810025713 
1 -0.3687 0.0056 -1.2825 21.010351 105.7363349 20190810025713 
1 -0.8257 0.5163 -2.1758 21.010351 105.7363349 20190810025713 
1 0.6369 -0.3791 -1.6580 21.010351 105.7363349 20190810025713 
1 0.3916 -0.2194 -2.5823 21.010351 105.7363349 20190810025713 
1 -0.4054 -0.0758 -1.4244 21.010351 105.7363349 20190810025713 
1 -0.2244 0.1563 -0.6999 21.010351 105.7363349 20190810025713 
1 -0.1120 0.5485 -1.7043 21.010351 105.7363349 20190810025713 
1 -0.7223 0.4361 -2.1150 21.010351 105.7363349 20190810025713 
1 -0.1706 -0.2736 -0.5636 21.010351 105.7363349 20190810025713 
1 -0.6937 -0.7514 1.7241 21.010351 105.7363349 20190810025713 
1 -0.5120 0.5485 0.5509 21.010351 105.7363349 20190810025713 
1 -0.2333 0.2288 -0.2272 21.010351 105.7363349 20190810025713 
1 -0.2667 -0.6995 1.7211 21.010351 105.7363349 20190810025713 
1 0.0859 -0.2987 1.7597 21.010351 105.7363349 20190810025713 
1 -0.1161 -0.0269 2.6650 21.010351 105.7363349 20190810025713 
1 -0.1068 0.5219 1.4700 21.010351 105.7363349 20190810025713 
1 -0.1055 -0.1988 -0.0958 21.010351 105.7363349 20190810025713 
1 0.1823 -0.1178 0.0255 21.0103502 105.7361949 20190810025713 
1 -0.2112 -0.0533 1.8471 21.0103502 105.7361949 20190810025713 
1 -0.4459 -0.0474 3.3652 21.0103502 105.7361949 20190810025713 
1 -0.2559 0.7720 2.4559 21.0103502 105.7361949 20190810025713 
