1000
1 -0.1195 0.2216 -1.4005 21.0112522 105.7181366 20190810025849 ;
1 0.0688 0.2303 -1.4866 21.0112522 105.7181366 20190810025849 ;
1 0.0862 0.1075 -1.4026 21.0112522 105.7181366 20190810025849 ;
1 0.2616 0.0397 -1.3279 21.0112522 105.7181366 20190810025849 ;
1 -0.1712 -0.0123 -1.3033 21.0112522 105.7181366 20190810025849 ;
1 0.1829 0.2036 -1.0270 21.0112522 105.7181366 20190810025849 ;
1 -0.2091 0.0912 -0.5976 21.0112522 105.7181366 20190810025849 ;
1 -0.0041 -0.0737 -0.2141 21.0112522 105.7181366 20190810025849 ;
1 -0.0285 -0.0373 -0.2297 21.0112522 105.7181366 20190810025849 ;
1 0.1479 0.0302 -0.2571 21.0112522 105.7181366 20190810025849 ;
1 0.1554 0.0849 -0.0147 21.0112522 105.7181366 20190810025849 ;
1 -0.0972 0.0087 0.4451 21.0112522 105.7181366 20190810025849 ;
1 -0.0020 -0.0609 0.9126 21.0112522 105.7181366 20190810025849 ;
1 -0.1675 -0.0811 0.8059 21.0112522 105.7181366 20190810025850 ;
1 0.1529 -0.0730 1.1095 21.0112522 105.7181366 20190810025850 ;
1 -0.0036 0.0631 0.8320 21.0112522 105.7181366 20190810025850 ;
1 0.2337 -0.0813 0.9099 21.0112522 105.7181366 20190810025850 ;
1 0.1649 -0.0646 0.9165 21.0112522 105.7181366 20190810025850 ;
1 0.1120 -0.0249 0.7383 21.0112522 105.7181366 20190810025850 ;
1 0.0074 -0.0288 0.7708 21.0112522 105.7181366 20190810025850 ;
1 0.2043 0.0239 0.9068 21.0112522 105.7181366 20190810025850 ;
1 0.0534 -0.2189 0.6086 21.0112522 105.7181366 20190810025850 ;
1 0.0924 -0.2607 0.1917 21.0112522 105.7181366 20190810025850 ;
1 -0.2089 -0.1306 0.0983 21.0112522 105.7181366 20190810025850 ;
1 -0.0132 0.0767 -0.1846 21.0112522 105.7181366 20190810025850 ;
1 -0.0556 0.0151 -0.2147 21.0112522 105.7181366 20190810025850 ;
1 -0.0871 -0.0743 -0.1235 21.0112522 105.7181366 20190810025850 ;
1 -0.0914 0.0618 -0.1950 21.0112522 105.7181366 20190810025850 ;
1 -0.0178 0.0757 -0.2690 21.0112522 105.7181366 20190810025850 ;
1 -0.2106 -0.0477 -0.4139 21.0112522 105.7181366 20190810025850 ;
1 -0.3021 -0.0747 -0.4440 21.0112522 105.7181366 20190810025850 ;
1 -0.0227 -0.0157 -0.7176 21.0112522 105.7181366 20190810025850 ;
1 0.0513 0.0928 -0.8243 21.0112522 105.7181366 20190810025850 ;
1 0.1451 -0.0812 -0.3577 21.0112522 105.7181366 20190810025850 ;
1 0.1377 0.0936 -0.5112 21.0112522 105.7181366 20190810025850 ;
1 -0.1304 0.2249 -1.2058 21.0112522 105.7181366 20190810025850 ;
1 -0.0537 -0.4255 0.0249 21.0112522 105.7181366 20190810025850 ;
1 0.1007 0.2634 -0.4387 21.0112522 105.7181366 20190810025850 ;
1 -0.0095 0.1596 -1.0005 21.0112522 105.7181366 20190810025850 ;
1 0.7418 -0.0419 -0.3892 21.0112522 105.7181366 20190810025850 ;
1 -0.0989 -0.2507 0.0505 21.0112522 105.7181366 20190810025850 ;
1 0.3923 0.2601 -1.4040 21.0112522 105.7181366 20190810025850 ;
1 -0.0939 -0.1131 -1.3772 21.0112522 105.7181366 20190810025850 ;
1 0.3387 -0.2210 0.8624 21.0112522 105.7181366 20190810025850 ;
1 0.0405 0.0917 -0.1048 21.0112441 105.7179403 20190810025850 ;
1 0.2425 -0.1275 -0.2790 21.0112441 105.7179403 20190810025850 ;
1 0.6161 -0.0030 0.4808 21.0112441 105.7179403 20190810025850 ;
1 -0.1016 -0.0772 0.1331 21.0112441 105.7179403 20190810025850 ;
1 0.2201 -0.0352 -0.0257 21.0112441 105.7179403 20190810025850 ;
1 -0.0866 -0.2321 0.5302 21.0112441 105.7179403 20190810025850 ;
1 0.4986 -0.1126 0.8696 21.0112441 105.7179403 20190810025850 ;
1 -0.2533 -0.1270 0.8088 21.0112441 105.7179403 20190810025850 ;
1 0.1659 -0.1405 1.0736 21.0112441 105.7179403 20190810025850 ;
1 -0.0593 -0.1511 1.0034 21.0112441 105.7179403 20190810025850 ;
1 0.1524 -0.2008 0.8522 21.0112441 105.7179403 20190810025850 ;
1 -0.0727 -0.1625 1.0016 21.0112441 105.7179403 20190810025850 ;
1 0.3441 0.1498 0.7553 21.0112441 105.7179403 20190810025850 ;
1 -0.0544 -0.3035 1.0296 21.0112441 105.7179403 20190810025850 ;
1 0.5040 0.0626 0.6610 21.0112441 105.7179403 20190810025850 ;
1 0.0274 0.0147 0.3235 21.0112441 105.7179403 20190810025850 ;
1 0.1935 -0.1571 1.6454 21.0112441 105.7179403 20190810025850 ;
1 0.0424 -0.1173 0.5737 21.0112441 105.7179403 20190810025851 ;
1 -0.0946 0.0497 -0.9851 21.0112441 105.7179403 20190810025851 ;
1 0.4894 0.1430 -0.6164 21.0112441 105.7179403 20190810025851 ;
1 0.0221 -0.1841 0.4385 21.0112441 105.7179403 20190810025851 ;
1 0.2178 0.0025 -0.4957 21.0112441 105.7179403 20190810025851 ;
1 0.3249 -0.0240 -0.8199 21.0112441 105.7179403 20190810025851 ;
1 -0.0502 -0.2445 0.0699 21.0112441 105.7179403 20190810025851 ;
1 -0.1760 -0.1449 -0.1322 21.0112441 105.7179403 20190810025851 ;
1 0.3024 -0.1415 -0.3399 21.0112441 105.7179403 20190810025851 ;
1 -0.1094 -0.1342 -0.0089 21.0112441 105.7179403 20190810025851 ;
1 0.0450 -0.0559 0.0914 21.0112441 105.7179403 20190810025851 ;
1 0.3835 -0.1693 -0.0332 21.0112441 105.7179403 20190810025851 ;
1 0.0588 -0.0637 0.1994 21.0112441 105.7179403 20190810025851 ;
1 -0.0951 0.0394 0.2828 21.0112441 105.7179403 20190810025851 ;
1 0.2010 -0.0706 0.3512 21.0112441 105.7179403 20190810025851 ;
1 0.0364 0.0421 0.1076 21.0112441 105.7179403 20190810025851 ;
1 0.1546 0.0298 0.1312 21.0112441 105.7179403 20190810025851 ;
1 0.2660 0.0083 -0.0414 21.0112441 105.7179403 20190810025851 ;
1 -0.0133 0.0302 -0.0480 21.0112441 105.7179403 20190810025851 ;
1 0.2436 -0.0042 -0.1129 21.0112441 105.7179403 20190810025851 ;
1 -0.2546 -0.0561 -0.1240 21.0112441 105.7179403 20190810025851 ;
1 0.3277 0.1506 -0.3778 21.0112441 105.7179403 20190810025851 ;
1 -0.0508 0.0299 -0.4913 21.0112441 105.7179403 20190810025851 ;
1 0.0312 -0.1295 0.0316 21.0112441 105.7179403 20190810025851 ;
1 0.1099 0.0213 -0.1559 21.0112441 105.7179403 20190810025851 ;
1 0.0686 -0.0982 -0.5820 21.0112441 105.7179403 20190810025851 ;
1 -0.0075 0.0124 -0.5142 21.0112441 105.7179403 20190810025851 ;
1 0.0515 0.0753 -0.3459 21.0112441 105.7179403 20190810025851 ;
1 0.1967 -0.0163 -0.2004 21.0112441 105.7179403 20190810025851 ;
1 0.0622 -0.1094 -0.2076 21.0112441 105.7179403 20190810025851 ;
1 -0.0882 0.0217 -0.1219 21.0112441 105.7179403 20190810025851 ;
1 0.0872 0.1620 -0.2697 21.0112441 105.7179403 20190810025851 ;
1 0.2976 -0.0953 0.0032 21.0112441 105.7179403 20190810025851 ;
1 -0.3256 -0.1467 0.0748 21.0112441 105.7179403 20190810025851 ;
1 0.2818 -0.0083 -0.0707 21.0112441 105.7179403 20190810025851 ;
1 -0.0998 -0.0584 0.2662 21.0112334 105.7177438 20190810025851 ;
1 0.3481 0.0877 0.4431 21.0112334 105.7177438 20190810025851 ;
1 -0.0329 -0.0454 0.1084 21.0112334 105.7177438 20190810025851 ;
1 0.0381 -0.0746 0.0871 21.0112334 105.7177438 20190810025851 ;
1 0.1755 0.0690 0.0531 21.0112334 105.7177438 20190810025851 ;
1 -0.0017 -0.0610 0.2579 21.0112334 105.7177438 20190810025851 ;
1 0.2761 0.0726 0.2220 21.0112334 105.7177438 20190810025851 ;
1 -0.1789 -0.1284 0.1088 21.0112334 105.7177438 20190810025851 ;
1 0.2550 -0.1700 0.4444 21.0112334 105.7177438 20190810025851 ;
1 -0.1352 0.0678 0.1603 21.0112334 105.7177438 20190810025851 ;
1 0.3067 0.1032 0.0221 21.0112334 105.7177438 20190810025851 ;
1 -0.0402 -0.1001 -0.1720 21.0112334 105.7177438 20190810025851 ;
1 0.0677 -0.0425 -0.0341 21.0112334 105.7177438 20190810025851 ;
1 0.0889 0.0910 -0.0934 21.0112334 105.7177438 20190810025851 ;
1 -0.1103 -0.1436 -0.0681 21.0112334 105.7177438 20190810025851 ;
1 0.0143 -0.1387 0.1009 21.0112334 105.7177438 20190810025851 ;
1 -0.0861 0.1019 0.1332 21.0112334 105.7177438 20190810025852 ;
1 -0.1338 -0.1109 -0.1336 21.0112334 105.7177438 20190810025852 ;
1 0.2046 -0.1287 -0.2069 21.0112334 105.7177438 20190810025852 ;
1 -0.4027 -0.1863 0.0221 21.0112334 105.7177438 20190810025852 ;
1 0.0697 -0.0707 0.1435 21.0112334 105.7177438 20190810025852 ;
1 0.0283 -0.1114 0.1317 21.0112334 105.7177438 20190810025852 ;
1 -0.0861 -0.1504 0.1011 21.0112334 105.7177438 20190810025852 ;
1 -0.0670 -0.1049 0.1615 21.0112334 105.7177438 20190810025852 ;
1 -0.1140 -0.1648 0.4129 21.0112334 105.7177438 20190810025852 ;
1 0.2250 0.0274 0.3455 21.0112334 105.7177438 20190810025852 ;
1 0.1362 -0.0657 0.3005 21.0112334 105.7177438 20190810025852 ;
1 -0.1208 -0.0658 0.1815 21.0112334 105.7177438 20190810025852 ;
1 0.1666 -0.0584 0.2191 21.0112334 105.7177438 20190810025852 ;
1 0.1209 -0.0406 0.0339 21.0112334 105.7177438 20190810025852 ;
1 0.1763 -0.0317 -0.0405 21.0112334 105.7177438 20190810025852 ;
1 -0.0914 -0.0909 0.0868 21.0112334 105.7177438 20190810025852 ;
1 0.1212 0.0102 -0.2349 21.0112334 105.7177438 20190810025852 ;
1 0.1064 -0.1242 -0.6230 21.0112334 105.7177438 20190810025852 ;
1 -0.1137 -0.0865 -0.3607 21.0112334 105.7177438 20190810025852 ;
1 -0.0974 -0.0229 -0.3408 21.0112334 105.7177438 20190810025852 ;
1 -0.1314 -0.0865 -0.5700 21.0112334 105.7177438 20190810025852 ;
1 0.0737 -0.1436 -0.3720 21.0112334 105.7177438 20190810025852 ;
1 -0.0678 -0.0869 -0.4140 21.0112334 105.7177438 20190810025852 ;
1 -0.0794 -0.1321 -0.3301 21.0112334 105.7177438 20190810025852 ;
1 0.0157 -0.0108 -0.5380 21.0112334 105.7177438 20190810025852 ;
1 -0.1532 -0.1231 -0.2112 21.0112334 105.7177438 20190810025852 ;
1 -0.1790 -0.2017 0.0271 21.0112334 105.7177438 20190810025852 ;
1 -0.1397 -0.0227 -0.2860 21.0112334 105.7177438 20190810025852 ;
1 -0.0238 -0.0822 -0.1709 21.0112334 105.7177438 20190810025852 ;
1 -0.0480 -0.0147 -0.0931 21.0112334 105.7177438 20190810025852 ;
1 0.1926 -0.1621 0.1933 21.0112334 105.7177438 20190810025852 ;
1 0.0891 -0.0762 -0.1298 21.011224 105.7175534 20190810025852 ;
1 -0.0638 -0.1487 -0.0131 21.011224 105.7175534 20190810025852 ;
1 -0.0561 -0.1975 0.5160 21.011224 105.7175534 20190810025852 ;
1 0.2668 -0.1294 0.4548 21.011224 105.7175534 20190810025852 ;
1 -0.1339 -0.2746 0.3886 21.011224 105.7175534 20190810025852 ;
1 0.1290 -0.1979 0.3940 21.011224 105.7175534 20190810025852 ;
1 0.1949 -0.4881 1.2744 21.011224 105.7175534 20190810025852 ;
1 0.0636 0.0379 0.6688 21.011224 105.7175534 20190810025852 ;
1 0.3974 -0.2830 0.9388 21.011224 105.7175534 20190810025852 ;
1 0.1066 -0.3825 1.4944 21.011224 105.7175534 20190810025852 ;
1 0.1787 -0.1746 0.9618 21.011224 105.7175534 20190810025852 ;
1 -0.3635 0.0061 0.3146 21.011224 105.7175534 20190810025852 ;
1 0.2952 -0.0973 0.8146 21.011224 105.7175534 20190810025852 ;
1 0.0768 -0.5593 1.7547 21.011224 105.7175534 20190810025852 ;
1 -0.3845 0.1562 -0.1860 21.011224 105.7175534 20190810025852 ;
1 0.3446 -0.2282 -0.0851 21.011224 105.7175534 20190810025852 ;
1 0.0643 -0.1655 0.2517 21.011224 105.7175534 20190810025852 ;
1 -0.3569 -0.3784 0.2785 21.011224 105.7175534 20190810025852 ;
1 0.0336 -0.1784 -0.4384 21.011224 105.7175534 20190810025852 ;
1 0.1280 -0.1119 -0.2229 21.011224 105.7175534 20190810025853 ;
1 -0.1033 -0.2209 -0.0889 21.011224 105.7175534 20190810025853 ;
1 -0.4154 -0.2631 -0.0474 21.011224 105.7175534 20190810025853 ;
1 0.1957 -0.2187 -0.2080 21.011224 105.7175534 20190810025853 ;
1 -0.2427 -0.1912 -0.0730 21.011224 105.7175534 20190810025853 ;
1 0.0107 -0.1527 -0.0993 21.011224 105.7175534 20190810025853 ;
1 -0.4254 -0.5075 0.4167 21.011224 105.7175534 20190810025853 ;
1 -0.1024 -0.2170 0.2570 21.011224 105.7175534 20190810025853 ;
1 0.1521 -0.1114 -0.3620 21.011224 105.7175534 20190810025853 ;
1 -0.6049 -0.4587 0.4426 21.011224 105.7175534 20190810025853 ;
1 0.1125 -0.2213 0.5775 21.011224 105.7175534 20190810025853 ;
1 -0.1382 -0.2703 0.1454 21.011224 105.7175534 20190810025853 ;
1 -0.1853 -0.3373 1.0203 21.011224 105.7175534 20190810025853 ;
1 0.0642 -0.1722 1.0816 21.011224 105.7175534 20190810025853 ;
1 -0.0914 -0.1335 0.4745 21.011224 105.7175534 20190810025853 ;
1 0.2337 -0.0252 0.5083 21.011224 105.7175534 20190810025853 ;
1 0.1371 -0.1331 0.2168 21.011224 105.7175534 20190810025853 ;
1 -0.4233 -0.1602 0.0937 21.011224 105.7175534 20190810025853 ;
1 0.3414 0.1167 0.1422 21.011224 105.7175534 20190810025853 ;
1 -0.0780 -0.0094 0.2199 21.011224 105.7175534 20190810025853 ;
1 -0.2283 -0.2526 0.5685 21.011224 105.7175534 20190810025853 ;
1 -0.1060 0.1956 -0.7950 21.011224 105.7175534 20190810025853 ;
1 0.0341 -0.0314 -0.7458 21.011224 105.7175534 20190810025853 ;
1 -0.2895 0.0263 -0.7028 21.011224 105.7175534 20190810025853 ;
1 -0.2312 -0.1169 -0.5508 21.011224 105.7175534 20190810025853 ;
1 -0.5716 -0.0681 -0.7426 21.011224 105.7175534 20190810025853 ;
1 -0.4363 -0.0630 -0.9645 21.011224 105.7175534 20190810025853 ;
1 -0.0352 0.0121 -0.9596 21.011224 105.7175534 20190810025853 ;
1 -0.4184 -0.0462 -0.7349 21.011224 105.7175534 20190810025853 ;
1 -0.4858 -0.2306 -0.0358 21.011224 105.7175534 20190810025853 ;
1 -0.1911 -0.0122 -0.7016 21.011224 105.7175534 20190810025853 ;
1 -0.4645 -0.2672 -0.3560 21.011224 105.7175534 20190810025853 ;
1 -0.3788 -0.0617 0.0883 21.011224 105.7175534 20190810025853 ;
1 -0.3603 0.1074 -0.3268 21.0112193 105.7173579 20190810025853 ;
1 0.0349 -0.3409 0.4459 21.0112193 105.7173579 20190810025853 ;
1 -0.6546 -0.3027 1.1915 21.0112193 105.7173579 20190810025853 ;
1 -0.1572 0.2276 0.0712 21.0112193 105.7173579 20190810025853 ;
1 -0.3705 -0.2889 0.6108 21.0112193 105.7173579 20190810025853 ;
1 0.0158 -0.0925 1.5074 21.0112193 105.7173579 20190810025853 ;
1 -0.1740 -0.0358 0.9562 21.0112193 105.7173579 20190810025853 ;
1 -0.3162 -0.0110 0.8336 21.0112193 105.7173579 20190810025853 ;
1 -0.1395 0.0392 1.1343 21.0112193 105.7173579 20190810025853 ;
1 -0.1909 0.0823 0.6808 21.0112193 105.7173579 20190810025853 ;
1 -0.3330 0.0006 0.2095 21.0112193 105.7173579 20190810025853 ;
1 -0.0302 -0.0203 0.2180 21.0112193 105.7173579 20190810025853 ;
1 -0.2147 0.0750 0.2442 21.0112193 105.7173579 20190810025853 ;
1 -0.1372 0.0856 -0.0823 21.0112193 105.7173579 20190810025853 ;
1 -0.2995 0.0002 -0.3070 21.0112193 105.7173579 20190810025854 ;
1 0.0004 0.1874 -0.3064 21.0112193 105.7173579 20190810025854 ;
1 -0.2811 0.0643 -0.3641 21.0112193 105.7173579 20190810025854 ;
1 -0.1567 0.0558 -0.7143 21.0112193 105.7173579 20190810025854 ;
1 -0.3180 -0.1113 -0.6711 21.0112193 105.7173579 20190810025854 ;
1 -0.1660 0.0551 -0.5971 21.0112193 105.7173579 20190810025854 ;
1 0.1740 0.1106 -0.8103 21.0112193 105.7173579 20190810025854 ;
1 -0.3594 -0.0927 -0.6445 21.0112193 105.7173579 20190810025854 ;
1 -0.3504 -0.1572 0.0309 21.0112193 105.7173579 20190810025854 ;
1 0.1430 0.0869 -0.3717 21.0112193 105.7173579 20190810025854 ;
1 -0.3824 0.0819 -0.5451 21.0112193 105.7173579 20190810025854 ;
1 -0.2169 -0.0358 0.2622 21.0112193 105.7173579 20190810025854 ;
1 -0.3078 -0.1638 0.5872 21.0112193 105.7173579 20190810025854 ;
1 0.2342 0.1431 0.4582 21.0112193 105.7173579 20190810025854 ;
1 -0.2668 -0.1069 0.6264 21.0112193 105.7173579 20190810025854 ;
1 -0.4445 -0.2423 1.2598 21.0112193 105.7173579 20190810025854 ;
1 0.4584 0.3176 0.4131 21.0112193 105.7173579 20190810025854 ;
1 -0.1265 0.0866 -0.1153 21.0112193 105.7173579 20190810025854 ;
1 -0.4340 -0.5181 1.5942 21.0112193 105.7173579 20190810025854 ;
1 -0.1769 0.0545 1.1869 21.0112193 105.7173579 20190810025854 ;
1 0.0124 0.4704 -0.2658 21.0112193 105.7173579 20190810025854 ;
1 -0.1901 -0.0201 0.6599 21.0112193 105.7173579 20190810025854 ;
1 0.0466 -0.2675 1.6394 21.0112193 105.7173579 20190810025854 ;
1 0.1027 0.3661 -0.5569 21.0112193 105.7173579 20190810025854 ;
1 0.0735 0.2931 -0.8405 21.0112193 105.7173579 20190810025854 ;
1 -0.3232 -0.3565 1.0820 21.0112193 105.7173579 20190810025854 ;
1 -0.3528 0.2248 0.2973 21.0112193 105.7173579 20190810025854 ;
1 -0.0278 0.3726 -1.1532 21.0112193 105.7173579 20190810025854 ;
1 0.3110 -0.0295 -0.6896 21.0112193 105.7173579 20190810025854 ;
1 -0.4451 0.0918 -0.5152 21.0112193 105.7173579 20190810025854 ;
1 0.3103 0.1434 -0.8778 21.0112193 105.7173579 20190810025854 ;
1 0.2409 0.1763 -0.6725 21.0112193 105.7173579 20190810025854 ;
1 -0.1791 0.1425 -0.4594 21.0112193 105.7173579 20190810025854 ;
1 -0.2589 -0.2025 -0.1805 21.0112193 105.7173579 20190810025854 ;
1 0.1938 0.0801 -0.4636 21.0112193 105.7173579 20190810025854 ;
1 0.2460 0.1694 -0.9443 21.0112055 105.7171723 20190810025854 ;
1 0.1874 0.2327 -0.9129 21.0112055 105.7171723 20190810025854 ;
1 -0.2261 -0.0854 -0.2264 21.0112055 105.7171723 20190810025854 ;
1 0.3466 0.0630 -0.0175 21.0112055 105.7171723 20190810025854 ;
1 -0.0259 0.2092 -0.5263 21.0112055 105.7171723 20190810025854 ;
1 -0.1378 -0.0059 0.6150 21.0112055 105.7171723 20190810025854 ;
1 0.3684 0.2461 0.6879 21.0112055 105.7171723 20190810025854 ;
1 0.2356 0.1006 0.0280 21.0112055 105.7171723 20190810025854 ;
1 0.0601 0.0470 -0.4783 21.0112055 105.7171723 20190810025854 ;
1 0.2372 0.0117 -0.2903 21.0112055 105.7171723 20190810025854 ;
1 0.0054 0.0773 0.0180 21.0112055 105.7171723 20190810025854 ;
1 0.5157 0.0894 0.5715 21.0112055 105.7171723 20190810025854 ;
1 -0.1317 -0.2074 1.1356 21.0112055 105.7171723 20190810025854 ;
1 0.2698 -0.1954 1.1429 21.0112055 105.7171723 20190810025854 ;
1 0.3922 -0.2183 0.8325 21.0112055 105.7171723 20190810025854 ;
1 0.0910 -0.4163 1.6284 21.0112055 105.7171723 20190810025855 ;
1 0.0533 -0.4860 2.3584 21.0112055 105.7171723 20190810025855 ;
1 0.4027 -0.6532 3.1099 21.0112055 105.7171723 20190810025855 ;
1 0.2083 -0.3195 3.2115 21.0112055 105.7171723 20190810025855 ;
1 0.0184 -0.1225 2.6811 21.0112055 105.7171723 20190810025855 ;
1 0.2446 -0.4167 3.3342 21.0112055 105.7171723 20190810025855 ;
1 0.2908 0.0958 3.1163 21.0112055 105.7171723 20190810025855 ;
1 0.0097 0.1544 2.9005 21.0112055 105.7171723 20190810025855 ;
1 -0.1005 0.1887 3.2292 21.0112055 105.7171723 20190810025855 ;
1 -0.2222 0.0811 3.0843 21.0112055 105.7171723 20190810025855 ;
1 -0.2673 0.3110 2.1597 21.0112055 105.7171723 20190810025855 ;
1 -0.0201 0.2609 0.1494 21.0112055 105.7171723 20190810025855 ;
1 1.1106 0.7588 -3.4997 21.0112055 105.7171723 20190810025855 ;
1 -0.9045 0.0689 -1.1602 21.0112055 105.7171723 20190810025855 ;
1 -0.4485 0.3793 -0.7944 21.0112055 105.7171723 20190810025855 ;
1 1.0026 0.9663 -4.6064 21.0112055 105.7171723 20190810025855 ;
1 -1.5868 -0.1701 -5.1131 21.0112055 105.7171723 20190810025855 ;
1 0.8306 0.0477 -2.0164 21.0112055 105.7171723 20190810025855 ;
1 -0.8021 0.3489 -4.3479 21.0112055 105.7171723 20190810025855 ;
1 0.6803 0.3492 -8.0245 21.0112055 105.7171723 20190810025855 ;
1 0.4525 0.2519 -4.5340 21.0112055 105.7171723 20190810025855 ;
1 -1.2372 -0.3361 -3.6506 21.0112055 105.7171723 20190810025855 ;
1 -0.6645 0.2999 -4.9792 21.0112055 105.7171723 20190810025855 ;
1 1.2765 0.4146 -4.4729 21.0112055 105.7171723 20190810025855 ;
1 -0.6980 -0.1454 -3.4410 21.0112055 105.7171723 20190810025855 ;
1 -1.0275 -0.0817 -2.2314 21.0112055 105.7171723 20190810025855 ;
1 0.3432 0.2462 -2.1986 21.0112055 105.7171723 20190810025855 ;
1 -0.0471 0.1670 -1.8332 21.0112055 105.7171723 20190810025855 ;
1 -0.8127 0.0857 -0.7150 21.0112055 105.7171723 20190810025855 ;
1 -0.3406 0.0804 -0.1574 21.0112055 105.7171723 20190810025855 ;
1 -0.4910 0.0977 -0.2666 21.0112055 105.7171723 20190810025855 ;
1 -0.0343 0.2733 -0.1587 21.0112055 105.7171723 20190810025855 ;
1 -0.1529 -0.0031 0.6037 21.0112055 105.7171723 20190810025855 ;
1 -0.5333 0.1401 0.9576 21.0112055 105.7171723 20190810025855 ;
1 -0.0745 0.1989 1.1434 21.0112055 105.7171723 20190810025855 ;
1 -0.4491 0.0474 1.4012 21.0111916 105.7169871 20190810025855 ;
1 -0.1666 0.1426 1.5131 21.0111916 105.7169871 20190810025855 ;
1 -0.4419 0.1360 1.6410 21.0111916 105.7169871 20190810025855 ;
1 -0.2524 0.2184 1.5709 21.0111916 105.7169871 20190810025855 ;
1 -0.2673 0.4916 0.7064 21.0111916 105.7169871 20190810025855 ;
1 -0.2678 0.2386 0.6455 21.0111916 105.7169871 20190810025855 ;
1 0.5775 0.8098 -0.9047 21.0111916 105.7169871 20190810025855 ;
1 -0.9333 0.0653 -0.7161 21.0111916 105.7169871 20190810025855 ;
1 0.6306 0.7891 -0.7652 21.0111916 105.7169871 20190810025855 ;
1 -0.6790 0.6867 -1.8342 21.0111916 105.7169871 20190810025855 ;
1 -0.0545 0.6910 -1.9899 21.0111916 105.7169871 20190810025855 ;
1 -0.3626 0.3288 -1.3088 21.0111916 105.7169871 20190810025855 ;
1 -0.0450 0.5162 -2.4815 21.0111916 105.7169871 20190810025855 ;
1 0.3611 0.8977 -4.0199 21.0111916 105.7169871 20190810025855 ;
1 -0.2160 0.1970 -2.9070 21.0111916 105.7169871 20190810025855 ;
1 -0.3312 0.4064 -2.3729 21.0111916 105.7169871 20190810025856 ;
1 -0.1675 0.2962 -3.0701 21.0111916 105.7169871 20190810025856 ;
1 0.0451 0.3464 -2.5559 21.0111916 105.7169871 20190810025856 ;
1 -0.1644 0.2501 -1.8540 21.0111916 105.7169871 20190810025856 ;
1 -0.2259 -0.1558 -0.9155 21.0111916 105.7169871 20190810025856 ;
1 -0.2277 0.1233 -0.7031 21.0111916 105.7169871 20190810025856 ;
1 -0.1362 0.0821 -0.0108 21.0111916 105.7169871 20190810025856 ;
1 -0.4289 -0.1022 1.5912 21.0111916 105.7169871 20190810025856 ;
1 -0.3857 -0.0136 2.1877 21.0111916 105.7169871 20190810025856 ;
1 -0.1930 -0.1070 2.2653 21.0111916 105.7169871 20190810025856 ;
1 -0.5839 -0.0404 3.0688 21.0111916 105.7169871 20190810025856 ;
1 -0.0970 0.0562 3.5955 21.0111916 105.7169871 20190810025856 ;
1 -0.4612 -0.1127 4.1295 21.0111916 105.7169871 20190810025856 ;
1 -0.1126 0.4166 3.8919 21.0111916 105.7169871 20190810025856 ;
1 -0.2506 0.4842 3.7254 21.0111916 105.7169871 20190810025856 ;
1 0.2352 0.1448 4.7996 21.0111916 105.7169871 20190810025856 ;
1 -0.3985 0.5455 3.9686 21.0111916 105.7169871 20190810025856 ;
1 -0.0868 0.7613 2.4695 21.0111916 105.7169871 20190810025856 ;
1 -0.0885 0.1385 2.5861 21.0111916 105.7169871 20190810025856 ;
1 0.0420 0.4120 1.5748 21.0111916 105.7169871 20190810025856 ;
1 -0.2815 0.5469 -0.4526 21.0111916 105.7169871 20190810025856 ;
1 0.3811 0.3057 -1.0191 21.0111916 105.7169871 20190810025856 ;
1 -0.2145 0.1719 -0.3477 21.0111916 105.7169871 20190810025856 ;
1 -0.0730 0.1299 -0.8735 21.0111916 105.7169871 20190810025856 ;
1 0.0030 0.3054 -1.9113 21.0111916 105.7169871 20190810025856 ;
1 -0.2118 0.0885 -1.2354 21.0111916 105.7169871 20190810025856 ;
1 0.0035 0.1297 -0.5960 21.0111916 105.7169871 20190810025856 ;
1 0.3314 0.3524 -1.6270 21.0111916 105.7169871 20190810025856 ;
1 0.0107 0.1281 -1.4240 21.0111916 105.7169871 20190810025856 ;
1 0.1281 0.1346 -0.2520 21.0111916 105.7169871 20190810025856 ;
1 0.0969 0.1451 -0.4415 21.0111916 105.7169871 20190810025856 ;
1 0.3244 0.4693 -0.9987 21.0111916 105.7169871 20190810025856 ;
1 -0.1339 0.1787 -0.3687 21.0111916 105.7169871 20190810025856 ;
1 0.2931 0.2739 -0.0636 21.0111728 105.7167929 20190810025856 ;
1 -0.0914 0.1218 -0.3618 21.0111728 105.7167929 20190810025856 ;
1 0.2742 0.2695 -0.1077 21.0111728 105.7167929 20190810025856 ;
1 -0.2098 0.5115 -0.6853 21.0111728 105.7167929 20190810025856 ;
1 0.0473 0.1416 0.6456 21.0111728 105.7167929 20190810025856 ;
1 -0.0057 -0.0580 1.4500 21.0111728 105.7167929 20190810025856 ;
1 -0.1545 0.2192 0.1345 21.0111728 105.7167929 20190810025856 ;
1 -0.4220 0.3132 -1.4290 21.0111728 105.7167929 20190810025856 ;
1 0.0891 0.1639 0.6034 21.0111728 105.7167929 20190810025856 ;
1 -0.3570 0.0594 1.3378 21.0111728 105.7167929 20190810025856 ;
1 -0.1892 0.1996 -0.3779 21.0111728 105.7167929 20190810025856 ;
1 -0.1259 0.1711 0.0346 21.0111728 105.7167929 20190810025856 ;
1 -0.2574 0.0836 0.9052 21.0111728 105.7167929 20190810025856 ;
1 -0.3838 0.3269 0.0007 21.0111728 105.7167929 20190810025856 ;
1 0.0695 0.2830 0.1508 21.0111728 105.7167929 20190810025856 ;
1 -0.1783 -0.0665 0.7826 21.0111728 105.7167929 20190810025857 ;
1 0.0024 0.2387 0.4568 21.0111728 105.7167929 20190810025857 ;
1 -0.0445 0.2352 0.3841 21.0111728 105.7167929 20190810025857 ;
1 0.1407 0.3903 0.0522 21.0111728 105.7167929 20190810025857 ;
1 -0.0885 0.2317 0.0688 21.0111728 105.7167929 20190810025857 ;
1 0.2239 0.3298 0.0843 21.0111728 105.7167929 20190810025857 ;
1 0.0043 0.4047 -0.2228 21.0111728 105.7167929 20190810025857 ;
1 0.0122 0.2250 0.6082 21.0111728 105.7167929 20190810025857 ;
1 0.0852 0.3565 0.5126 21.0111728 105.7167929 20190810025857 ;
1 -0.1162 0.2095 -0.1737 21.0111728 105.7167929 20190810025857 ;
1 0.1973 0.0613 -0.2076 21.0111728 105.7167929 20190810025857 ;
1 0.2060 0.2071 -0.6214 21.0111728 105.7167929 20190810025857 ;
1 -0.0536 0.2756 -0.5436 21.0111728 105.7167929 20190810025857 ;
1 0.2469 0.3385 0.0246 21.0111728 105.7167929 20190810025857 ;
1 0.0328 0.2586 0.3034 21.0111728 105.7167929 20190810025857 ;
1 0.2734 0.3864 0.2479 21.0111728 105.7167929 20190810025857 ;
1 0.1751 0.2527 0.0763 21.0111728 105.7167929 20190810025857 ;
1 -0.0441 0.2212 0.4110 21.0111728 105.7167929 20190810025857 ;
1 0.6832 0.5105 -0.1991 21.0111728 105.7167929 20190810025857 ;
1 0.1355 0.1635 -0.0570 21.0111728 105.7167929 20190810025857 ;
1 0.2276 0.0714 0.7882 21.0111728 105.7167929 20190810025857 ;
1 0.4208 0.3596 0.4675 21.0111728 105.7167929 20190810025857 ;
1 0.1489 0.3530 0.5581 21.0111728 105.7167929 20190810025857 ;
1 0.0458 0.4154 0.6699 21.0111728 105.7167929 20190810025857 ;
1 0.2755 0.3094 0.6270 21.0111728 105.7167929 20190810025857 ;
1 0.1881 0.3616 0.0759 21.0111728 105.7167929 20190810025857 ;
1 0.3023 0.3895 -0.0861 21.0111728 105.7167929 20190810025857 ;
1 -0.1891 0.3662 0.2499 21.0111728 105.7167929 20190810025857 ;
1 0.0718 0.5003 0.1527 21.0111728 105.7167929 20190810025857 ;
1 0.3307 0.3290 -0.4734 21.0111728 105.7167929 20190810025857 ;
1 -0.0546 0.2912 -0.6202 21.0111728 105.7167929 20190810025857 ;
1 -0.2184 0.3538 -0.9196 21.0111728 105.7167929 20190810025857 ;
1 0.4579 0.3543 -1.0881 21.0111728 105.7167929 20190810025857 ;
1 0.1233 0.4561 -0.9400 21.0111604 105.7165785 20190810025857 ;
1 -0.0888 0.3585 -0.5446 21.0111604 105.7165785 20190810025857 ;
1 0.1910 0.2150 -0.4748 21.0111604 105.7165785 20190810025857 ;
1 -0.1693 0.2587 -0.5843 21.0111604 105.7165785 20190810025857 ;
1 0.1802 0.3839 -0.6043 21.0111604 105.7165785 20190810025857 ;
1 -0.3316 0.4977 -1.0873 21.0111604 105.7165785 20190810025857 ;
1 -0.2498 0.1375 -0.3987 21.0111604 105.7165785 20190810025857 ;
1 0.2207 0.1696 -0.0074 21.0111604 105.7165785 20190810025857 ;
1 -0.3879 0.2217 0.2089 21.0111604 105.7165785 20190810025857 ;
1 -0.3645 0.3025 0.4559 21.0111604 105.7165785 20190810025857 ;
1 -0.0206 0.4946 0.3901 21.0111604 105.7165785 20190810025857 ;
1 -0.3358 -0.0451 0.9716 21.0111604 105.7165785 20190810025857 ;
1 -0.1476 0.0419 0.7184 21.0111604 105.7165785 20190810025857 ;
1 -0.2409 0.3360 0.0128 21.0111604 105.7165785 20190810025857 ;
1 0.0861 0.3500 0.8091 21.0111604 105.7165785 20190810025857 ;
1 -0.1058 0.1826 1.6196 21.0111604 105.7165785 20190810025857 ;
1 0.2593 0.4374 0.7070 21.0111604 105.7165785 20190810025857 ;
1 0.0408 0.3139 0.3927 21.0111604 105.7165785 20190810025857 ;
1 0.1676 0.2592 1.3063 21.0111604 105.7165785 20190810025857 ;
1 0.0975 0.5604 0.5131 21.0111604 105.7165785 20190810025858 ;
1 0.2729 0.4945 0.0207 21.0111604 105.7165785 20190810025858 ;
1 0.7944 0.3302 0.1565 21.0111604 105.7165785 20190810025858 ;
1 0.0981 0.3558 -0.0213 21.0111604 105.7165785 20190810025858 ;
1 0.2592 0.4428 -0.4843 21.0111604 105.7165785 20190810025858 ;
1 0.5041 0.3373 -0.1189 21.0111604 105.7165785 20190810025858 ;
1 -0.3252 0.6986 -0.8123 21.0111604 105.7165785 20190810025858 ;
1 -0.1009 0.0441 -0.1290 21.0111604 105.7165785 20190810025858 ;
1 0.3787 0.1879 -0.2101 21.0111604 105.7165785 20190810025858 ;
1 0.0132 0.5280 -0.6869 21.0111604 105.7165785 20190810025858 ;
1 0.1379 0.5062 -0.7492 21.0111604 105.7165785 20190810025858 ;
1 0.0894 0.2501 0.0798 21.0111604 105.7165785 20190810025858 ;
1 0.5841 0.1536 -0.2268 21.0111604 105.7165785 20190810025858 ;
1 -0.7774 0.4614 -0.9982 21.0111604 105.7165785 20190810025858 ;
1 0.4262 0.1578 0.4085 21.0111604 105.7165785 20190810025858 ;
1 -0.7904 0.1764 0.4244 21.0111604 105.7165785 20190810025858 ;
1 1.6803 0.6598 -0.1681 21.0111604 105.7165785 20190810025858 ;
1 -1.0618 -0.1927 -0.1974 21.0111604 105.7165785 20190810025858 ;
1 0.0492 0.2870 0.5652 21.0111604 105.7165785 20190810025858 ;
1 0.7245 0.3897 0.4244 21.0111604 105.7165785 20190810025858 ;
1 -0.4809 0.3195 0.3550 21.0111604 105.7165785 20190810025858 ;
1 0.2420 0.4621 1.0589 21.0111604 105.7165785 20190810025858 ;
1 0.2531 0.2673 0.7951 21.0111604 105.7165785 20190810025858 ;
1 0.0291 0.4348 0.8425 21.0111604 105.7165785 20190810025858 ;
1 -0.1741 0.4042 0.9350 21.0111604 105.7165785 20190810025858 ;
1 0.4546 0.2161 1.1240 21.0111604 105.7165785 20190810025858 ;
1 -0.0136 0.2918 1.1747 21.0111604 105.7165785 20190810025858 ;
1 0.0883 0.4935 0.1438 21.0111604 105.7165785 20190810025858 ;
1 0.1635 0.3509 0.1777 21.0111604 105.7165785 20190810025858 ;
1 0.2728 0.2816 0.9184 21.0111604 105.7165785 20190810025858 ;
1 0.1408 0.5237 0.4901 21.0111348 105.7163956 20190810025858 ;
1 0.1555 0.4805 -0.0283 21.0111348 105.7163956 20190810025858 ;
1 0.1483 0.1868 0.0888 21.0111348 105.7163956 20190810025858 ;
1 -0.1178 0.2404 -0.2878 21.0111348 105.7163956 20190810025858 ;
1 0.2179 0.3941 -0.8988 21.0111348 105.7163956 20190810025858 ;
1 0.0059 0.3307 -0.4313 21.0111348 105.7163956 20190810025858 ;
1 0.5256 0.2421 -0.1678 21.0111348 105.7163956 20190810025858 ;
1 -0.2696 0.2166 -0.4379 21.0111348 105.7163956 20190810025858 ;
1 -0.1023 0.3650 -0.3432 21.0111348 105.7163956 20190810025858 ;
1 0.1467 0.5259 -0.8696 21.0111348 105.7163956 20190810025858 ;
1 0.1481 0.3928 -0.3656 21.0111348 105.7163956 20190810025858 ;
1 0.1594 0.1915 -0.0585 21.0111348 105.7163956 20190810025858 ;
1 0.1544 0.2864 -0.4329 21.0111348 105.7163956 20190810025858 ;
1 0.1115 0.5867 -0.7219 21.0111348 105.7163956 20190810025858 ;
1 -0.0093 0.2880 0.1736 21.0111348 105.7163956 20190810025858 ;
1 0.1235 0.3532 0.1837 21.0111348 105.7163956 20190810025858 ;
1 0.2064 0.3668 -0.8994 21.0111348 105.7163956 20190810025858 ;
1 0.4426 0.3866 -0.9518 21.0111348 105.7163956 20190810025858 ;
1 0.0128 0.1437 0.3727 21.0111348 105.7163956 20190810025858 ;
1 0.2063 0.4316 0.0736 21.0111348 105.7163956 20190810025859 ;
1 0.5025 0.4335 -0.1090 21.0111348 105.7163956 20190810025859 ;
1 -0.2536 -0.0583 0.7389 21.0111348 105.7163956 20190810025859 ;
1 -0.3445 0.1041 0.6555 21.0111348 105.7163956 20190810025859 ;
1 0.6970 0.4670 -0.3473 21.0111348 105.7163956 20190810025859 ;
1 -0.1800 0.2210 0.1457 21.0111348 105.7163956 20190810025859 ;
1 0.0511 0.0279 1.2937 21.0111348 105.7163956 20190810025859 ;
1 -0.1322 0.1525 0.8349 21.0111348 105.7163956 20190810025859 ;
1 -0.0538 0.4361 0.4603 21.0111348 105.7163956 20190810025859 ;
1 -0.5168 -0.4349 2.1622 21.0111348 105.7163956 20190810025859 ;
1 0.2779 0.9321 0.2497 21.0111348 105.7163956 20190810025859 ;
1 -0.6398 -0.1333 0.6277 21.0111348 105.7163956 20190810025859 ;
1 0.6833 0.4069 0.9204 21.0111348 105.7163956 20190810025859 ;
1 -0.8775 0.2647 0.4951 21.0111348 105.7163956 20190810025859 ;
1 0.3548 0.5984 -0.4366 21.0111348 105.7163956 20190810025859 ;
1 -0.3415 0.1311 0.2689 21.0111348 105.7163956 20190810025859 ;
1 0.2786 0.3021 0.2293 21.0111348 105.7163956 20190810025859 ;
1 -0.0815 0.6409 -1.0105 21.0111348 105.7163956 20190810025859 ;
1 -0.3499 -0.1759 0.0441 21.0111348 105.7163956 20190810025859 ;
1 0.8168 0.7754 0.1058 21.0111348 105.7163956 20190810025859 ;
1 -0.8862 -0.0005 -0.7063 21.0111348 105.7163956 20190810025859 ;
1 0.9401 0.1442 -0.6565 21.0111348 105.7163956 20190810025859 ;
1 -0.1905 0.3851 -0.6647 21.0111348 105.7163956 20190810025859 ;
1 -0.0904 -0.0865 -0.1765 21.0111348 105.7163956 20190810025859 ;
1 0.6002 0.5395 -0.2979 21.0111348 105.7163956 20190810025859 ;
1 0.3733 0.3488 -0.4736 21.0111348 105.7163956 20190810025859 ;
1 0.0531 0.0379 0.2747 21.0111348 105.7163956 20190810025859 ;
1 0.0467 0.2030 0.1267 21.0111348 105.7163956 20190810025859 ;
1 0.9381 0.6246 -0.1036 21.0111348 105.7163956 20190810025859 ;
1 -0.3337 0.2011 0.0478 21.0111348 105.7163956 20190810025859 ;
1 0.1266 0.1004 0.3511 21.0111348 105.7163956 20190810025859 ;
1 0.6951 0.2015 0.1411 21.0111348 105.7163956 20190810025859 ;
1 -0.1471 0.4192 -0.0655 21.0111348 105.7163956 20190810025859 ;
1 0.9129 0.5225 -0.1017 21.0111108 105.7161972 20190810025859 ;
1 -0.0208 -0.1744 0.7161 21.0111108 105.7161972 20190810025859 ;
1 1.0666 0.3548 0.7068 21.0111108 105.7161972 20190810025859 ;
1 -0.4704 0.1852 -0.2613 21.0111108 105.7161972 20190810025859 ;
1 0.2785 -0.0031 0.9897 21.0111108 105.7161972 20190810025859 ;
1 0.2198 0.4257 0.8714 21.0111108 105.7161972 20190810025859 ;
1 0.1086 0.2379 -0.0022 21.0111108 105.7161972 20190810025859 ;
1 0.3023 0.0375 0.7786 21.0111108 105.7161972 20190810025859 ;
1 0.3609 0.3400 0.4028 21.0111108 105.7161972 20190810025859 ;
1 0.0558 0.3198 0.4757 21.0111108 105.7161972 20190810025859 ;
1 -0.3343 0.1995 0.8661 21.0111108 105.7161972 20190810025859 ;
1 0.3843 0.3386 0.0234 21.0111108 105.7161972 20190810025859 ;
1 -0.2795 0.1177 0.1193 21.0111108 105.7161972 20190810025859 ;
1 0.0509 0.2460 0.3792 21.0111108 105.7161972 20190810025859 ;
1 0.1214 0.4089 -0.4330 21.0111108 105.7161972 20190810025859 ;
1 -0.1285 0.2040 -0.4472 21.0111108 105.7161972 20190810025859 ;
1 0.2004 0.2561 -0.3585 21.0111108 105.7161972 20190810025859 ;
1 0.2218 0.2218 -0.5872 21.0111108 105.7161972 20190810025900 ;
1 0.2344 0.2124 -0.4302 21.0111108 105.7161972 20190810025900 ;
1 0.3748 0.3482 -0.3891 21.0111108 105.7161972 20190810025900 ;
1 0.0288 -0.1107 -0.2712 21.0111108 105.7161972 20190810025900 ;
1 0.1694 -0.3459 -0.3510 21.0111108 105.7161972 20190810025900 ;
1 0.1430 -0.1270 -0.8793 21.0111108 105.7161972 20190810025900 ;
1 0.2861 -0.1793 -0.7365 21.0111108 105.7161972 20190810025900 ;
1 0.1283 -0.0059 -0.3836 21.0111108 105.7161972 20190810025900 ;
1 0.2732 0.0399 -0.2525 21.0111108 105.7161972 20190810025900 ;
1 0.4081 -0.0609 -0.2285 21.0111108 105.7161972 20190810025900 ;
1 0.3345 -0.4188 0.3767 21.0111108 105.7161972 20190810025900 ;
1 0.0323 -0.2351 0.0803 21.0111108 105.7161972 20190810025900 ;
1 0.0363 -0.1304 0.3382 21.0111108 105.7161972 20190810025900 ;
1 0.3868 -0.0194 0.1687 21.0111108 105.7161972 20190810025900 ;
1 -0.0798 -0.2863 0.1314 21.0111108 105.7161972 20190810025900 ;
1 0.4840 -0.1602 0.1890 21.0111108 105.7161972 20190810025900 ;
1 0.5326 0.1006 -0.0664 21.0111108 105.7161972 20190810025900 ;
1 0.1115 -0.2520 0.2623 21.0111108 105.7161972 20190810025900 ;
1 0.6099 0.0788 0.0532 21.0111108 105.7161972 20190810025900 ;
1 -0.1018 -0.4152 0.3432 21.0111108 105.7161972 20190810025900 ;
1 0.6405 -0.0406 0.6917 21.0111108 105.7161972 20190810025900 ;
1 0.2095 0.2294 -0.5660 21.0111108 105.7161972 20190810025900 ;
1 0.4452 -0.1823 -0.4326 21.0111108 105.7161972 20190810025900 ;
1 0.1015 -0.5707 -0.1759 21.0111108 105.7161972 20190810025900 ;
1 0.6232 -0.1477 -1.0704 21.0111108 105.7161972 20190810025900 ;
1 0.3561 -0.2085 -1.2368 21.0111108 105.7161972 20190810025900 ;
1 0.0144 -0.2203 -0.2704 21.0111108 105.7161972 20190810025900 ;
1 0.4136 -0.2520 -0.3979 21.0111108 105.7161972 20190810025900 ;
1 0.2067 -0.2944 -0.7052 21.0111108 105.7161972 20190810025900 ;
1 0.2033 -0.2747 -0.3081 21.0111108 105.7161972 20190810025900 ;
1 0.1714 -0.3970 0.2408 21.0110873 105.7159943 20190810025900 ;
1 -0.6686 -0.5156 0.2745 21.0110873 105.7159943 20190810025900 ;
1 0.0565 -0.3443 -0.2847 21.0110873 105.7159943 20190810025900 ;
1 0.1239 -0.2049 -0.8652 21.0110873 105.7159943 20190810025900 ;
1 -0.1527 -0.7159 0.4208 21.0110873 105.7159943 20190810025900 ;
1 0.2792 -0.0070 0.0007 21.0110873 105.7159943 20190810025900 ;
1 0.1878 -0.0961 0.0290 21.0110873 105.7159943 20190810025900 ;
1 0.1454 -0.4416 1.2585 21.0110873 105.7159943 20190810025900 ;
1 -0.3971 -0.0248 0.5093 21.0110873 105.7159943 20190810025900 ;
1 0.5497 0.0038 -1.0903 21.0110873 105.7159943 20190810025900 ;
1 0.2853 -0.6510 0.9023 21.0110873 105.7159943 20190810025900 ;
1 0.2094 -0.1641 0.5721 21.0110873 105.7159943 20190810025900 ;
1 0.0769 -0.2910 -1.0735 21.0110873 105.7159943 20190810025900 ;
1 0.4858 -0.4345 -0.2914 21.0110873 105.7159943 20190810025900 ;
1 0.5305 -0.3800 -0.1984 21.0110873 105.7159943 20190810025900 ;
1 0.0396 -0.0986 -1.3985 21.0110873 105.7159943 20190810025900 ;
1 0.9142 -0.1526 0.1726 21.0110873 105.7159943 20190810025900 ;
1 0.0579 -0.4964 1.6222 21.0110873 105.7159943 20190810025900 ;
1 -0.3327 -0.1418 0.0173 21.0110873 105.7159943 20190810025900 ;
1 0.6845 -0.2189 -0.6156 21.0110873 105.7159943 20190810025901 ;
1 0.1411 -0.6669 0.9520 21.0110873 105.7159943 20190810025901 ;
1 -0.2330 -0.3413 0.3064 21.0110873 105.7159943 20190810025901 ;
1 -0.0837 -0.1917 -0.8934 21.0110873 105.7159943 20190810025901 ;
1 0.5632 -0.3489 -0.2803 21.0110873 105.7159943 20190810025901 ;
1 0.0219 -0.4184 0.5961 21.0110873 105.7159943 20190810025901 ;
1 -0.2973 -0.2553 0.2024 21.0110873 105.7159943 20190810025901 ;
1 0.2377 -0.2604 -0.0179 21.0110873 105.7159943 20190810025901 ;
1 0.0704 -0.4586 0.5415 21.0110873 105.7159943 20190810025901 ;
1 -0.4319 -0.5010 0.1973 21.0110873 105.7159943 20190810025901 ;
1 0.1817 -0.3637 -0.3910 21.0110873 105.7159943 20190810025901 ;
1 0.5179 -0.1686 -0.2535 21.0110873 105.7159943 20190810025901 ;
1 0.0762 -0.3845 0.3021 21.0110873 105.7159943 20190810025901 ;
1 0.0365 -0.3288 0.1125 21.0110873 105.7159943 20190810025901 ;
1 0.1551 -0.3188 0.0094 21.0110873 105.7159943 20190810025901 ;
1 0.4476 -0.0716 -0.2425 21.0110873 105.7159943 20190810025901 ;
1 -0.2760 -0.6251 0.2312 21.0110873 105.7159943 20190810025901 ;
1 0.0363 -0.6770 0.4826 21.0110873 105.7159943 20190810025901 ;
1 0.1093 -0.1217 -0.7200 21.0110873 105.7159943 20190810025901 ;
1 0.4903 -0.2189 -0.6540 21.0110873 105.7159943 20190810025901 ;
1 -0.1159 -0.4633 0.0636 21.0110873 105.7159943 20190810025901 ;
1 0.5160 -0.3716 -0.0134 21.0110873 105.7159943 20190810025901 ;
1 -0.2206 -0.1678 -0.2087 21.0110873 105.7159943 20190810025901 ;
1 -0.0154 -0.3724 0.6580 21.0110873 105.7159943 20190810025901 ;
1 0.1347 -0.2876 -0.1222 21.0110873 105.7159943 20190810025901 ;
1 0.0407 -0.2960 -0.8543 21.0110873 105.7159943 20190810025901 ;
1 0.2440 -0.4209 -0.4709 21.0110873 105.7159943 20190810025901 ;
1 0.1621 -0.2553 -0.6006 21.0110873 105.7159943 20190810025901 ;
1 0.4661 -0.3944 -0.3311 21.0110873 105.7159943 20190810025901 ;
1 -0.3535 -0.4244 0.2506 21.0110873 105.7159943 20190810025901 ;
1 0.6096 -0.0610 -0.9502 21.0110873 105.7159943 20190810025901 ;
1 0.2967 -0.5365 -0.7325 21.0110873 105.7159943 20190810025901 ;
1 0.2466 -0.5038 0.5848 21.0110873 105.7159943 20190810025901 ;
1 0.0935 -0.2578 0.2229 21.011066 105.7157884 20190810025901 ;
1 0.5274 -0.1608 -0.3522 21.011066 105.7157884 20190810025901 ;
1 -0.1549 -0.6935 1.1588 21.011066 105.7157884 20190810025901 ;
1 0.1619 -0.2651 0.0735 21.011066 105.7157884 20190810025901 ;
1 -0.1483 -0.2988 -0.5641 21.011066 105.7157884 20190810025901 ;
1 0.6451 -0.1521 0.3503 21.011066 105.7157884 20190810025901 ;
1 -0.2558 -0.2767 0.3142 21.011066 105.7157884 20190810025901 ;
1 -0.3789 -0.6345 0.3374 21.011066 105.7157884 20190810025901 ;
1 0.1155 -0.2681 0.3398 21.011066 105.7157884 20190810025901 ;
1 0.1167 -0.1400 -0.0960 21.011066 105.7157884 20190810025901 ;
1 -0.3744 -0.3225 0.2326 21.011066 105.7157884 20190810025901 ;
1 -0.1254 -0.5132 0.0096 21.011066 105.7157884 20190810025901 ;
1 0.2572 -0.3213 -0.7392 21.011066 105.7157884 20190810025901 ;
1 -0.4986 -0.2083 -0.7698 21.011066 105.7157884 20190810025901 ;
1 0.1407 -0.3306 0.0507 21.011066 105.7157884 20190810025901 ;
1 -0.2627 -0.5477 0.2785 21.011066 105.7157884 20190810025901 ;
1 -0.1596 -0.3264 0.1896 21.011066 105.7157884 20190810025901 ;
1 0.0488 -0.2825 0.2517 21.011066 105.7157884 20190810025902 ;
1 -0.2944 -0.7200 1.0010 21.011066 105.7157884 20190810025902 ;
1 0.1009 -0.2871 0.2226 21.011066 105.7157884 20190810025902 ;
1 0.0646 -0.3211 -0.3903 21.011066 105.7157884 20190810025902 ;
1 -0.2588 -0.9089 0.4406 21.011066 105.7157884 20190810025902 ;
1 -0.0803 -0.3471 0.7429 21.011066 105.7157884 20190810025902 ;
1 0.0343 -0.4346 0.6544 21.011066 105.7157884 20190810025902 ;
1 -0.1805 -0.3587 1.3256 21.011066 105.7157884 20190810025902 ;
1 -0.0856 -0.3684 1.6523 21.011066 105.7157884 20190810025902 ;
1 0.3676 -0.5461 0.4927 21.011066 105.7157884 20190810025902 ;
1 -0.6251 -0.1625 -0.5934 21.011066 105.7157884 20190810025902 ;
1 0.7984 -0.4523 0.3267 21.011066 105.7157884 20190810025902 ;
1 -0.5303 -0.2077 0.3003 21.011066 105.7157884 20190810025902 ;
1 0.5946 -0.1668 0.0202 21.011066 105.7157884 20190810025902 ;
1 -0.2934 -0.6587 -0.2098 21.011066 105.7157884 20190810025902 ;
1 -0.1480 0.0251 -0.2265 21.011066 105.7157884 20190810025902 ;
1 0.1614 -0.1503 -0.7436 21.011066 105.7157884 20190810025902 ;
1 -0.2032 -0.5173 -0.4755 21.011066 105.7157884 20190810025902 ;
1 -0.1472 -0.4438 -0.4851 21.011066 105.7157884 20190810025902 ;
1 0.1135 -0.3450 -0.8992 21.011066 105.7157884 20190810025902 ;
1 -0.2420 0.0426 -1.1682 21.011066 105.7157884 20190810025902 ;
1 -0.5928 -0.5715 -0.6405 21.011066 105.7157884 20190810025902 ;
1 -0.3651 -0.5469 -0.4345 21.011066 105.7157884 20190810025902 ;
1 0.0412 -0.1107 -1.1697 21.011066 105.7157884 20190810025902 ;
1 -0.7573 -0.4747 -0.7987 21.011066 105.7157884 20190810025902 ;
1 -0.1908 -0.4402 0.2528 21.011066 105.7157884 20190810025902 ;
1 0.3153 -0.2043 -0.3593 21.011066 105.7157884 20190810025902 ;
1 -0.5316 -0.4058 -0.8390 21.011066 105.7157884 20190810025902 ;
1 -0.2193 -0.4350 -0.0406 21.011066 105.7157884 20190810025902 ;
1 -0.2429 -0.4354 -0.3398 21.011066 105.7157884 20190810025902 ;
1 0.2272 -0.2108 -0.1682 21.011066 105.7157884 20190810025902 ;
1 -0.1969 -0.4496 0.7497 21.011066 105.7157884 20190810025902 ;
1 0.3612 -0.3289 0.7896 21.0110456 105.7155909 20190810025902 ;
1 0.2212 -0.5160 1.0090 21.0110456 105.7155909 20190810025902 ;
1 0.2426 -0.1334 0.6792 21.0110456 105.7155909 20190810025902 ;
1 0.0087 -0.2934 0.3627 21.0110456 105.7155909 20190810025902 ;
1 0.3703 -0.3742 1.1556 21.0110456 105.7155909 20190810025902 ;
1 0.1374 -0.3227 1.2695 21.0110456 105.7155909 20190810025902 ;
1 0.2810 -0.1673 0.8596 21.0110456 105.7155909 20190810025902 ;
1 0.0101 -0.1293 0.5988 21.0110456 105.7155909 20190810025902 ;
1 0.1650 -0.2341 0.9211 21.0110456 105.7155909 20190810025902 ;
1 -0.1198 -0.1785 0.4708 21.0110456 105.7155909 20190810025902 ;
1 0.0124 -0.3315 0.2497 21.0110456 105.7155909 20190810025902 ;
1 -0.3930 -0.3127 0.1852 21.0110456 105.7155909 20190810025902 ;
1 -0.0828 -0.1436 -0.0748 21.0110456 105.7155909 20190810025902 ;
1 -0.1702 -0.2754 -0.2925 21.0110456 105.7155909 20190810025903 ;
1 -0.1393 -0.2569 -0.3410 21.0110456 105.7155909 20190810025903 ;
1 -0.1121 -0.3876 -0.2113 21.0110456 105.7155909 20190810025903 ;
1 -0.4783 -0.3255 -0.3418 21.0110456 105.7155909 20190810025903 ;
1 0.1671 -0.0057 -0.4033 21.0110456 105.7155909 20190810025903 ;
1 -0.3593 -0.3385 -0.3154 21.0110456 105.7155909 20190810025903 ;
1 0.0165 -0.2209 -0.0122 21.0110456 105.7155909 20190810025903 ;
1 -0.2358 -0.3449 -0.3409 21.0110456 105.7155909 20190810025903 ;
1 -0.1486 -0.2548 -0.4932 21.0110456 105.7155909 20190810025903 ;
1 -0.4294 -0.1902 -0.3287 21.0110456 105.7155909 20190810025903 ;
1 -0.1287 -0.2829 -0.2816 21.0110456 105.7155909 20190810025903 ;
1 -0.2000 -0.3510 -0.1687 21.0110456 105.7155909 20190810025903 ;
1 -0.0396 -0.2114 -0.3428 21.0110456 105.7155909 20190810025903 ;
1 -0.2135 -0.1859 -0.3403 21.0110456 105.7155909 20190810025903 ;
1 -0.1248 -0.2982 0.0468 21.0110456 105.7155909 20190810025903 ;
1 -0.1255 -0.2553 0.2328 21.0110456 105.7155909 20190810025903 ;
1 0.0284 -0.2852 0.0655 21.0110456 105.7155909 20190810025903 ;
1 -0.3260 -0.2821 -0.1693 21.0110456 105.7155909 20190810025903 ;
1 0.0172 -0.2974 -0.0356 21.0110456 105.7155909 20190810025903 ;
1 -0.1432 -0.3750 0.1616 21.0110456 105.7155909 20190810025903 ;
1 -0.0462 -0.2025 0.2734 21.0110456 105.7155909 20190810025903 ;
1 0.0104 -0.2702 0.5230 21.0110456 105.7155909 20190810025903 ;
1 -0.2374 -0.3773 0.6568 21.0110456 105.7155909 20190810025903 ;
1 0.0316 -0.2067 0.2822 21.0110456 105.7155909 20190810025903 ;
1 -0.2085 -0.2792 0.2274 21.0110456 105.7155909 20190810025903 ;
1 0.0019 -0.2778 0.5014 21.0110456 105.7155909 20190810025903 ;
1 -0.1322 -0.3451 0.2744 21.0110456 105.7155909 20190810025903 ;
1 0.0891 -0.2125 0.2282 21.0110456 105.7155909 20190810025903 ;
1 -0.2261 -0.2207 0.1822 21.0110456 105.7155909 20190810025903 ;
1 -0.1500 -0.1212 0.0109 21.0110456 105.7155909 20190810025903 ;
1 0.0096 -0.2653 0.0621 21.0110456 105.7155909 20190810025903 ;
1 -0.0960 -0.1594 -0.1692 21.0110456 105.7155909 20190810025903 ;
1 -0.1658 -0.1755 -0.2814 21.0110456 105.7155909 20190810025903 ;
1 -0.1643 -0.2598 -0.1475 21.0110456 105.7155909 20190810025903 ;
1 0.0102 -0.0734 -0.6141 21.0110456 105.7155909 20190810025903 ;
1 -0.3832 -0.2261 -0.6704 21.0110222 105.7153971 20190810025903 ;
1 0.0044 -0.2079 -0.4333 21.0110222 105.7153971 20190810025903 ;
1 -0.2122 -0.3290 -0.4752 21.0110222 105.7153971 20190810025903 ;
1 -0.1347 -0.1083 -0.3610 21.0110222 105.7153971 20190810025903 ;
1 -0.2351 -0.2086 -0.4186 21.0110222 105.7153971 20190810025903 ;
1 -0.3109 -0.2868 -0.6278 21.0110222 105.7153971 20190810025903 ;
1 -0.0343 -0.1276 -0.5683 21.0110222 105.7153971 20190810025903 ;
1 -0.4731 -0.3080 -0.5262 21.0110222 105.7153971 20190810025903 ;
1 -0.0917 -0.2026 -0.2376 21.0110222 105.7153971 20190810025903 ;
1 -0.1236 -0.2175 0.0157 21.0110222 105.7153971 20190810025903 ;
1 -0.0638 -0.1390 -0.0742 21.0110222 105.7153971 20190810025903 ;
1 -0.2879 -0.1423 -0.2327 21.0110222 105.7153971 20190810025903 ;
1 -0.0922 -0.2852 -0.2635 21.0110222 105.7153971 20190810025903 ;
1 -0.0988 -0.2640 -0.1614 21.0110222 105.7153971 20190810025903 ;
1 -0.1017 -0.2155 0.0892 21.0110222 105.7153971 20190810025903 ;
1 -0.2584 -0.2067 0.0964 21.0110222 105.7153971 20190810025903 ;
1 0.1333 -0.2522 0.1025 21.0110222 105.7153971 20190810025903 ;
1 -0.1831 -0.3610 0.2266 21.0110222 105.7153971 20190810025904 ;
1 -0.1457 -0.3580 0.5369 21.0110222 105.7153971 20190810025904 ;
1 0.1607 0.0068 -0.1213 21.0110222 105.7153971 20190810025904 ;
1 -0.3241 -0.2623 0.2762 21.0110222 105.7153971 20190810025904 ;
1 0.0844 -0.2915 0.7501 21.0110222 105.7153971 20190810025904 ;
1 -0.0902 -0.1728 0.2550 21.0110222 105.7153971 20190810025904 ;
1 -0.0287 -0.1752 0.2685 21.0110222 105.7153971 20190810025904 ;
1 -0.0978 -0.0606 0.3802 21.0110222 105.7153971 20190810025904 ;
1 -0.3858 -0.2934 0.3127 21.0110222 105.7153971 20190810025904 ;
1 0.1847 -0.1761 0.1200 21.0110222 105.7153971 20190810025904 ;
1 -0.2156 -0.2274 -0.2514 21.0110222 105.7153971 20190810025904 ;
1 -0.0315 -0.1594 -0.2812 21.0110222 105.7153971 20190810025904 ;
1 -0.2879 -0.1315 -0.0362 21.0110222 105.7153971 20190810025904 ;
1 0.1296 -0.3110 0.0711 21.0110222 105.7153971 20190810025904 ;
1 0.0423 -0.2134 -0.0439 21.0110222 105.7153971 20190810025904 ;
1 -0.2938 -0.1293 -0.3123 21.0110222 105.7153971 20190810025904 ;
1 0.0933 -0.3191 0.1797 21.0110222 105.7153971 20190810025904 ;
1 0.1237 -0.1646 0.3008 21.0110222 105.7153971 20190810025904 ;
1 0.0994 -0.1452 -0.0279 21.0110222 105.7153971 20190810025904 ;
1 -0.0496 -0.2655 0.2311 21.0110222 105.7153971 20190810025904 ;
1 -0.0135 -0.2699 0.3143 21.0110222 105.7153971 20190810025904 ;
1 0.1871 -0.1440 0.2992 21.0110222 105.7153971 20190810025904 ;
1 -0.0262 -0.1349 0.0742 21.0110222 105.7153971 20190810025904 ;
1 -0.1471 -0.2751 0.3798 21.0110222 105.7153971 20190810025904 ;
1 0.2314 -0.0632 0.4108 21.0110222 105.7153971 20190810025904 ;
1 -0.2146 -0.2493 0.2861 21.0110222 105.7153971 20190810025904 ;
1 0.1467 -0.1004 0.2851 21.0110222 105.7153971 20190810025904 ;
1 0.0164 -0.0468 -0.0391 21.0110222 105.7153971 20190810025904 ;
1 -0.2260 -0.1752 -0.4440 21.0110222 105.7153971 20190810025904 ;
1 0.1960 -0.2867 -0.0301 21.0110222 105.7153971 20190810025904 ;
1 -0.3148 -0.2855 -0.2886 21.0110222 105.7153971 20190810025904 ;
1 -0.3567 -0.1997 -0.3875 21.0110011 105.7152037 20190810025904 ;
1 0.2383 -0.0693 -0.5302 21.0110011 105.7152037 20190810025904 ;
1 -0.1823 -0.3588 -0.2937 21.0110011 105.7152037 20190810025904 ;
1 0.2229 -0.2592 -0.4032 21.0110011 105.7152037 20190810025904 ;
1 0.0224 -0.1063 -0.7748 21.0110011 105.7152037 20190810025904 ;
1 -0.0685 -0.1477 -0.6324 21.0110011 105.7152037 20190810025904 ;
1 0.0072 -0.2660 0.0255 21.0110011 105.7152037 20190810025904 ;
1 0.5711 -0.6572 0.8781 21.0110011 105.7152037 20190810025904 ;
1 0.0953 0.1568 -0.5183 21.0110011 105.7152037 20190810025904 ;
1 0.1742 -0.4241 0.3626 21.0110011 105.7152037 20190810025904 ;
1 -0.0128 -0.5897 1.0658 21.0110011 105.7152037 20190810025904 ;
1 0.3422 0.2378 -1.1806 21.0110011 105.7152037 20190810025904 ;
1 0.4499 -0.1202 -1.0752 21.0110011 105.7152037 20190810025904 ;
1 -0.3104 -0.7159 1.2652 21.0110011 105.7152037 20190810025904 ;
1 0.1240 0.1234 0.4504 21.0110011 105.7152037 20190810025904 ;
1 0.8875 0.5199 -1.0667 21.0110011 105.7152037 20190810025904 ;
1 -0.0897 -0.8682 1.4571 21.0110011 105.7152037 20190810025904 ;
1 -0.6878 -0.1887 0.0356 21.0110011 105.7152037 20190810025904 ;
1 0.8944 0.0359 -1.8848 21.0110011 105.7152037 20190810025904 ;
1 0.1322 -0.4431 -1.2968 21.0110011 105.7152037 20190810025904 ;
1 -0.7349 -0.2538 -0.0512 21.0110011 105.7152037 20190810025905 ;
1 0.4985 -0.6051 -0.9008 21.0110011 105.7152037 20190810025905 ;
1 0.4044 -0.2436 -1.4229 21.0110011 105.7152037 20190810025905 ;
1 -0.1445 -0.1720 0.1124 21.0110011 105.7152037 20190810025905 ;
1 -0.0394 -0.4518 -0.0480 21.0110011 105.7152037 20190810025905 ;
1 0.0474 -0.4764 -0.0611 21.0110011 105.7152037 20190810025905 ;
1 0.8355 -0.1856 0.7163 21.0110011 105.7152037 20190810025905 ;
1 -0.5283 -0.2447 0.4563 21.0110011 105.7152037 20190810025905 ;
1 0.3763 -0.1882 0.3314 21.0110011 105.7152037 20190810025905 ;
1 0.1280 -0.5094 0.8097 21.0110011 105.7152037 20190810025905 ;
1 0.1026 -0.1091 1.1095 21.0110011 105.7152037 20190810025905 ;
1 -0.1620 -0.1036 0.2792 21.0110011 105.7152037 20190810025905 ;
1 0.0309 -0.4250 0.9241 21.0110011 105.7152037 20190810025905 ;
1 0.2982 -0.2638 1.3056 21.0110011 105.7152037 20190810025905 ;
1 -0.2994 -0.1360 -0.1172 21.0110011 105.7152037 20190810025905 ;
1 0.3072 -0.1478 -0.2143 21.0110011 105.7152037 20190810025905 ;
1 0.2908 -0.2820 0.0975 21.0110011 105.7152037 20190810025905 ;
1 -0.2526 -0.3520 0.1460 21.0110011 105.7152037 20190810025905 ;
1 0.1879 -0.2176 0.0009 21.0110011 105.7152037 20190810025905 ;
1 -0.0605 -0.1301 -0.2028 21.0110011 105.7152037 20190810025905 ;
1 -0.1146 -0.2752 -0.0483 21.0110011 105.7152037 20190810025905 ;
1 0.0501 -0.2671 -0.1761 21.0110011 105.7152037 20190810025905 ;
1 0.5890 -0.1678 -0.6798 21.0110011 105.7152037 20190810025905 ;
1 -0.1841 -0.3216 -0.0924 21.0110011 105.7152037 20190810025905 ;
1 0.1022 -0.2757 0.1311 21.0110011 105.7152037 20190810025905 ;
1 0.1043 -0.1452 -0.3793 21.0110011 105.7152037 20190810025905 ;
1 -0.0331 -0.1591 -0.2551 21.0110011 105.7152037 20190810025905 ;
1 0.1843 -0.2993 0.2213 21.0110011 105.7152037 20190810025905 ;
1 0.2854 -0.2786 0.3630 21.0110011 105.7152037 20190810025905 ;
1 0.2681 -0.1466 -0.0055 21.0110011 105.7152037 20190810025905 ;
1 -0.0407 -0.0908 -0.0715 21.0110011 105.7152037 20190810025905 ;
1 -0.2614 -0.2569 -0.1188 21.010978 105.7150109 20190810025905 ;
1 0.1020 -0.4286 0.2060 21.010978 105.7150109 20190810025905 ;
1 0.0789 -0.1055 -0.4089 21.010978 105.7150109 20190810025905 ;
1 -0.2214 -0.0500 -0.6906 21.010978 105.7150109 20190810025905 ;
1 0.1233 -0.3171 0.0882 21.010978 105.7150109 20190810025905 ;
1 0.3645 -0.1276 -0.0655 21.010978 105.7150109 20190810025905 ;
1 -0.5146 -0.2603 -0.5622 21.010978 105.7150109 20190810025905 ;
1 0.0396 -0.2085 -0.3002 21.010978 105.7150109 20190810025905 ;
1 -0.0946 -0.1945 -0.1188 21.010978 105.7150109 20190810025905 ;
1 0.0039 -0.1367 -0.1615 21.010978 105.7150109 20190810025905 ;
1 0.0744 -0.1394 -0.3240 21.010978 105.7150109 20190810025905 ;
1 -0.0977 -0.3103 0.3474 21.010978 105.7150109 20190810025905 ;
1 0.2992 -0.0381 0.3474 21.010978 105.7150109 20190810025905 ;
1 -0.2510 -0.1765 0.0121 21.010978 105.7150109 20190810025905 ;
1 0.0304 -0.1901 0.3581 21.010978 105.7150109 20190810025905 ;
1 0.4482 -0.0283 0.0989 21.010978 105.7150109 20190810025905 ;
1 0.1977 -0.0887 0.2695 21.010978 105.7150109 20190810025905 ;
1 -0.0304 -0.3079 0.7398 21.010978 105.7150109 20190810025905 ;
1 0.1754 -0.0657 0.4464 21.010978 105.7150109 20190810025905 ;
1 0.1104 -0.0123 0.0667 21.010978 105.7150109 20190810025906 ;
1 0.1590 -0.2647 0.7755 21.010978 105.7150109 20190810025906 ;
1 -0.1895 -0.1655 0.5471 21.010978 105.7150109 20190810025906 ;
1 0.3462 -0.0463 0.0882 21.010978 105.7150109 20190810025906 ;
1 0.0753 -0.0473 0.1351 21.010978 105.7150109 20190810025906 ;
1 -0.1686 -0.1978 0.6352 21.010978 105.7150109 20190810025906 ;
1 -0.0780 -0.1217 0.1434 21.010978 105.7150109 20190810025906 ;
1 0.2644 0.0528 -0.4296 21.010978 105.7150109 20190810025906 ;
1 -0.0220 -0.1258 0.1976 21.010978 105.7150109 20190810025906 ;
1 -0.1720 -0.0421 0.1254 21.010978 105.7150109 20190810025906 ;
1 0.0178 -0.0987 -0.3866 21.010978 105.7150109 20190810025906 ;
1 -0.0036 -0.1429 -0.2378 21.010978 105.7150109 20190810025906 ;
1 -0.0306 -0.0294 -0.1015 21.010978 105.7150109 20190810025906 ;
1 -0.0854 -0.3144 -0.1099 21.010978 105.7150109 20190810025906 ;
1 0.0228 -0.0697 -0.2647 21.010978 105.7150109 20190810025906 ;
1 0.1671 -0.0271 -0.4847 21.010978 105.7150109 20190810025906 ;
1 -0.0421 -0.1756 -0.0819 21.010978 105.7150109 20190810025906 ;
1 0.0705 -0.1920 0.3268 21.010978 105.7150109 20190810025906 ;
1 0.0191 -0.2521 0.4077 21.010978 105.7150109 20190810025906 ;
1 0.2180 0.0006 0.2236 21.010978 105.7150109 20190810025906 ;
1 -0.3479 -0.1510 0.2358 21.010978 105.7150109 20190810025906 ;
1 0.1594 -0.2021 0.4331 21.010978 105.7150109 20190810025906 ;
1 0.2544 -0.1203 0.3839 21.010978 105.7150109 20190810025906 ;
1 -0.1388 -0.1948 0.5120 21.010978 105.7150109 20190810025906 ;
1 -0.0359 -0.0217 0.4981 21.010978 105.7150109 20190810025906 ;
1 0.0489 -0.1934 0.4194 21.010978 105.7150109 20190810025906 ;
1 -0.0499 -0.2745 0.9853 21.010978 105.7150109 20190810025906 ;
1 0.1121 0.0999 0.2664 21.010978 105.7150109 20190810025906 ;
1 -0.1625 -0.2056 0.0806 21.010978 105.7150109 20190810025906 ;
1 0.0576 -0.0964 0.2176 21.010978 105.7150109 20190810025906 ;
1 0.0753 -0.1394 0.3138 21.010978 105.7150109 20190810025906 ;
1 -0.4520 -0.2140 0.1601 21.0109523 105.714829 20190810025906 ;
1 0.1417 0.0044 0.0451 21.0109523 105.714829 20190810025906 ;
1 -0.0825 -0.1264 -0.0168 21.0109523 105.714829 20190810025906 ;
1 0.5255 -0.1627 0.5635 21.0109523 105.714829 20190810025906 ;
1 0.0020 0.0464 -0.3948 21.0109523 105.714829 20190810025906 ;
1 0.1698 0.0186 -0.9823 21.0109523 105.714829 20190810025906 ;
1 -0.0054 -0.2359 0.1392 21.0109523 105.714829 20190810025906 ;
1 -0.0178 -0.1498 0.2321 21.0109523 105.714829 20190810025906 ;
1 0.0885 0.0509 -0.5084 21.0109523 105.714829 20190810025906 ;
1 0.1569 0.0120 -0.4305 21.0109523 105.714829 20190810025906 ;
1 0.2952 -0.1877 0.3650 21.0109523 105.714829 20190810025906 ;
1 0.0116 -0.2822 -0.1793 21.0109523 105.714829 20190810025906 ;
1 0.4518 0.1641 -0.8191 21.0109523 105.714829 20190810025906 ;
1 0.0563 -0.2193 -0.7241 21.0109523 105.714829 20190810025906 ;
1 -0.0020 -0.1238 -0.1553 21.0109523 105.714829 20190810025906 ;
1 0.0602 -0.1428 -0.1923 21.0109523 105.714829 20190810025906 ;
1 0.2005 -0.0964 0.0157 21.0109523 105.714829 20190810025906 ;
1 -0.0079 0.0150 0.0756 21.0109523 105.714829 20190810025907 ;
1 0.1795 -0.2227 -0.0952 21.0109523 105.714829 20190810025907 ;
1 -0.1205 -0.1200 -0.1938 21.0109523 105.714829 20190810025907 ;
1 0.1781 -0.1965 -0.0296 21.0109523 105.714829 20190810025907 ;
1 -0.0907 -0.3590 0.2523 21.0109523 105.714829 20190810025907 ;
1 -0.0240 -0.0439 -0.0470 21.0109523 105.714829 20190810025907 ;
1 0.3698 -0.2274 -0.1001 21.0109523 105.714829 20190810025907 ;
1 -0.2040 -0.2435 0.2641 21.0109523 105.714829 20190810025907 ;
1 0.0846 -0.2583 0.3206 21.0109523 105.714829 20190810025907 ;
1 0.0671 -0.3228 0.3366 21.0109523 105.714829 20190810025907 ;
1 -0.0931 -0.1036 0.3948 21.0109523 105.714829 20190810025907 ;
1 0.1516 -0.2363 0.3812 21.0109523 105.714829 20190810025907 ;
1 0.1954 -0.2395 -0.0954 21.0109523 105.714829 20190810025907 ;
1 0.0140 -0.2490 0.0705 21.0109523 105.714829 20190810025907 ;
1 0.0742 -0.2598 0.4065 21.0109523 105.714829 20190810025907 ;
1 0.0401 -0.0734 0.3030 21.0109523 105.714829 20190810025907 ;
1 -0.1449 -0.2218 0.2132 21.0109523 105.714829 20190810025907 ;
1 0.1509 -0.2210 0.4248 21.0109523 105.714829 20190810025907 ;
1 -0.1628 -0.1861 0.0421 21.0109523 105.714829 20190810025907 ;
1 0.1177 -0.1044 -0.3209 21.0109523 105.714829 20190810025907 ;
1 -0.2601 -0.1051 -0.4036 21.0109523 105.714829 20190810025907 ;
1 -0.1275 -0.3757 0.3121 21.0109523 105.714829 20190810025907 ;
1 -0.0367 -0.1653 0.0135 21.0109523 105.714829 20190810025907 ;
1 -0.2448 -0.1010 -0.7431 21.0109523 105.714829 20190810025907 ;
1 -0.0893 -0.2630 -0.3038 21.0109523 105.714829 20190810025907 ;
1 0.0052 -0.2520 -0.0056 21.0109523 105.714829 20190810025907 ;
1 0.1073 -0.1548 -0.3316 21.0109523 105.714829 20190810025907 ;
1 -0.1559 -0.1257 -0.5437 21.0109523 105.714829 20190810025907 ;
1 -0.1375 -0.3270 0.0198 21.0109523 105.714829 20190810025907 ;
1 -0.0341 -0.2061 0.0325 21.0109523 105.714829 20190810025907 ;
1 0.0278 -0.1131 -0.0632 21.0109523 105.714829 20190810025907 ;
1 -0.0609 -0.1846 0.0204 21.0109523 105.714829 20190810025907 ;
1 0.0779 -0.2271 0.2227 21.0109523 105.714829 20190810025907 ;
1 0.3293 -0.0752 -0.0580 21.0109283 105.714644 20190810025907 ;
1 0.1134 -0.1468 -0.2495 21.0109283 105.714644 20190810025907 ;
1 -0.0359 -0.3347 0.4221 21.0109283 105.714644 20190810025907 ;
1 0.5035 0.0089 -0.1197 21.0109283 105.714644 20190810025907 ;
1 -0.0740 -0.0727 -0.3235 21.0109283 105.714644 20190810025907 ;
1 0.0076 -0.3281 0.4768 21.0109283 105.714644 20190810025907 ;
1 -0.1739 -0.3108 0.4245 21.0109283 105.714644 20190810025907 ;
1 0.2787 -0.1574 0.0995 21.0109283 105.714644 20190810025907 ;
1 0.2652 -0.5018 0.6832 21.0109283 105.714644 20190810025907 ;
1 0.2607 -0.5345 1.5803 21.0109283 105.714644 20190810025907 ;
1 0.4281 -0.2179 0.9087 21.0109283 105.714644 20190810025907 ;
1 0.0243 -0.5615 0.9526 21.0109283 105.714644 20190810025907 ;
1 -0.0037 -0.6718 2.0875 21.0109283 105.714644 20190810025907 ;
1 0.0324 -0.0114 1.5114 21.0109283 105.714644 20190810025907 ;
1 0.0763 -0.1334 1.5051 21.0109283 105.714644 20190810025907 ;
1 0.1491 -0.2960 2.8664 21.0109283 105.714644 20190810025907 ;
1 0.2929 0.0443 2.4228 21.0109283 105.714644 20190810025907 ;
1 -0.0675 0.0014 1.6554 21.0109283 105.714644 20190810025908 ;
1 -0.0223 0.1029 1.5742 21.0109283 105.714644 20190810025908 ;
1 -0.1778 0.0130 1.8736 21.0109283 105.714644 20190810025908 ;
1 0.1675 0.1579 1.1187 21.0109283 105.714644 20190810025908 ;
1 -0.0963 0.5329 0.2326 21.0109283 105.714644 20190810025908 ;
1 -0.1937 0.7305 -2.0708 21.0109283 105.714644 20190810025908 ;
1 -0.0743 -1.4581 2.0180 21.0109283 105.714644 20190810025908 ;
1 0.0740 1.6372 -2.6142 21.0109283 105.714644 20190810025908 ;
1 0.1111 0.6418 -3.2377 21.0109283 105.714644 20190810025908 ;
1 -0.6793 -0.7026 -0.8183 21.0109283 105.714644 20190810025908 ;
1 0.3746 0.3914 -1.2250 21.0109283 105.714644 20190810025908 ;
1 -0.0693 0.8374 -3.3103 21.0109283 105.714644 20190810025908 ;
1 -0.2424 0.5376 -4.0564 21.0109283 105.714644 20190810025908 ;
1 0.3892 -0.5290 -0.1555 21.0109283 105.714644 20190810025908 ;
1 -0.9259 0.1616 -3.5958 21.0109283 105.714644 20190810025908 ;
1 1.0314 0.5652 -4.5962 21.0109283 105.714644 20190810025908 ;
1 -0.3763 -0.0828 -2.6857 21.0109283 105.714644 20190810025908 ;
1 -0.5690 0.3395 -1.8590 21.0109283 105.714644 20190810025908 ;
1 0.7885 -0.0093 -3.0843 21.0109283 105.714644 20190810025908 ;
1 -0.3379 0.3275 -2.2582 21.0109283 105.714644 20190810025908 ;
1 -0.0428 0.0836 -1.0420 21.0109283 105.714644 20190810025908 ;
1 0.3624 0.0718 -1.4371 21.0109283 105.714644 20190810025908 ;
1 -0.4437 0.3291 -1.0181 21.0109283 105.714644 20190810025908 ;
1 0.2461 0.0673 -0.4065 21.0109283 105.714644 20190810025908 ;
1 0.1559 0.0996 -0.1769 21.0109283 105.714644 20190810025908 ;
1 -0.2707 0.2219 -0.0111 21.0109283 105.714644 20190810025908 ;
1 0.2498 0.3193 0.1307 21.0109283 105.714644 20190810025908 ;
1 0.1496 0.0197 0.8696 21.0109283 105.714644 20190810025908 ;
1 -0.2147 0.1038 0.8863 21.0109283 105.714644 20190810025908 ;
1 0.3199 0.3755 0.5943 21.0109283 105.714644 20190810025908 ;
1 0.0668 0.2225 1.0527 21.0109283 105.714644 20190810025908 ;
1 -0.0533 0.6806 -0.1543 21.0109283 105.714644 20190810025908 ;
1 -0.2877 0.4821 -2.1054 21.010906 105.714469 20190810025908 ;
1 1.0434 -2.0052 4.8814 21.010906 105.714469 20190810025908 ;
1 -1.5115 1.7068 1.0701 21.010906 105.714469 20190810025908 ;
1 1.3215 2.7144 -4.0887 21.010906 105.714469 20190810025908 ;
1 0.2032 -2.1386 -0.2469 21.010906 105.714469 20190810025908 ;
1 -1.2764 -0.6041 3.2112 21.010906 105.714469 20190810025908 ;
1 0.2158 2.8208 -3.5733 21.010906 105.714469 20190810025908 ;
1 1.4325 0.6269 -6.7600 21.010906 105.714469 20190810025908 ;
1 -1.0705 -1.0524 0.1573 21.010906 105.714469 20190810025908 ;
1 -1.3412 0.1721 3.1587 21.010906 105.714469 20190810025908 ;
1 1.3553 2.4878 -5.4590 21.010906 105.714469 20190810025908 ;
1 0.3585 -0.5019 -5.1753 21.010906 105.714469 20190810025908 ;
1 -0.9943 0.3913 -0.8982 21.010906 105.714469 20190810025908 ;
1 -0.7002 0.7776 -1.7112 21.010906 105.714469 20190810025908 ;
1 0.3281 -0.0074 -3.6444 21.010906 105.714469 20190810025908 ;
1 0.2958 0.8729 -3.3037 21.010906 105.714469 20190810025908 ;
1 -0.7625 1.3130 -5.1597 21.010906 105.714469 20190810025908 ;
1 -0.5472 -0.8578 -1.1632 21.010906 105.714469 20190810025909 ;
1 0.5201 -0.7178 1.9028 21.010906 105.714469 20190810025909 ;
1 -0.6669 1.9874 -1.9278 21.010906 105.714469 20190810025909 ;
1 -0.9174 0.4134 -0.4360 21.010906 105.714469 20190810025909 ;
1 0.6277 -2.2970 4.0425 21.010906 105.714469 20190810025909 ;
1 -0.2810 -0.5111 2.5084 21.010906 105.714469 20190810025909 ;
1 2.1122 2.0797 -4.0499 21.010906 105.714469 20190810025909 ;
1 -1.9899 -1.0042 2.1038 21.010906 105.714469 20190810025909 ;
1 -0.2990 -2.3890 9.5585 21.010906 105.714469 20190810025909 ;
1 0.7064 0.5368 5.3201 21.010906 105.714469 20190810025909 ;
1 1.0621 1.2340 2.4855 21.010906 105.714469 20190810025909 ;
1 -1.2304 -1.3286 6.7524 21.010906 105.714469 20190810025909 ;
1 -0.4858 0.8724 7.2242 21.010906 105.714469 20190810025909 ;
1 1.1964 0.8705 3.4496 21.010906 105.714469 20190810025909 ;
1 0.3098 -1.3115 5.3097 21.010906 105.714469 20190810025909 ;
1 -0.4928 0.8291 5.1820 21.010906 105.714469 20190810025909 ;
1 -0.4425 1.2584 1.7911 21.010906 105.714469 20190810025909 ;
1 0.0175 0.1730 1.0860 21.010906 105.714469 20190810025909 ;
1 -0.1362 -0.4799 -0.1034 21.010906 105.714469 20190810025909 ;
1 -0.9337 -0.5724 -0.5119 21.010906 105.714469 20190810025909 ;
1 -0.1410 0.7522 -1.6135 21.010906 105.714469 20190810025909 ;
1 -0.0525 0.3045 -2.3817 21.010906 105.714469 20190810025909 ;
1 -0.6061 -0.1798 -1.8976 21.010906 105.714469 20190810025909 ;
1 -0.2791 -0.3623 -1.8276 21.010906 105.714469 20190810025909 ;
1 -0.1644 -0.5964 -2.5913 21.010906 105.714469 20190810025909 ;
1 -0.4028 0.2476 -2.7205 21.010906 105.714469 20190810025909 ;
1 -0.0947 0.4626 -2.2629 21.010906 105.714469 20190810025909 ;
1 -0.0728 -0.2911 -2.3197 21.010906 105.714469 20190810025909 ;
1 -0.4341 -0.5092 -2.3904 21.010906 105.714469 20190810025909 ;
1 -0.1965 -0.0560 -2.0226 21.010906 105.714469 20190810025909 ;
1 -0.2835 -0.0962 -1.5062 21.010906 105.714469 20190810025909 ;
1 -0.3420 -0.0002 -1.3626 21.0108767 105.714294 20190810025909 ;
1 -0.2286 -0.0576 -1.4037 21.0108767 105.714294 20190810025909 ;
1 -0.2087 -0.0756 -0.9492 21.0108767 105.714294 20190810025909 ;
1 -0.1504 -0.1849 -0.1646 21.0108767 105.714294 20190810025909 ;
1 -0.4927 -0.1113 -0.1763 21.0108767 105.714294 20190810025909 ;
1 -0.3507 -0.0883 -0.3352 21.0108767 105.714294 20190810025909 ;
1 -0.1162 -0.2137 0.4714 21.0108767 105.714294 20190810025909 ;
1 -0.0584 -0.1346 0.7111 21.0108767 105.714294 20190810025909 ;
1 -0.0847 -0.1793 0.9136 21.0108767 105.714294 20190810025909 ;
1 -0.2101 -0.4264 1.0562 21.0108767 105.714294 20190810025909 ;
1 0.0052 -0.2941 1.2193 21.0108767 105.714294 20190810025909 ;
1 -0.1805 -0.1038 1.4319 21.0108767 105.714294 20190810025909 ;
1 -0.1536 -0.1220 1.1295 21.0108767 105.714294 20190810025909 ;
1 0.2387 -0.4208 1.8572 21.0108767 105.714294 20190810025909 ;
1 0.2530 -0.2506 1.6934 21.0108767 105.714294 20190810025909 ;
1 0.1478 0.1303 1.1510 21.0108767 105.714294 20190810025909 ;
1 0.0248 -0.1276 0.9807 21.0108767 105.714294 20190810025909 ;
