1 -0.1122 0.0999 0.0481 20.9895015 105.5662447 20190810031045 
1 0.0587 0.0307 0.2712 20.9895015 105.5662447 20190810031045 
1 -0.0072 0.0745 0.3121 20.9895015 105.5662447 20190810031045 
1 0.3809 0.0565 0.1550 20.9895015 105.5662447 20190810031045 
1 -0.3199 -0.0579 0.3647 20.9895015 105.5662447 20190810031045 
1 0.5514 0.3013 0.2375 20.9895015 105.5662447 20190810031045 
1 -0.2549 -0.0855 0.1158 20.9895015 105.5662447 20190810031045 
1 0.3211 0.1060 0.3959 20.9895015 105.5662447 20190810031045 
1 -0.1993 0.1506 0.0828 20.9895015 105.5662447 20190810031045 
1 0.2475 0.1476 0.2190 20.9895015 105.5662447 20190810031045 
1 -0.1898 0.0005 -0.0771 20.9895015 105.5662447 20190810031045 
1 0.4136 0.1270 -0.0356 20.9895141 105.5660133 20190810031045 
1 -0.2590 0.1072 -0.2559 20.9895141 105.5660133 20190810031045 
1 0.2655 0.0980 -0.4009 20.9895141 105.5660133 20190810031045 
1 -0.0594 0.0289 -0.5112 20.9895141 105.5660133 20190810031045 
1 -0.0247 0.0698 -0.2218 20.9895141 105.5660133 20190810031045 
1 -0.0692 0.0333 -0.6753 20.9895141 105.5660133 20190810031045 
1 0.1489 0.1548 -0.3089 20.9895141 105.5660133 20190810031045 
1 -0.2268 0.0351 -0.1254 20.9895141 105.5660133 20190810031045 
1 0.2170 0.0772 -0.2502 20.9895141 105.5660133 20190810031046 
1 0.1343 0.1151 -0.2466 20.9895141 105.5660133 20190810031046 
1 -0.4713 0.0212 -0.1509 20.9895141 105.5660133 20190810031046 
1 0.1935 0.1688 -0.3628 20.9895141 105.5660133 20190810031046 
1 0.1641 0.1843 0.0463 20.9895141 105.5660133 20190810031046 
1 -0.1511 0.0620 0.0107 20.9895141 105.5660133 20190810031046 
1 0.2403 0.1302 -0.3380 20.9895141 105.5660133 20190810031046 
1 0.0652 0.1224 -0.1000 20.9895141 105.5660133 20190810031046 
1 -0.2154 0.0909 -0.2385 20.9895141 105.5660133 20190810031046 
1 0.2987 -0.0211 -0.0864 20.9895141 105.5660133 20190810031046 
1 -0.1554 0.1460 0.1717 20.9895141 105.5660133 20190810031046 
1 0.1599 0.1255 -0.0825 20.9895141 105.5660133 20190810031046 
1 -0.1037 -0.1071 0.2528 20.9895141 105.5660133 20190810031046 
1 0.3472 0.1125 0.4641 20.9895141 105.5660133 20190810031046 
1 -0.3817 0.0102 0.1031 20.9895141 105.5660133 20190810031046 
1 0.1109 0.0783 0.7708 20.9895141 105.5660133 20190810031046 
1 -0.0918 -0.0692 0.4492 20.9895141 105.5660133 20190810031046 
1 0.0526 -0.0953 0.6682 20.9895141 105.5660133 20190810031046 
1 -0.1173 0.0986 0.9081 20.9895141 105.5660133 20190810031046 
1 0.0561 0.0953 0.6219 20.9895141 105.5660133 20190810031046 
1 -0.2713 -0.1089 0.7979 20.9895141 105.5660133 20190810031046 
1 0.3169 0.0075 0.5578 20.9895141 105.5660133 20190810031046 
1 -0.2768 0.0309 0.5755 20.9895141 105.5660133 20190810031046 
1 0.0650 0.1759 0.7301 20.9895141 105.5660133 20190810031046 
1 -0.0412 -0.1272 0.7242 20.9895141 105.5660133 20190810031046 
1 0.1878 0.0315 0.6440 20.9895141 105.5660133 20190810031046 
1 -0.2194 0.0546 0.0572 20.9895141 105.5660133 20190810031046 
1 0.3816 0.1174 0.4120 20.9895141 105.5660133 20190810031046 
1 -0.3385 -0.0870 0.2933 20.9895141 105.5660133 20190810031046 
1 0.3825 0.1123 0.1144 20.9895141 105.5660133 20190810031046 
1 -0.0437 0.0259 0.1464 20.9895141 105.5660133 20190810031046 
1 0.0252 0.1679 0.3299 20.9895141 105.5660133 20190810031046 
1 -0.1202 0.0377 -0.2856 20.9895141 105.5660133 20190810031046 
1 0.2867 -0.0171 -0.1449 20.9895141 105.5660133 20190810031046 
1 -0.0954 0.1540 -0.2114 20.9895141 105.5660133 20190810031046 
1 0.0334 0.0850 -0.5511 20.9895141 105.5660133 20190810031046 
1 0.1649 -0.0465 -0.0438 20.9895141 105.5660133 20190810031046 
1 -0.1386 0.0891 -0.1364 20.9895141 105.5660133 20190810031046 
1 -0.0368 -0.0428 -0.3690 20.9895141 105.5660133 20190810031046 
1 0.0573 -0.0649 0.1414 20.9895263 105.56578 20190810031046 
1 -0.0675 0.1055 -0.2849 20.9895263 105.56578 20190810031046 
1 -0.0389 -0.0037 -0.3023 20.9895263 105.56578 20190810031046 
1 0.0474 0.0232 0.0623 20.9895263 105.56578 20190810031046 
1 -0.4299 0.1756 -0.5018 20.9895263 105.56578 20190810031046 
1 -0.0194 0.0489 -0.0536 20.9895263 105.56578 20190810031046 
1 -0.1111 0.2535 -0.1261 20.9895263 105.56578 20190810031046 
1 -0.1974 0.0594 -0.5281 20.9895263 105.56578 20190810031046 
1 0.0099 0.1189 -0.8235 20.9895263 105.56578 20190810031046 
1 -0.0031 0.2624 -1.4194 20.9895263 105.56578 20190810031046 
1 -0.0575 -0.0997 -1.3884 20.9895263 105.56578 20190810031047 
1 0.1394 0.1470 -1.5614 20.9895263 105.56578 20190810031047 
1 0.1908 0.2261 -1.6682 20.9895263 105.56578 20190810031047 
1 -0.0599 0.0825 -1.2038 20.9895263 105.56578 20190810031047 
1 0.3927 0.2081 -1.4336 20.9895263 105.56578 20190810031047 
1 0.2229 0.1134 -1.3897 20.9895263 105.56578 20190810031047 
1 -0.0255 0.0945 -1.0623 20.9895263 105.56578 20190810031047 
1 0.4777 0.2141 -1.2811 20.9895263 105.56578 20190810031047 
1 0.1819 0.0750 -1.1114 20.9895263 105.56578 20190810031047 
1 0.2017 0.0583 -0.7261 20.9895263 105.56578 20190810031047 
1 0.1471 0.2419 -0.7508 20.9895263 105.56578 20190810031047 
1 0.2308 0.1285 -0.3156 20.9895263 105.56578 20190810031047 
1 -0.0092 0.0937 -0.2043 20.9895263 105.56578 20190810031047 
1 0.0548 0.0786 -0.1494 20.9895263 105.56578 20190810031047 
1 0.0012 0.1737 0.0597 20.9895263 105.56578 20190810031047 
1 -0.1358 0.0277 0.2820 20.9895263 105.56578 20190810031047 
1 0.2174 0.0324 0.4429 20.9895263 105.56578 20190810031047 
1 -0.0419 0.1065 0.3778 20.9895263 105.56578 20190810031047 
1 -0.1558 -0.0005 0.7229 20.9895263 105.56578 20190810031047 
1 0.1452 0.0696 1.0416 20.9895263 105.56578 20190810031047 
1 -0.2767 -0.0225 0.9435 20.9895263 105.56578 20190810031047 
1 -0.0931 -0.0255 1.2954 20.9895263 105.56578 20190810031047 
1 0.1422 0.0386 1.1950 20.9895263 105.56578 20190810031047 
1 -0.0053 0.1149 1.0662 20.9895263 105.56578 20190810031047 
1 -0.1662 -0.0576 1.1138 20.9895263 105.56578 20190810031047 
1 0.2645 0.1020 1.1418 20.9895263 105.56578 20190810031047 
1 -0.3060 0.0380 0.9931 20.9895263 105.56578 20190810031047 
1 0.1608 0.1032 0.7381 20.9895263 105.56578 20190810031047 
1 -0.0680 0.0413 0.6878 20.9895263 105.56578 20190810031047 
1 -0.0279 0.0736 0.4515 20.9895263 105.56578 20190810031047 
1 -0.1154 0.0043 0.2106 20.9895263 105.56578 20190810031047 
1 0.1304 0.1387 0.1521 20.9895263 105.56578 20190810031047 
1 -0.4316 0.0315 0.2001 20.9895263 105.56578 20190810031047 
1 0.1987 0.0604 0.0960 20.9895263 105.56578 20190810031047 
1 -0.2164 0.0272 0.0506 20.9895263 105.56578 20190810031047 
1 0.0349 0.1461 -0.0059 20.9895263 105.56578 20190810031047 
1 -0.1102 0.0991 -0.1712 20.9895263 105.56578 20190810031047 
1 0.4920 0.2179 0.1473 20.9895263 105.56578 20190810031047 
1 -0.3443 -0.0915 0.1688 20.9895263 105.56578 20190810031047 
1 0.4330 0.1724 -0.0419 20.9895263 105.56578 20190810031047 
1 0.1905 0.1694 -0.2179 20.9895263 105.56578 20190810031047 
1 0.1286 0.0176 -0.0656 20.9895263 105.56578 20190810031047 
1 0.3520 0.1087 -0.3266 20.9895437 105.5655458 20190810031047 
1 0.5340 0.0886 -0.0603 20.9895437 105.5655458 20190810031047 
1 -0.1009 0.0961 0.0726 20.9895437 105.5655458 20190810031047 
1 0.3702 0.0316 0.0761 20.9895437 105.5655458 20190810031047 
1 0.2858 0.0756 -0.2048 20.9895437 105.5655458 20190810031047 
1 -0.0165 0.1190 -0.3954 20.9895437 105.5655458 20190810031047 
1 0.1586 0.1127 -0.0862 20.9895437 105.5655458 20190810031047 
1 0.1808 0.0324 -0.0923 20.9895437 105.5655458 20190810031048 
1 -0.2798 -0.0648 -0.1599 20.9895437 105.5655458 20190810031048 
1 0.4599 0.0918 0.0197 20.9895437 105.5655458 20190810031048 
1 -0.1219 0.0213 -0.1859 20.9895437 105.5655458 20190810031048 
1 0.0547 0.0588 0.0662 20.9895437 105.5655458 20190810031048 
1 0.2842 0.0553 -0.1995 20.9895437 105.5655458 20190810031048 
1 0.1062 0.0401 0.0126 20.9895437 105.5655458 20190810031048 
1 -0.0718 0.0378 0.2651 20.9895437 105.5655458 20190810031048 
1 0.3185 0.1332 0.0759 20.9895437 105.5655458 20190810031048 
1 0.2071 -0.0050 0.2541 20.9895437 105.5655458 20190810031048 
1 -0.1620 0.1304 0.2005 20.9895437 105.5655458 20190810031048 
1 0.3509 0.1329 0.1137 20.9895437 105.5655458 20190810031048 
1 0.0071 0.0353 0.1210 20.9895437 105.5655458 20190810031048 
1 0.1393 -0.0828 -0.0295 20.9895437 105.5655458 20190810031048 
1 0.2493 0.1345 -0.0120 20.9895437 105.5655458 20190810031048 
1 0.1358 0.1007 0.3120 20.9895437 105.5655458 20190810031048 
1 -0.0121 -0.0402 -0.0722 20.9895437 105.5655458 20190810031048 
1 0.4175 0.0790 -0.0142 20.9895437 105.5655458 20190810031048 
1 0.0005 -0.0443 0.1197 20.9895437 105.5655458 20190810031048 
1 0.3474 0.2171 0.0745 20.9895437 105.5655458 20190810031048 
1 0.1802 0.0407 0.2632 20.9895437 105.5655458 20190810031048 
1 0.3033 -0.0915 0.3279 20.9895437 105.5655458 20190810031048 
1 0.2569 0.2111 0.0269 20.9895437 105.5655458 20190810031048 
1 0.3937 0.1725 0.0792 20.9895437 105.5655458 20190810031048 
1 0.0407 0.0173 0.0629 20.9895437 105.5655458 20190810031048 
1 0.3182 0.0046 0.0540 20.9895437 105.5655458 20190810031048 
1 0.2687 0.0752 0.0609 20.9895437 105.5655458 20190810031048 
1 0.0307 0.2632 -0.1495 20.9895437 105.5655458 20190810031048 
1 0.2977 0.0482 -0.1998 20.9895437 105.5655458 20190810031048 
1 0.2178 -0.1352 -0.1422 20.9895437 105.5655458 20190810031048 
1 0.0134 0.2425 -0.3229 20.9895437 105.5655458 20190810031048 
1 0.3496 0.0228 -0.3014 20.9895437 105.5655458 20190810031048 
1 -0.1942 0.0412 -0.1757 20.9895437 105.5655458 20190810031048 
1 0.1941 0.0128 -0.1917 20.9895437 105.5655458 20190810031048 
1 0.3301 0.0447 -0.0123 20.9895437 105.5655458 20190810031048 
1 0.0410 0.1778 0.1416 20.9895437 105.5655458 20190810031048 
1 -0.1130 -0.0384 -0.1592 20.9895437 105.5655458 20190810031048 
1 0.5820 0.0745 -0.0621 20.9895437 105.5655458 20190810031048 
1 -0.1837 0.1075 -0.1501 20.9895437 105.5655458 20190810031048 
1 0.1513 0.0470 -0.0522 20.9895437 105.5655458 20190810031048 
1 0.1183 0.1139 0.0367 20.9895437 105.5655458 20190810031048 
1 0.1548 0.0611 0.2864 20.9895437 105.5655458 20190810031048 
1 -0.1755 0.0805 0.0172 20.9895437 105.5655458 20190810031048 
1 0.6611 0.1934 -0.0497 20.9895586 105.5653145 20190810031048 
1 -0.4121 -0.0982 -0.1816 20.9895586 105.5653145 20190810031048 
1 0.1889 0.0764 -0.0657 20.9895586 105.5653145 20190810031048 
1 0.1255 0.1162 -0.2027 20.9895586 105.5653145 20190810031048 
1 -0.1171 0.1579 -0.0870 20.9895586 105.5653145 20190810031048 
1 -0.1920 -0.1594 -0.0272 20.9895586 105.5653145 20190810031048 
1 0.2933 0.0392 -0.0219 20.9895586 105.5653145 20190810031048 
1 -0.1303 0.1376 0.0091 20.9895586 105.5653145 20190810031049 
1 0.0080 0.0921 0.4205 20.9895586 105.5653145 20190810031049 
1 0.1228 0.0619 -0.1422 20.9895586 105.5653145 20190810031049 
1 -0.1709 -0.0520 0.1080 20.9895586 105.5653145 20190810031049 
1 0.0951 0.0660 0.3450 20.9895586 105.5653145 20190810031049 
1 0.1399 0.1390 -0.0526 20.9895586 105.5653145 20190810031049 
1 -0.1823 0.0331 0.1122 20.9895586 105.5653145 20190810031049 
1 0.1934 -0.0362 0.1753 20.9895586 105.5653145 20190810031049 
1 -0.2024 0.0683 -0.1317 20.9895586 105.5653145 20190810031049 
1 -0.0020 -0.0228 0.1385 20.9895586 105.5653145 20190810031049 
1 0.0709 0.1712 -0.0526 20.9895586 105.5653145 20190810031049 
1 -0.0648 -0.0148 0.1675 20.9895586 105.5653145 20190810031049 
1 -0.0542 -0.0533 0.3431 20.9895586 105.5653145 20190810031049 
1 0.1892 0.1447 0.0169 20.9895586 105.5653145 20190810031049 
1 -0.1990 0.0358 -0.0844 20.9895586 105.5653145 20190810031049 
1 -0.1982 0.0626 -0.1077 20.9895586 105.5653145 20190810031049 
1 0.2914 0.0712 -0.2732 20.9895586 105.5653145 20190810031049 
1 -0.2088 0.0638 -0.0959 20.9895586 105.5653145 20190810031049 
1 -0.2299 0.0060 -0.0802 20.9895586 105.5653145 20190810031049 
1 -0.0175 0.1476 -0.2169 20.9895586 105.5653145 20190810031049 
1 -0.0703 0.1619 -0.3486 20.9895586 105.5653145 20190810031049 
1 -0.1641 0.0911 -0.4516 20.9895586 105.5653145 20190810031049 
1 -0.0024 0.0105 -0.2327 20.9895586 105.5653145 20190810031049 
1 -0.1990 0.2085 -0.6401 20.9895586 105.5653145 20190810031049 
1 0.0040 -0.0191 -0.2716 20.9895586 105.5653145 20190810031049 
1 0.0901 0.0836 -0.3393 20.9895586 105.5653145 20190810031049 
1 -0.1885 -0.2516 -0.2389 20.9895586 105.5653145 20190810031049 
1 0.2193 0.0168 0.1867 20.9895586 105.5653145 20190810031049 
1 -0.1851 0.1792 -0.4923 20.9895586 105.5653145 20190810031049 
1 -0.0473 0.0051 -0.3362 20.9895586 105.5653145 20190810031049 
1 0.1123 -0.2364 0.6237 20.9895586 105.5653145 20190810031049 
1 -0.0416 0.2340 -0.0336 20.9895586 105.5653145 20190810031049 
1 -0.2935 -0.0609 0.1228 20.9895586 105.5653145 20190810031049 
1 0.3145 0.0167 0.6523 20.9895586 105.5653145 20190810031049 
1 -0.2656 -0.1901 0.0329 20.9895586 105.5653145 20190810031049 
1 -0.2312 0.0129 0.2123 20.9895586 105.5653145 20190810031049 
1 0.3959 0.0209 0.9392 20.9895586 105.5653145 20190810031049 
1 -0.1834 0.0730 0.5555 20.9895586 105.5653145 20190810031049 
1 -0.3446 -0.2466 0.7605 20.9895586 105.5653145 20190810031049 
1 0.5201 0.1763 0.2395 20.9895586 105.5653145 20190810031049 
1 -0.4037 -0.0436 0.2109 20.9895586 105.5653145 20190810031049 
1 0.1067 -0.1420 1.0561 20.9895806 105.5650821 20190810031049 
1 0.0308 0.1356 0.1920 20.9895806 105.5650821 20190810031049 
1 -0.0869 0.0041 0.0081 20.9895806 105.5650821 20190810031049 
1 -0.2647 0.0080 0.2190 20.9895806 105.5650821 20190810031049 
1 0.2660 0.1086 -0.1023 20.9895806 105.5650821 20190810031049 
1 -0.3555 -0.1321 -0.0730 20.9895806 105.5650821 20190810031049 
1 0.2127 0.1608 -0.0669 20.9895806 105.5650821 20190810031050 
1 -0.3886 -0.0123 -0.4496 20.9895806 105.5650821 20190810031050 
1 0.2625 0.0244 -0.2858 20.9895806 105.5650821 20190810031050 
1 -0.1524 0.0729 -0.6591 20.9895806 105.5650821 20190810031050 
1 -0.0680 -0.0803 -0.2740 20.9895806 105.5650821 20190810031050 
1 -0.0828 0.1619 -0.4209 20.9895806 105.5650821 20190810031050 
1 0.1672 0.0636 -0.4022 20.9895806 105.5650821 20190810031050 
1 -0.0342 -0.1358 -0.0983 20.9895806 105.5650821 20190810031050 
1 -0.0117 0.0395 -0.3949 20.9895806 105.5650821 20190810031050 
1 0.0347 -0.0577 -0.4805 20.9895806 105.5650821 20190810031050 
1 -0.1562 -0.0128 -0.3271 20.9895806 105.5650821 20190810031050 
1 -0.0864 -0.0968 -0.3189 20.9895806 105.5650821 20190810031050 
1 0.2447 -0.0020 0.1371 20.9895806 105.5650821 20190810031050 
1 -0.4781 -0.0750 0.1837 20.9895806 105.5650821 20190810031050 
1 0.4030 -0.0008 0.2878 20.9895806 105.5650821 20190810031050 
1 -0.1469 0.0169 0.1281 20.9895806 105.5650821 20190810031050 
1 -0.2326 -0.1364 0.2336 20.9895806 105.5650821 20190810031050 
1 0.1339 -0.0558 0.0807 20.9895806 105.5650821 20190810031050 
1 0.1369 0.0856 0.4025 20.9895806 105.5650821 20190810031050 
1 -0.3073 -0.0262 0.5293 20.9895806 105.5650821 20190810031050 
1 0.2248 -0.0093 0.2645 20.9895806 105.5650821 20190810031050 
1 0.2073 -0.0130 0.0817 20.9895806 105.5650821 20190810031050 
1 -0.0296 0.0815 0.1466 20.9895806 105.5650821 20190810031050 
1 0.0460 -0.0635 0.0282 20.9895806 105.5650821 20190810031050 
1 0.2248 -0.0565 0.0213 20.9895806 105.5650821 20190810031050 
1 -0.0953 0.1623 -0.3686 20.9895806 105.5650821 20190810031050 
1 0.1905 -0.1431 -0.0365 20.9895806 105.5650821 20190810031050 
1 0.1872 0.0304 -0.1390 20.9895806 105.5650821 20190810031050 
1 -0.0126 -0.0235 -0.2600 20.9895806 105.5650821 20190810031050 
1 0.1044 -0.0629 -0.4161 20.9895806 105.5650821 20190810031050 
1 -0.1015 0.0346 -0.4108 20.9895806 105.5650821 20190810031050 
1 -0.1249 -0.1807 -0.0244 20.9895806 105.5650821 20190810031050 
1 0.1395 0.0398 0.2217 20.9895806 105.5650821 20190810031050 
1 -0.3224 -0.0105 -0.2630 20.9895806 105.5650821 20190810031050 
1 0.2237 -0.0913 0.2173 20.9895806 105.5650821 20190810031050 
1 -0.1962 -0.0916 -0.0548 20.9895806 105.5650821 20190810031050 
1 -0.1491 -0.1120 0.3243 20.9895806 105.5650821 20190810031050 
1 -0.1248 0.1031 -0.2941 20.9895806 105.5650821 20190810031050 
1 0.0632 -0.0400 0.1055 20.9895806 105.5650821 20190810031050 
1 -0.5915 -0.3634 0.6121 20.9895806 105.5650821 20190810031050 
1 0.3906 0.1889 0.1264 20.9895806 105.5650821 20190810031050 
1 -0.1998 0.0536 -0.1704 20.9895806 105.5650821 20190810031050 
1 -0.3152 -0.1077 0.2771 20.9895806 105.5650821 20190810031050 
1 0.1749 -0.2091 -0.1295 20.9895806 105.5650821 20190810031050 
1 -0.0164 0.0254 -0.0497 20.9896018 105.5648415 20190810031050 
1 -0.2117 0.2005 0.2990 20.9896018 105.5648415 20190810031050 
1 0.6310 -0.0386 -0.0135 20.9896018 105.5648415 20190810031050 
1 -0.1798 -0.1704 -0.7543 20.9896018 105.5648415 20190810031050 
1 -0.2123 -0.0800 -0.2941 20.9896018 105.5648415 20190810031050 
1 0.7149 0.2654 -0.3120 20.9896018 105.5648415 20190810031050 
1 -0.2860 -0.0859 0.0465 20.9896018 105.5648415 20190810031051 
1 0.4381 -0.0685 -0.1076 20.9896018 105.5648415 20190810031051 
1 0.2547 0.0069 -0.8176 20.9896018 105.5648415 20190810031051 
1 0.0066 0.0517 -0.2080 20.9896018 105.5648415 20190810031051 
1 0.1436 -0.1055 -0.1050 20.9896018 105.5648415 20190810031051 
1 0.3713 0.0878 -0.1985 20.9896018 105.5648415 20190810031051 
1 -0.2205 -0.0904 -0.1391 20.9896018 105.5648415 20190810031051 
1 -0.1378 -0.0801 -0.0543 20.9896018 105.5648415 20190810031051 
1 0.0538 0.0324 0.1335 20.9896018 105.5648415 20190810031051 
1 -0.2071 -0.1248 0.2211 20.9896018 105.5648415 20190810031051 
1 0.0710 -0.0242 0.2573 20.9896018 105.5648415 20190810031051 
1 -0.2803 -0.1272 0.1118 20.9896018 105.5648415 20190810031051 
1 -0.2704 -0.1022 0.3082 20.9896018 105.5648415 20190810031051 
1 -0.0795 -0.1678 0.5830 20.9896018 105.5648415 20190810031051 
1 -0.1955 -0.0898 0.7483 20.9896018 105.5648415 20190810031051 
1 -0.3403 0.0156 0.4778 20.9896018 105.5648415 20190810031051 
1 0.0372 -0.2443 0.8008 20.9896018 105.5648415 20190810031051 
1 -0.1051 -0.1680 0.6315 20.9896018 105.5648415 20190810031051 
1 0.0537 0.0192 0.3143 20.9896018 105.5648415 20190810031051 
1 0.0662 -0.0762 0.4863 20.9896018 105.5648415 20190810031051 
1 0.2378 0.0072 0.4651 20.9896018 105.5648415 20190810031051 
1 -0.0565 -0.1745 0.4716 20.9896018 105.5648415 20190810031051 
1 0.3066 -0.0300 0.6209 20.9896018 105.5648415 20190810031051 
1 -0.0448 0.1215 0.1377 20.9896018 105.5648415 20190810031051 
1 0.1621 -0.0436 0.2005 20.9896018 105.5648415 20190810031051 
1 0.2050 -0.0701 -0.1931 20.9896018 105.5648415 20190810031051 
1 -0.0692 -0.1879 -0.1648 20.9896018 105.5648415 20190810031051 
1 0.2937 0.0469 -0.3128 20.9896018 105.5648415 20190810031051 
1 0.1511 0.1907 -0.2198 20.9896018 105.5648415 20190810031051 
1 -0.2808 -0.3281 0.0458 20.9896018 105.5648415 20190810031051 
1 0.1673 -0.0357 -0.2798 20.9896018 105.5648415 20190810031051 
1 0.2082 -0.0333 -0.4357 20.9896018 105.5648415 20190810031051 
1 -0.1861 -0.0045 -0.0356 20.9896018 105.5648415 20190810031051 
1 0.0994 -0.1365 -0.1589 20.9896018 105.5648415 20190810031051 
1 -0.0525 -0.1263 -0.0293 20.9896018 105.5648415 20190810031051 
1 -0.0320 0.0106 0.0108 20.9896018 105.5648415 20190810031051 
1 0.0480 0.0215 -0.1137 20.9896018 105.5648415 20190810031051 
1 -0.0221 -0.1201 0.1748 20.9896018 105.5648415 20190810031051 
1 -0.2476 -0.1105 0.0599 20.9896018 105.5648415 20190810031051 
1 0.1846 -0.0610 -0.1388 20.9896018 105.5648415 20190810031051 
1 -0.1707 0.0745 -0.2223 20.9896018 105.5648415 20190810031051 
1 -0.1932 -0.1727 -0.2310 20.9896197 105.5646039 20190810031051 
1 0.1707 -0.1310 -0.1692 20.9896197 105.5646039 20190810031051 
1 -0.1671 -0.0730 -0.2037 20.9896197 105.5646039 20190810031051 
1 -0.1506 -0.0220 -0.0549 20.9896197 105.5646039 20190810031051 
1 0.0142 -0.1180 -0.1783 20.9896197 105.5646039 20190810031051 
1 -0.2026 -0.2235 -0.1707 20.9896197 105.5646039 20190810031051 
1 0.0159 -0.0787 -0.1246 20.9896197 105.5646039 20190810031051 
1 0.1657 0.0858 -0.0945 20.9896197 105.5646039 20190810031051 
1 -0.4373 -0.1316 0.0077 20.9896197 105.5646039 20190810031051 
1 0.1653 -0.2278 0.2746 20.9896197 105.5646039 20190810031051 
1 0.1531 -0.0070 0.0008 20.9896197 105.5646039 20190810031052 
1 0.0029 0.0449 0.5466 20.9896197 105.5646039 20190810031052 
1 -0.0169 -0.1868 0.3448 20.9896197 105.5646039 20190810031052 
1 0.2354 -0.0828 -0.0435 20.9896197 105.5646039 20190810031052 
1 -0.0715 -0.0279 -0.0731 20.9896197 105.5646039 20190810031052 
1 0.0893 -0.0610 0.2882 20.9896197 105.5646039 20190810031052 
1 0.1388 -0.0615 0.2302 20.9896197 105.5646039 20190810031052 
1 -0.0863 -0.0097 -0.1057 20.9896197 105.5646039 20190810031052 
1 0.3591 0.1467 0.0534 20.9896197 105.5646039 20190810031052 
1 -0.3554 -0.1601 -0.1703 20.9896197 105.5646039 20190810031052 
1 0.2958 -0.0245 -0.4070 20.9896197 105.5646039 20190810031052 
1 0.0106 -0.0197 -0.3918 20.9896197 105.5646039 20190810031052 
1 -0.2842 0.0491 -0.5488 20.9896197 105.5646039 20190810031052 
1 -0.0498 -0.1020 -0.3449 20.9896197 105.5646039 20190810031052 
1 0.0722 -0.1978 -0.2883 20.9896197 105.5646039 20190810031052 
1 -0.2752 -0.0639 -0.3244 20.9896197 105.5646039 20190810031052 
1 0.1590 0.0614 0.0421 20.9896197 105.5646039 20190810031052 
1 -0.0335 -0.2011 0.1462 20.9896197 105.5646039 20190810031052 
1 -0.3959 -0.1065 -0.2571 20.9896197 105.5646039 20190810031052 
1 0.1478 -0.0136 -0.0244 20.9896197 105.5646039 20190810031052 
1 -0.2375 0.0284 0.4308 20.9896197 105.5646039 20190810031052 
1 0.0965 -0.0131 0.6590 20.9896197 105.5646039 20190810031052 
1 -0.0929 -0.2413 0.5820 20.9896197 105.5646039 20190810031052 
1 -0.3880 0.1013 0.1639 20.9896197 105.5646039 20190810031052 
1 -0.2965 -0.0243 -0.0057 20.9896197 105.5646039 20190810031052 
1 0.1341 -0.2933 0.6133 20.9896197 105.5646039 20190810031052 
1 -0.3349 -0.0690 -0.1255 20.9896197 105.5646039 20190810031052 
1 -0.3753 -0.1630 0.2913 20.9896197 105.5646039 20190810031052 
1 0.1478 0.0479 0.6252 20.9896197 105.5646039 20190810031052 
1 -0.7515 -0.1892 0.0639 20.9896197 105.5646039 20190810031052 
1 -0.2162 -0.2302 0.2273 20.9896197 105.5646039 20190810031052 
1 0.1434 0.0822 0.0670 20.9896197 105.5646039 20190810031052 
1 -0.2868 -0.0850 0.4984 20.9896197 105.5646039 20190810031052 
1 -0.0972 -0.0342 0.4522 20.9896197 105.5646039 20190810031052 
1 0.1149 0.0274 -0.3720 20.9896197 105.5646039 20190810031052 
1 -0.5123 -0.1509 0.0907 20.9896197 105.5646039 20190810031052 
1 0.1459 0.0619 0.0492 20.9896197 105.5646039 20190810031052 
1 -0.0620 0.0838 -0.2930 20.9896197 105.5646039 20190810031052 
1 0.0048 -0.0711 0.0194 20.9896197 105.5646039 20190810031052 
1 0.0354 -0.0232 -0.3724 20.9896197 105.5646039 20190810031052 
1 0.1506 0.0705 -0.4508 20.9896197 105.5646039 20190810031052 
1 -0.5761 -0.0606 -0.5062 20.9896373 105.5643616 20190810031052 
1 0.5621 -0.0732 -0.4462 20.9896373 105.5643616 20190810031052 
1 -0.4126 -0.1570 -0.2014 20.9896373 105.5643616 20190810031052 
1 0.2605 0.1226 -0.1437 20.9896373 105.5643616 20190810031052 
1 -0.0364 0.0142 -0.2817 20.9896373 105.5643616 20190810031052 
1 -0.2007 -0.2225 0.0285 20.9896373 105.5643616 20190810031052 
1 -0.1047 0.0484 -0.4407 20.9896373 105.5643616 20190810031052 
1 0.2651 -0.0202 0.1957 20.9896373 105.5643616 20190810031052 
1 -0.5755 -0.1056 0.5732 20.9896373 105.5643616 20190810031052 
1 0.1456 -0.0012 -0.0046 20.9896373 105.5643616 20190810031053 
1 -0.0139 -0.1262 -0.0151 20.9896373 105.5643616 20190810031053 
1 -0.4691 -0.0256 -0.0132 20.9896373 105.5643616 20190810031053 
1 0.1061 -0.0317 0.0233 20.9896373 105.5643616 20190810031053 
1 -0.1978 -0.2285 0.5132 20.9896373 105.5643616 20190810031053 
1 -0.3342 -0.0563 0.2440 20.9896373 105.5643616 20190810031053 
1 0.1327 -0.0867 0.0405 20.9896373 105.5643616 20190810031053 
1 -0.2189 -0.1874 0.4413 20.9896373 105.5643616 20190810031053 
1 -0.0939 -0.1009 0.3373 20.9896373 105.5643616 20190810031053 
1 -0.0531 -0.2241 -0.0353 20.9896373 105.5643616 20190810031053 
1 0.0372 -0.0284 0.3805 20.9896373 105.5643616 20190810031053 
1 -0.3309 -0.3168 0.3852 20.9896373 105.5643616 20190810031053 
1 0.1726 -0.1314 0.3531 20.9896373 105.5643616 20190810031053 
1 -0.2038 -0.1117 0.1072 20.9896373 105.5643616 20190810031053 
1 -0.1357 -0.3532 0.2497 20.9896373 105.5643616 20190810031053 
1 0.2249 -0.3577 -0.0038 20.9896373 105.5643616 20190810031053 
1 -0.2467 -0.0970 -0.2019 20.9896373 105.5643616 20190810031053 
1 -0.0145 -0.2501 -0.2688 20.9896373 105.5643616 20190810031053 
1 -0.0647 -0.3364 -0.1626 20.9896373 105.5643616 20190810031053 
1 -0.1387 -0.3199 -0.3909 20.9896373 105.5643616 20190810031053 
1 0.0410 -0.0304 -0.4924 20.9896373 105.5643616 20190810031053 
1 0.1029 -0.2545 -0.4296 20.9896373 105.5643616 20190810031053 
1 -0.3378 -0.2157 -0.4527 20.9896373 105.5643616 20190810031053 
1 0.2762 -0.3355 -0.3271 20.9896373 105.5643616 20190810031053 
1 -0.0492 -0.2907 -0.5742 20.9896373 105.5643616 20190810031053 
1 -0.3646 -0.0267 -0.7515 20.9896373 105.5643616 20190810031053 
1 0.0785 -0.4191 -0.3030 20.9896373 105.5643616 20190810031053 
1 0.0427 -0.4582 -0.3294 20.9896373 105.5643616 20190810031053 
1 -0.2124 -0.3512 -0.3772 20.9896373 105.5643616 20190810031053 
1 0.2378 -0.2954 -0.1295 20.9896373 105.5643616 20190810031053 
1 0.0105 -0.3977 0.1079 20.9896373 105.5643616 20190810031053 
1 -0.0486 -0.3453 0.1188 20.9896373 105.5643616 20190810031053 
1 0.0930 -0.1337 -0.1085 20.9896373 105.5643616 20190810031053 
1 -0.1233 -0.2367 0.1640 20.9896373 105.5643616 20190810031053 
1 0.2054 -0.2163 0.4856 20.9896373 105.5643616 20190810031053 
1 0.0895 -0.2768 0.0099 20.9896373 105.5643616 20190810031053 
1 0.1491 -0.4977 0.0308 20.9896373 105.5643616 20190810031053 
1 0.0707 -0.4154 0.2557 20.9896373 105.5643616 20190810031053 
1 0.2883 -0.2659 0.5613 20.9896373 105.5643616 20190810031053 
1 -0.1329 -0.3750 0.0769 20.9896545 105.5641197 20190810031053 
1 0.1974 -0.3610 0.1259 20.9896545 105.5641197 20190810031053 
1 -0.0048 -0.3833 0.5197 20.9896545 105.5641197 20190810031053 
1 0.1100 -0.1597 0.4171 20.9896545 105.5641197 20190810031053 
1 0.0415 -0.5499 1.0939 20.9896545 105.5641197 20190810031053 
1 -0.3315 -0.3219 0.3904 20.9896545 105.5641197 20190810031053 
1 0.1884 -0.0606 -0.2047 20.9896545 105.5641197 20190810031053 
1 0.0364 -0.6978 1.2022 20.9896545 105.5641197 20190810031053 
1 -0.0284 -0.2160 0.0234 20.9896545 105.5641197 20190810031053 
1 -0.2568 -0.2372 -0.1813 20.9896545 105.5641197 20190810031053 
1 0.4568 -0.4361 0.8469 20.9896545 105.5641197 20190810031053 
1 -0.5412 -0.2486 -0.4207 20.9896545 105.5641197 20190810031054 
1 0.0192 -0.2486 -0.3852 20.9896545 105.5641197 20190810031054 
1 0.1115 -0.2670 0.1183 20.9896545 105.5641197 20190810031054 
1 -0.4799 -0.4112 -0.2991 20.9896545 105.5641197 20190810031054 
1 0.2232 -0.3164 -0.1990 20.9896545 105.5641197 20190810031054 
1 0.4469 -0.0485 -0.6270 20.9896545 105.5641197 20190810031054 
1 -0.5765 -0.5572 -0.3057 20.9896545 105.5641197 20190810031054 
1 0.4620 -0.2306 -0.6181 20.9896545 105.5641197 20190810031054 
1 0.0016 -0.2982 -0.9780 20.9896545 105.5641197 20190810031054 
1 -0.0204 -0.3771 -0.2894 20.9896545 105.5641197 20190810031054 
1 -0.1913 -0.2408 -0.1487 20.9896545 105.5641197 20190810031054 
1 0.5058 -0.1895 -0.3872 20.9896545 105.5641197 20190810031054 
1 -0.3579 -0.3323 -0.4720 20.9896545 105.5641197 20190810031054 
1 0.2986 -0.2939 -0.5990 20.9896545 105.5641197 20190810031054 
1 -0.0700 -0.3716 -0.2855 20.9896545 105.5641197 20190810031054 
1 -0.0487 -0.2354 -0.1997 20.9896545 105.5641197 20190810031054 
1 0.1300 -0.2415 -0.4402 20.9896545 105.5641197 20190810031054 
1 0.1176 -0.4375 -0.3007 20.9896545 105.5641197 20190810031054 
1 -0.2014 -0.3718 0.0765 20.9896545 105.5641197 20190810031054 
1 0.3732 -0.1107 -0.1845 20.9896545 105.5641197 20190810031054 
1 -0.1023 -0.3130 0.1123 20.9896545 105.5641197 20190810031054 
1 -0.1420 -0.3356 0.1544 20.9896545 105.5641197 20190810031054 
1 0.1162 -0.3485 -0.4361 20.9896545 105.5641197 20190810031054 
1 0.1250 -0.2176 0.0199 20.9896545 105.5641197 20190810031054 
1 -0.5000 -0.2601 0.2651 20.9896545 105.5641197 20190810031054 
1 0.3200 -0.3682 0.0815 20.9896545 105.5641197 20190810031054 
1 -0.2891 -0.3248 -0.0502 20.9896545 105.5641197 20190810031054 
1 -0.0037 -0.1675 -0.1678 20.9896545 105.5641197 20190810031054 
1 -0.1265 -0.3367 -0.1380 20.9896545 105.5641197 20190810031054 
1 0.1816 -0.2164 0.1201 20.9896545 105.5641197 20190810031054 
1 -0.4425 -0.3045 -0.2269 20.9896545 105.5641197 20190810031054 
1 0.5519 -0.1656 -0.0777 20.9896545 105.5641197 20190810031054 
1 -0.3420 -0.2826 -0.1119 20.9896545 105.5641197 20190810031054 
1 0.5176 -0.2598 0.0024 20.9896545 105.5641197 20190810031054 
1 -0.2173 -0.1891 -0.6347 20.9896545 105.5641197 20190810031054 
1 0.3949 0.1592 -0.8088 20.9896545 105.5641197 20190810031054 
1 -1.2701 -1.2724 1.8171 20.9896545 105.5641197 20190810031054 
1 2.0556 0.2662 0.0516 20.9896545 105.5641197 20190810031054 
1 -1.3677 0.2042 -1.5971 20.9896545 105.5641197 20190810031054 
1 0.0321 -1.1357 1.4103 20.9896545 105.5641197 20190810031054 
1 -0.0362 -0.0637 -0.6570 20.9896545 105.5641197 20190810031054 
1 0.4701 0.0024 0.1756 20.9896728 105.5638843 20190810031054 
1 -1.0059 -0.3082 1.6956 20.9896728 105.5638843 20190810031054 
1 0.9216 0.1507 0.1473 20.9896728 105.5638843 20190810031054 
1 -0.5890 -0.9167 -0.6310 20.9896728 105.5638843 20190810031054 
1 -0.0111 0.0904 0.5900 20.9896728 105.5638843 20190810031054 
1 0.6247 -0.1093 -0.1456 20.9896728 105.5638843 20190810031054 
1 -0.2946 -0.4132 0.1729 20.9896728 105.5638843 20190810031055 
1 0.1125 -0.2321 0.5982 20.9896728 105.5638843 20190810031055 
1 0.1586 -0.4201 0.3495 20.9896728 105.5638843 20190810031055 
1 0.0722 -0.1211 0.3921 20.9896728 105.5638843 20190810031055 
1 -0.0420 -0.2481 0.2826 20.9896728 105.5638843 20190810031055 
1 0.3869 -0.3487 0.3475 20.9896728 105.5638843 20190810031055 
1 -0.1943 -0.2322 0.4854 20.9896728 105.5638843 20190810031055 
1 0.0961 -0.4003 0.6416 20.9896728 105.5638843 20190810031055 
1 0.1755 -0.1063 0.2462 20.9896728 105.5638843 20190810031055 
1 -0.0179 -0.2539 0.2950 20.9896728 105.5638843 20190810031055 
1 0.2720 -0.3239 0.6437 20.9896728 105.5638843 20190810031055 
1 -0.1117 -0.2021 0.0591 20.9896728 105.5638843 20190810031055 
1 -0.0252 -0.3675 0.3499 20.9896728 105.5638843 20190810031055 
1 -0.0761 -0.3058 0.6367 20.9896728 105.5638843 20190810031055 
1 0.3155 -0.2381 0.2017 20.9896728 105.5638843 20190810031055 
1 -0.2146 -0.2739 0.4127 20.9896728 105.5638843 20190810031055 
1 0.0180 -0.2184 0.2234 20.9896728 105.5638843 20190810031055 
1 0.0506 -0.2895 0.1205 20.9896728 105.5638843 20190810031055 
1 -0.0185 -0.3785 0.5562 20.9896728 105.5638843 20190810031055 
1 -0.1396 -0.1651 0.2243 20.9896728 105.5638843 20190810031055 
1 0.3051 -0.0596 -0.0531 20.9896728 105.5638843 20190810031055 
1 -0.3331 -0.4186 0.1602 20.9896728 105.5638843 20190810031055 
1 0.4301 -0.3451 0.1740 20.9896728 105.5638843 20190810031055 
1 -0.0427 -0.1811 -0.2929 20.9896728 105.5638843 20190810031055 
1 0.1829 -0.1214 0.2222 20.9896728 105.5638843 20190810031055 
1 0.0208 -0.2036 -0.1529 20.9896728 105.5638843 20190810031055 
1 0.5017 -0.5645 0.0031 20.9896728 105.5638843 20190810031055 
1 -0.0211 -0.2446 -0.0118 20.9896728 105.5638843 20190810031055 
1 0.0508 0.0209 -0.2429 20.9896728 105.5638843 20190810031055 
1 0.2152 -0.3714 0.4331 20.9896728 105.5638843 20190810031055 
1 0.0434 -0.3598 -0.0638 20.9896728 105.5638843 20190810031055 
1 0.1136 -0.0939 -0.1722 20.9896728 105.5638843 20190810031055 
1 0.1283 -0.1193 0.1806 20.9896728 105.5638843 20190810031055 
1 0.0127 -0.1650 0.1780 20.9896728 105.5638843 20190810031055 
1 -0.0869 -0.2057 -0.6757 20.9896728 105.5638843 20190810031055 
1 -0.2844 -0.1945 -0.8807 20.9896728 105.5638843 20190810031055 
1 0.4509 -0.1291 -0.8260 20.9896728 105.5638843 20190810031055 
1 -0.0742 -0.2585 -0.5877 20.9896728 105.5638843 20190810031055 
1 -0.1887 -0.2768 -0.7430 20.9896728 105.5638843 20190810031055 
1 0.0415 -0.2331 -0.6481 20.9896728 105.5638843 20190810031055 
1 0.1269 -0.1326 -1.1864 20.9896728 105.5638843 20190810031055 
1 -0.1493 -0.4511 -0.8122 20.9896728 105.5638843 20190810031055 
1 0.2711 -0.2121 -0.2566 20.9896728 105.5638843 20190810031055 
1 -0.1665 -0.1516 -0.3734 20.98969 105.5636467 20190810031055 
1 0.0627 -0.2281 -0.1127 20.98969 105.5636467 20190810031055 
1 0.0030 -0.3061 0.1341 20.98969 105.5636467 20190810031055 
1 0.2802 -0.2590 0.2266 20.98969 105.5636467 20190810031055 
1 0.1079 -0.0507 0.3764 20.98969 105.5636467 20190810031055 
1 -0.0899 -0.1939 0.3674 20.98969 105.5636467 20190810031055 
1 0.1603 -0.2999 0.4345 20.98969 105.5636467 20190810031055 
1 -0.1351 -0.2577 0.3577 20.98969 105.5636467 20190810031055 
1 0.3106 -0.1569 0.3812 20.98969 105.5636467 20190810031056 
1 -0.0069 -0.1034 0.0643 20.98969 105.5636467 20190810031056 
1 -0.1598 -0.1590 -0.0334 20.98969 105.5636467 20190810031056 
1 0.1306 -0.3497 0.3223 20.98969 105.5636467 20190810031056 
1 0.0966 0.0144 -0.1456 20.98969 105.5636467 20190810031056 
1 -0.2644 0.0614 -0.5312 20.98969 105.5636467 20190810031056 
1 0.2489 -0.0620 0.0155 20.98969 105.5636467 20190810031056 
1 -0.0755 -0.0591 -0.6799 20.98969 105.5636467 20190810031056 
1 -0.0407 -0.1370 -0.6186 20.98969 105.5636467 20190810031056 
1 0.1146 -0.0045 -0.5052 20.98969 105.5636467 20190810031056 
1 0.1643 0.0119 -0.4651 20.98969 105.5636467 20190810031056 
1 -0.2666 -0.1579 -0.1385 20.98969 105.5636467 20190810031056 
1 0.2795 -0.0651 -0.2132 20.98969 105.5636467 20190810031056 
1 -0.0934 -0.0443 -0.6007 20.98969 105.5636467 20190810031056 
1 0.1471 -0.0442 0.0599 20.98969 105.5636467 20190810031056 
1 0.1959 -0.1600 0.4338 20.98969 105.5636467 20190810031056 
1 -0.0154 -0.2662 0.3347 20.98969 105.5636467 20190810031056 
1 -0.2227 -0.1112 0.1476 20.98969 105.5636467 20190810031056 
1 0.4661 -0.0071 0.2100 20.98969 105.5636467 20190810031056 
1 -0.2371 -0.1522 0.5480 20.98969 105.5636467 20190810031056 
1 0.0835 -0.1616 0.7021 20.98969 105.5636467 20190810031056 
1 0.1322 0.0543 0.4283 20.98969 105.5636467 20190810031056 
1 -0.0121 -0.0950 0.5192 20.98969 105.5636467 20190810031056 
1 -0.1128 -0.1706 0.6701 20.98969 105.5636467 20190810031056 
1 0.0764 -0.1107 0.3650 20.98969 105.5636467 20190810031056 
1 -0.1274 -0.0956 0.1939 20.98969 105.5636467 20190810031056 
1 -0.0039 -0.0101 0.1344 20.98969 105.5636467 20190810031056 
1 0.0759 -0.0489 0.2612 20.98969 105.5636467 20190810031056 
1 -0.0369 -0.1661 0.1103 20.98969 105.5636467 20190810031056 
1 -0.2734 -0.0869 0.0118 20.98969 105.5636467 20190810031056 
1 0.1186 0.0850 -0.0440 20.98969 105.5636467 20190810031056 
1 0.0335 -0.1113 0.0014 20.98969 105.5636467 20190810031056 
1 -0.0334 -0.3104 0.0019 20.98969 105.5636467 20190810031056 
1 -0.0127 0.0745 -0.0680 20.98969 105.5636467 20190810031056 
1 0.0103 0.0275 -0.3063 20.98969 105.5636467 20190810031056 
1 0.0178 -0.1219 0.1478 20.98969 105.5636467 20190810031056 
1 0.1745 -0.0638 0.1677 20.98969 105.5636467 20190810031056 
1 -0.0754 -0.1268 -0.1536 20.98969 105.5636467 20190810031056 
1 0.1216 -0.0059 -0.1731 20.98969 105.5636467 20190810031056 
1 0.1088 0.0663 0.0117 20.98969 105.5636467 20190810031056 
1 -0.0497 -0.1277 -0.1316 20.98969 105.5636467 20190810031056 
1 0.1334 -0.0700 -0.0071 20.98969 105.5636467 20190810031056 
1 -0.0461 -0.0222 -0.1921 20.989707 105.5634155 20190810031056 
1 0.0907 0.0130 -0.3806 20.989707 105.5634155 20190810031056 
1 -0.1654 -0.2517 0.0758 20.989707 105.5634155 20190810031056 
1 0.3294 -0.0314 0.1098 20.989707 105.5634155 20190810031056 
1 -0.2887 -0.1033 -0.4252 20.989707 105.5634155 20190810031056 
1 0.3227 -0.1205 0.2896 20.989707 105.5634155 20190810031057 
1 -0.2897 -0.1315 0.1797 20.989707 105.5634155 20190810031057 
1 0.1032 -0.0019 -0.0212 20.989707 105.5634155 20190810031057 
1 0.1263 -0.0256 0.1240 20.989707 105.5634155 20190810031057 
1 0.1460 0.0025 0.0366 20.989707 105.5634155 20190810031057 
1 -0.1586 -0.1067 0.0348 20.989707 105.5634155 20190810031057 
1 0.2283 0.0106 0.2629 20.989707 105.5634155 20190810031057 
1 0.1461 0.0486 -0.2845 20.989707 105.5634155 20190810031057 
1 -0.0189 -0.0257 -0.2557 20.989707 105.5634155 20190810031057 
1 0.0697 -0.1013 -0.1390 20.989707 105.5634155 20190810031057 
1 0.0943 -0.0968 -0.4334 20.989707 105.5634155 20190810031057 
1 0.1941 0.0492 -0.1469 20.989707 105.5634155 20190810031057 
1 0.0604 -0.0360 -0.2811 20.989707 105.5634155 20190810031057 
1 0.0711 -0.1091 -0.1286 20.989707 105.5634155 20190810031057 
1 0.0690 -0.0255 -0.1896 20.989707 105.5634155 20190810031057 
1 0.1161 -0.0295 -0.3029 20.989707 105.5634155 20190810031057 
1 -0.2128 -0.0693 -0.2083 20.989707 105.5634155 20190810031057 
1 0.2429 0.0574 0.3069 20.989707 105.5634155 20190810031057 
1 0.1143 -0.0666 -0.2067 20.989707 105.5634155 20190810031057 
1 -0.1654 -0.0779 -0.4620 20.989707 105.5634155 20190810031057 
1 0.0170 0.0826 -0.2128 20.989707 105.5634155 20190810031057 
1 -0.0429 -0.0943 -0.0912 20.989707 105.5634155 20190810031057 
1 0.1001 0.0363 -0.1285 20.989707 105.5634155 20190810031057 
1 -0.2296 -0.0671 -0.2412 20.989707 105.5634155 20190810031057 
1 0.2323 -0.0139 -0.3516 20.989707 105.5634155 20190810031057 
1 -0.2090 -0.0326 -0.1845 20.989707 105.5634155 20190810031057 
1 0.0222 0.0316 -0.4402 20.989707 105.5634155 20190810031057 
1 -0.0734 -0.0568 -0.6578 20.989707 105.5634155 20190810031057 
1 0.0479 -0.0875 -0.0372 20.989707 105.5634155 20190810031057 
1 -0.2182 -0.0466 0.0892 20.989707 105.5634155 20190810031057 
1 0.2653 -0.0325 0.1610 20.989707 105.5634155 20190810031057 
1 -0.4826 -0.1163 0.1812 20.989707 105.5634155 20190810031057 
1 0.2446 -0.0574 0.0773 20.989707 105.5634155 20190810031057 
1 0.0316 -0.1189 0.0118 20.989707 105.5634155 20190810031057 
1 -0.0338 -0.0092 0.5131 20.989707 105.5634155 20190810031057 
1 -0.0264 0.0919 0.5920 20.989707 105.5634155 20190810031057 
1 0.2023 -0.1080 0.6596 20.989707 105.5634155 20190810031057 
1 0.0101 -0.0558 0.6464 20.989707 105.5634155 20190810031057 
1 0.0061 0.0001 0.3914 20.989707 105.5634155 20190810031057 
1 0.2203 0.0821 0.1288 20.989707 105.5634155 20190810031057 
1 -0.1591 -0.0627 0.1974 20.989707 105.5634155 20190810031057 
1 0.0888 -0.0128 0.2109 20.9897226 105.5631814 20190810031057 
1 0.0134 -0.0471 0.2542 20.9897226 105.5631814 20190810031057 
1 -0.0098 0.0876 0.3041 20.9897226 105.5631814 20190810031057 
1 -0.0838 -0.0928 -0.1572 20.9897226 105.5631814 20190810031057 
1 0.2009 0.0366 -0.3073 20.9897226 105.5631814 20190810031057 
1 -0.1964 -0.0366 -0.2020 20.9897226 105.5631814 20190810031057 
1 -0.1554 -0.0879 -0.0736 20.9897226 105.5631814 20190810031057 
1 0.1284 0.1229 -0.2557 20.9897226 105.5631814 20190810031057 
1 0.1120 0.0176 -0.3127 20.9897226 105.5631814 20190810031057 
1 -0.1320 -0.0755 0.0765 20.9897226 105.5631814 20190810031057 
1 0.1606 0.1929 -0.4786 20.9897226 105.5631814 20190810031058 
1 -0.2157 -0.0477 -0.3581 20.9897226 105.5631814 20190810031058 
1 0.2346 0.0070 0.0370 20.9897226 105.5631814 20190810031058 
1 0.0102 0.0683 -0.1560 20.9897226 105.5631814 20190810031058 
1 -0.0275 -0.0359 -0.4157 20.9897226 105.5631814 20190810031058 
1 -0.1257 -0.0395 -0.6630 20.9897226 105.5631814 20190810031058 
1 0.1291 0.0625 -0.4387 20.9897226 105.5631814 20190810031058 
1 -0.1914 -0.0068 -0.0967 20.9897226 105.5631814 20190810031058 
1 0.0358 -0.0728 -0.1327 20.9897226 105.5631814 20190810031058 
1 0.0996 0.1054 -0.2636 20.9897226 105.5631814 20190810031058 
1 -0.0244 -0.0156 -0.2523 20.9897226 105.5631814 20190810031058 
1 -0.0722 -0.0103 -0.0820 20.9897226 105.5631814 20190810031058 
1 0.3401 0.1231 -0.2620 20.9897226 105.5631814 20190810031058 
1 -0.1482 -0.1010 -0.0805 20.9897226 105.5631814 20190810031058 
1 0.0558 0.0282 0.0060 20.9897226 105.5631814 20190810031058 
1 0.4470 0.1726 -0.0460 20.9897226 105.5631814 20190810031058 
1 -0.1353 -0.2174 0.2564 20.9897226 105.5631814 20190810031058 
1 0.1801 0.2089 -0.0752 20.9897226 105.5631814 20190810031058 
1 0.1929 0.0017 -0.4084 20.9897226 105.5631814 20190810031058 
1 0.1289 0.0203 0.3307 20.9897226 105.5631814 20190810031058 
1 -0.0866 0.1002 -0.0146 20.9897226 105.5631814 20190810031058 
1 0.3981 0.0824 0.2372 20.9897226 105.5631814 20190810031058 
1 -0.0747 0.1060 -0.0208 20.9897226 105.5631814 20190810031058 
1 0.0197 0.0437 -0.3364 20.9897226 105.5631814 20190810031058 
1 0.0783 -0.0159 0.0132 20.9897226 105.5631814 20190810031058 
1 -0.2451 0.2658 -0.8220 20.9897226 105.5631814 20190810031058 
1 0.0352 -0.0372 -0.5728 20.9897226 105.5631814 20190810031058 
1 0.1984 0.0806 -0.3172 20.9897226 105.5631814 20190810031058 
1 -0.1067 0.0310 -0.4497 20.9897226 105.5631814 20190810031058 
1 0.1626 0.0871 -0.4531 20.9897226 105.5631814 20190810031058 
1 -0.2606 0.1169 -0.7007 20.9897226 105.5631814 20190810031058 
1 -0.0231 0.0260 -0.6136 20.9897226 105.5631814 20190810031058 
1 -0.0066 0.1606 -0.3819 20.9897226 105.5631814 20190810031058 
1 0.0447 0.1757 -0.5787 20.9897226 105.5631814 20190810031058 
1 -0.1590 -0.0193 -0.6877 20.9897226 105.5631814 20190810031058 
1 0.2616 0.2359 -0.4742 20.9897226 105.5631814 20190810031058 
1 0.0394 0.0734 -0.5625 20.9897226 105.5631814 20190810031058 
1 -0.1901 -0.0330 -0.3821 20.9897226 105.5631814 20190810031058 
1 -0.1685 0.1702 -0.6667 20.9897226 105.5631814 20190810031058 
1 0.0925 0.0004 -0.0933 20.9897226 105.5631814 20190810031058 
1 -0.2597 -0.0193 0.3627 20.9897226 105.5631814 20190810031058 
1 -0.1095 -0.0087 -0.0930 20.9897226 105.5631814 20190810031058 
1 -0.1291 -0.0296 -0.0292 20.9897423 105.5629495 20190810031058 
1 -0.2355 -0.0371 0.5667 20.9897423 105.5629495 20190810031058 
1 -0.0556 0.0305 0.8719 20.9897423 105.5629495 20190810031058 
1 -0.0022 -0.1362 1.0977 20.9897423 105.5629495 20190810031058 
1 -0.2250 -0.1837 1.4231 20.9897423 105.5629495 20190810031058 
1 0.2155 0.1754 1.1408 20.9897423 105.5629495 20190810031058 
1 0.0386 0.0354 1.2470 20.9897423 105.5629495 20190810031059 
1 -0.0998 -0.1381 1.6605 20.9897423 105.5629495 20190810031059 
1 0.3998 0.0033 1.2513 20.9897423 105.5629495 20190810031059 
1 -0.0758 0.1529 1.1685 20.9897423 105.5629495 20190810031059 
1 -0.0584 0.0691 1.4979 20.9897423 105.5629495 20190810031059 
1 0.2305 -0.0150 1.2812 20.9897423 105.5629495 20190810031059 
1 0.3710 0.2088 0.0542 20.9897423 105.5629495 20190810031059 
1 -0.4117 0.0267 0.1135 20.9897423 105.5629495 20190810031059 
1 0.6572 0.2361 0.5557 20.9897423 105.5629495 20190810031059 
1 -0.2228 0.0431 -0.0013 20.9897423 105.5629495 20190810031059 
1 0.2419 0.2722 -0.2875 20.9897423 105.5629495 20190810031059 
1 -0.2211 0.1579 -0.6704 20.9897423 105.5629495 20190810031059 
1 0.6378 0.0164 -0.3254 20.9897423 105.5629495 20190810031059 
1 -0.3722 0.2022 -0.6928 20.9897423 105.5629495 20190810031059 
1 0.3093 0.1537 -0.9596 20.9897423 105.5629495 20190810031059 
1 0.2351 -0.2098 -0.5050 20.9897423 105.5629495 20190810031059 
1 -0.1126 0.1293 -0.4852 20.9897423 105.5629495 20190810031059 
1 0.0391 0.1215 -0.9023 20.9897423 105.5629495 20190810031059 
1 0.1348 -0.0557 -0.2965 20.9897423 105.5629495 20190810031059 
1 0.1139 0.0431 0.1851 20.9897423 105.5629495 20190810031059 
1 -0.2829 0.1681 -0.0469 20.9897423 105.5629495 20190810031059 
1 0.0352 0.0191 0.5787 20.9897423 105.5629495 20190810031059 
1 -0.1467 0.0136 0.5681 20.9897423 105.5629495 20190810031059 
1 0.0268 0.0842 0.2416 20.9897423 105.5629495 20190810031059 
1 0.1141 -0.0086 0.0999 20.9897423 105.5629495 20190810031059 
1 -0.2577 0.0223 0.1225 20.9897423 105.5629495 20190810031059 
1 0.0611 -0.0423 0.3983 20.9897423 105.5629495 20190810031059 
1 -0.4139 -0.1037 0.5117 20.9897423 105.5629495 20190810031059 
1 0.0712 0.0516 0.6579 20.9897423 105.5629495 20190810031059 
1 -0.1491 -0.0583 0.6089 20.9897423 105.5629495 20190810031059 
1 -0.0754 -0.0316 0.3725 20.9897423 105.5629495 20190810031059 
1 -0.3569 -0.0381 0.4333 20.9897423 105.5629495 20190810031059 
1 0.3348 0.0168 0.4559 20.9897423 105.5629495 20190810031059 
1 -0.2302 -0.0903 0.7715 20.9897423 105.5629495 20190810031059 
1 -0.4359 0.0125 1.2690 20.9897423 105.5629495 20190810031059 
1 0.0667 0.0135 0.7151 20.9897423 105.5629495 20190810031059 
1 -0.1979 0.0157 0.1656 20.9897423 105.5629495 20190810031059 
1 -0.1405 -0.0216 0.5162 20.9897423 105.5629495 20190810031059 
1 0.0205 -0.0280 0.4585 20.9897423 105.5629495 20190810031059 
1 -0.2681 -0.0021 0.4259 20.9897423 105.5629495 20190810031059 
1 -0.0723 0.0487 0.4660 20.9897423 105.5629495 20190810031059 
1 -0.0817 -0.0121 0.4297 20.9897423 105.5629495 20190810031059 
1 -0.1151 0.0143 0.4011 20.9897423 105.5629495 20190810031059 
1 -0.2992 0.1046 -0.1942 20.9897562 105.5627193 20190810031059 
1 0.0531 -0.1238 0.1103 20.9897562 105.5627193 20190810031059 
1 -0.3660 0.0350 -0.0356 20.9897562 105.5627193 20190810031059 
1 -0.0776 -0.0108 0.2191 20.9897562 105.5627193 20190810031059 
1 -0.1014 -0.0025 0.0200 20.9897562 105.5627193 20190810031059 
1 -0.1739 0.0163 -0.3464 20.9897562 105.5627193 20190810031059 
1 -0.0878 -0.0670 -0.1722 20.9897562 105.5627193 20190810031059 
1 0.0961 -0.0214 0.4329 20.9897562 105.5627193 20190810031059 
1 -0.2772 -0.0560 0.0623 20.9897562 105.5627193 20190810031059 
1 -0.2619 -0.1375 0.5328 20.9897562 105.5627193 20190810031100 
1 -0.0014 0.1260 0.0228 20.9897562 105.5627193 20190810031100 
1 0.0231 -0.1271 0.3935 20.9897562 105.5627193 20190810031100 
1 -0.0945 -0.1030 0.4678 20.9897562 105.5627193 20190810031100 
1 0.0137 -0.0089 0.3155 20.9897562 105.5627193 20190810031100 
1 -0.2431 -0.0359 0.6227 20.9897562 105.5627193 20190810031100 
1 0.0612 -0.1095 0.7815 20.9897562 105.5627193 20190810031100 
1 -0.1438 -0.0362 0.0732 20.9897562 105.5627193 20190810031100 
1 0.4341 -0.0412 0.2288 20.9897562 105.5627193 20190810031100 
1 -0.5517 -0.1220 0.1659 20.9897562 105.5627193 20190810031100 
1 0.5103 0.1089 0.6018 20.9897562 105.5627193 20190810031100 
1 -0.5188 -0.1896 0.5902 20.9897562 105.5627193 20190810031100 
1 0.0123 -0.0266 0.2333 20.9897562 105.5627193 20190810031100 
1 -0.3532 -0.0411 0.0232 20.9897562 105.5627193 20190810031100 
1 0.0831 0.0801 0.1189 20.9897562 105.5627193 20190810031100 
1 -0.2026 -0.0695 -0.2312 20.9897562 105.5627193 20190810031100 
1 0.1981 -0.0785 0.2216 20.9897562 105.5627193 20190810031100 
1 -0.1960 0.0616 -0.2351 20.9897562 105.5627193 20190810031100 
1 -0.0013 0.0299 -0.2301 20.9897562 105.5627193 20190810031100 
1 -0.0679 -0.0853 0.0042 20.9897562 105.5627193 20190810031100 
1 0.0791 0.1079 -0.5986 20.9897562 105.5627193 20190810031100 
1 0.0474 -0.2199 -0.6724 20.9897562 105.5627193 20190810031100 
1 0.0492 0.1932 -0.2887 20.9897562 105.5627193 20190810031100 
1 -0.0519 -0.0093 -0.3115 20.9897562 105.5627193 20190810031100 
1 0.0945 -0.1089 -0.6222 20.9897562 105.5627193 20190810031100 
1 -0.0672 -0.0291 -0.7195 20.9897562 105.5627193 20190810031100 
1 0.1509 0.1642 -0.6676 20.9897562 105.5627193 20190810031100 
1 -0.0978 -0.0383 -0.2074 20.9897562 105.5627193 20190810031100 
1 0.1915 0.0120 -0.3520 20.9897562 105.5627193 20190810031100 
1 -0.1677 -0.0159 -0.8423 20.9897562 105.5627193 20190810031100 
1 0.2593 0.1765 -0.7765 20.9897562 105.5627193 20190810031100 
1 -0.4776 -0.1465 -0.0661 20.9897562 105.5627193 20190810031100 
1 -0.0108 0.0456 -0.4943 20.9897562 105.5627193 20190810031100 
1 -0.0870 0.0128 -0.9340 20.9897562 105.5627193 20190810031100 
1 0.1800 0.0669 -0.2605 20.9897562 105.5627193 20190810031100 
1 -0.5975 0.0928 -0.4981 20.9897562 105.5627193 20190810031100 
1 0.5207 0.0496 -0.9145 20.9897562 105.5627193 20190810031100 
1 -0.4318 -0.1065 -0.2205 20.9897562 105.5627193 20190810031100 
1 -0.1561 0.1293 -0.5590 20.9897562 105.5627193 20190810031100 
1 -0.4615 0.0292 -0.8560 20.9897562 105.5627193 20190810031100 
1 0.5508 -0.1012 -0.0596 20.9897733 105.5624898 20190810031100 
1 -0.3637 0.1278 -0.9231 20.9897733 105.5624898 20190810031100 
1 -0.0192 -0.1495 -0.4944 20.9897733 105.5624898 20190810031100 
1 -0.1396 -0.0238 0.3696 20.9897733 105.5624898 20190810031100 
1 -0.2233 0.1265 -0.5207 20.9897733 105.5624898 20190810031100 
1 0.0327 -0.1562 0.0605 20.9897733 105.5624898 20190810031100 
1 0.0409 0.0578 0.2453 20.9897733 105.5624898 20190810031100 
1 -0.0001 0.1240 -0.0999 20.9897733 105.5624898 20190810031100 
1 -0.2538 -0.0639 0.8793 20.9897733 105.5624898 20190810031101 
1 -0.0987 0.0962 0.4792 20.9897733 105.5624898 20190810031101 
1 0.1204 0.1015 -0.2996 20.9897733 105.5624898 20190810031101 
1 -0.0441 -0.0410 0.2544 20.9897733 105.5624898 20190810031101 
1 -0.0860 0.1822 0.0164 20.9897733 105.5624898 20190810031101 
1 0.0848 -0.0446 0.1253 20.9897733 105.5624898 20190810031101 
1 -0.0448 -0.0469 0.0520 20.9897733 105.5624898 20190810031101 
1 0.0159 0.1389 -0.1689 20.9897733 105.5624898 20190810031101 
1 -0.2598 -0.0904 -0.1384 20.9897733 105.5624898 20190810031101 
1 0.3707 -0.1138 0.0574 20.9897733 105.5624898 20190810031101 
1 -0.4826 0.0144 -0.2588 20.9897733 105.5624898 20190810031101 
1 0.0669 0.0427 0.5354 20.9897733 105.5624898 20190810031101 
1 -0.3156 -0.1614 0.6579 20.9897733 105.5624898 20190810031101 
1 0.2368 0.0087 0.4025 20.9897733 105.5624898 20190810031101 
1 -0.3351 -0.0017 0.2344 20.9897733 105.5624898 20190810031101 
1 0.0604 0.0459 0.5336 20.9897733 105.5624898 20190810031101 
1 -0.2619 -0.1047 0.8002 20.9897733 105.5624898 20190810031101 
1 0.1479 0.0199 0.6635 20.9897733 105.5624898 20190810031101 
1 -0.2373 0.0163 0.2397 20.9897733 105.5624898 20190810031101 
1 0.0827 -0.0067 0.4450 20.9897733 105.5624898 20190810031101 
1 -0.0882 0.0915 0.2316 20.9897733 105.5624898 20190810031101 
1 -0.1660 -0.0174 0.4757 20.9897733 105.5624898 20190810031101 
1 -0.1013 0.0200 0.2603 20.9897733 105.5624898 20190810031101 
1 -0.0968 0.0448 -0.0105 20.9897733 105.5624898 20190810031101 
1 -0.1384 -0.0281 0.1751 20.9897733 105.5624898 20190810031101 
1 -0.2175 0.0307 0.1262 20.9897733 105.5624898 20190810031101 
1 -0.0612 0.0638 -0.4165 20.9897733 105.5624898 20190810031101 
1 -0.2948 -0.1223 -0.0770 20.9897733 105.5624898 20190810031101 
1 -0.0338 0.1172 0.0461 20.9897733 105.5624898 20190810031101 
1 -0.2681 0.1171 -0.0749 20.9897733 105.5624898 20190810031101 
1 0.1292 0.0534 -0.0773 20.9897733 105.5624898 20190810031101 
1 -0.3196 0.0621 -0.3749 20.9897733 105.5624898 20190810031101 
1 0.1234 0.0885 -0.6056 20.9897733 105.5624898 20190810031101 
1 -0.0279 0.0526 -0.1577 20.9897733 105.5624898 20190810031101 
1 0.0709 0.1251 -0.4703 20.9897733 105.5624898 20190810031101 
1 -0.0307 -0.0538 -0.4435 20.9897733 105.5624898 20190810031101 
1 0.3683 0.1076 -0.2391 20.9897733 105.5624898 20190810031101 
1 -0.1830 0.0077 -0.2170 20.9897733 105.5624898 20190810031101 
1 -0.0021 -0.0868 -0.3124 20.9897733 105.5624898 20190810031101 
1 0.1000 0.1668 -0.3293 20.9897733 105.5624898 20190810031101 
1 0.0466 -0.0262 0.1626 20.9897733 105.5624898 20190810031101 
1 -0.1047 -0.1092 0.5916 20.9897733 105.5624898 20190810031101 
1 -0.0729 0.0004 0.6227 20.9897867 105.5622582 20190810031101 
1 -0.2587 0.0213 0.5255 20.9897867 105.5622582 20190810031101 
1 -0.4109 -0.0968 0.5148 20.9897867 105.5622582 20190810031101 
1 0.1899 -0.1347 0.9352 20.9897867 105.5622582 20190810031101 
1 -0.1441 -0.0163 0.6891 20.9897867 105.5622582 20190810031101 
1 -0.3134 0.0789 0.7361 20.9897867 105.5622582 20190810031101 
1 -0.1570 -0.2083 1.5303 20.9897867 105.5622582 20190810031102 
1 -0.0620 0.2231 0.5870 20.9897867 105.5622582 20190810031102 
1 0.0202 0.0554 0.6021 20.9897867 105.5622582 20190810031102 
1 -0.2306 -0.0210 0.8892 20.9897867 105.5622582 20190810031102 
1 0.1606 0.2248 -0.1875 20.9897867 105.5622582 20190810031102 
1 -0.1863 0.0147 0.0496 20.9897867 105.5622582 20190810031102 
1 0.2901 0.3392 -0.0023 20.9897867 105.5622582 20190810031102 
1 -0.3940 0.0356 -0.6277 20.9897867 105.5622582 20190810031102 
1 0.0420 -0.1044 -0.5355 20.9897867 105.5622582 20190810031102 
1 -0.0344 0.0714 -0.2787 20.9897867 105.5622582 20190810031102 
1 -0.2903 0.2566 -0.6339 20.9897867 105.5622582 20190810031102 
1 -0.0273 0.1687 -1.2286 20.9897867 105.5622582 20190810031102 
1 0.2959 -0.1779 -0.7567 20.9897867 105.5622582 20190810031102 
1 -0.2352 0.2635 -0.7505 20.9897867 105.5622582 20190810031102 
1 0.0078 0.3042 -0.0079 20.9897867 105.5622582 20190810031102 
1 0.0551 -0.0571 0.3410 20.9897867 105.5622582 20190810031102 
1 -0.2643 0.1650 -1.2998 20.9897867 105.5622582 20190810031102 
1 0.2226 0.0890 -1.4565 20.9897867 105.5622582 20190810031102 
1 0.1374 0.0129 0.1586 20.9897867 105.5622582 20190810031102 
1 -0.1137 0.1751 -0.4231 20.9897867 105.5622582 20190810031102 
1 -0.1939 -0.0036 -0.6395 20.9897867 105.5622582 20190810031102 
1 0.3572 0.1613 0.0057 20.9897867 105.5622582 20190810031102 
1 -0.3534 -0.0285 -0.1885 20.9897867 105.5622582 20190810031102 
1 0.1369 0.0218 0.0767 20.9897867 105.5622582 20190810031102 
1 0.0820 0.3093 -0.1568 20.9897867 105.5622582 20190810031102 
1 0.0875 -0.0232 0.1322 20.9897867 105.5622582 20190810031102 
1 -0.1662 0.1058 0.2698 20.9897867 105.5622582 20190810031102 
1 0.2842 0.2624 -0.0667 20.9897867 105.5622582 20190810031102 
1 0.0458 0.1227 -0.1733 20.9897867 105.5622582 20190810031102 
1 -0.3153 -0.1562 0.7453 20.9897867 105.5622582 20190810031102 
1 -0.2871 0.1223 0.6464 20.9897867 105.5622582 20190810031102 
1 -0.3758 0.2285 -0.4173 20.9897867 105.5622582 20190810031102 
1 -0.3221 0.1484 -0.7627 20.9897867 105.5622582 20190810031102 
1 0.1733 -0.2554 -0.0278 20.9897867 105.5622582 20190810031102 
1 0.0814 0.2338 0.2307 20.9897867 105.5622582 20190810031102 
1 -0.1511 0.1707 1.1985 20.9897867 105.5622582 20190810031102 
1 -0.6358 -1.1355 3.0791 20.9897867 105.5622582 20190810031102 
1 -1.8205 -0.4152 1.1612 20.9897867 105.5622582 20190810031102 
1 0.3669 0.7531 -1.9529 20.9897867 105.5622582 20190810031102 
1 0.9695 -1.5985 3.0455 20.9897867 105.5622582 20190810031102 
1 -1.8809 -1.4884 4.8608 20.9897867 105.5622582 20190810031102 
1 0.6847 3.2160 -2.8426 20.9897867 105.5622582 20190810031102 
1 -0.9601 -2.9394 6.2166 20.9897867 105.5622582 20190810031102 
1 -0.7074 1.5950 3.8798 20.9898025 105.5620278 20190810031102 
1 -0.4050 0.6077 -2.5251 20.9898025 105.5620278 20190810031102 
1 1.1580 -1.7677 3.6617 20.9898025 105.5620278 20190810031102 
1 0.0537 3.8174 1.5870 20.9898025 105.5620278 20190810031102 
1 -1.4409 -1.2570 -5.2575 20.9898025 105.5620278 20190810031102 
1 1.4666 -1.5749 1.5978 20.9898025 105.5620278 20190810031102 
1 0.1801 3.4139 -2.3625 20.9898025 105.5620278 20190810031102 
1 -0.1001 -1.9861 -3.2127 20.9898025 105.5620278 20190810031102 
1 0.4496 0.6786 -1.6549 20.9898025 105.5620278 20190810031102 
1 0.1081 0.7731 -2.3497 20.9898025 105.5620278 20190810031103 
1 0.7750 -0.7829 -2.5870 20.9898025 105.5620278 20190810031103 
1 -0.3510 0.8303 -1.7983 20.9898025 105.5620278 20190810031103 
1 0.5576 0.1190 -2.3313 20.9898025 105.5620278 20190810031103 
1 0.0733 -0.1897 -2.1206 20.9898025 105.5620278 20190810031103 
1 -0.1162 0.3361 -1.3069 20.9898025 105.5620278 20190810031103 
1 0.5089 0.0173 -1.5469 20.9898025 105.5620278 20190810031103 
1 -0.3901 0.2221 -1.0316 20.9898025 105.5620278 20190810031103 
1 0.2357 0.2598 -0.2366 20.9898025 105.5620278 20190810031103 
1 -0.2658 -0.0423 -0.2784 20.9898025 105.5620278 20190810031103 
1 -0.1888 0.1523 0.0098 20.9898025 105.5620278 20190810031103 
1 -0.1212 0.2391 0.1509 20.9898025 105.5620278 20190810031103 
1 -0.2087 -0.0185 0.5778 20.9898025 105.5620278 20190810031103 
1 -0.1148 0.0148 0.5136 20.9898025 105.5620278 20190810031103 
1 -0.2529 0.1453 0.2933 20.9898025 105.5620278 20190810031103 
1 -0.3473 0.0695 0.8971 20.9898025 105.5620278 20190810031103 
1 -0.2450 -0.0244 1.0617 20.9898025 105.5620278 20190810031103 
1 -0.0545 0.0918 0.6728 20.9898025 105.5620278 20190810031103 
1 -0.5126 -0.0723 1.1560 20.9898025 105.5620278 20190810031103 
1 -0.3212 0.1647 0.9580 20.9898025 105.5620278 20190810031103 
1 0.2175 0.2158 0.4548 20.9898025 105.5620278 20190810031103 
1 -0.3469 -0.2979 1.6113 20.9898025 105.5620278 20190810031103 
1 -0.0680 0.0403 1.1885 20.9898025 105.5620278 20190810031103 
1 0.2612 0.2569 0.5723 20.9898025 105.5620278 20190810031103 
1 -0.1246 -0.1107 1.6806 20.9898025 105.5620278 20190810031103 
1 0.0158 -0.0554 1.3074 20.9898025 105.5620278 20190810031103 
1 0.4159 0.2750 0.1698 20.9898025 105.5620278 20190810031103 
1 -0.1444 0.1917 0.4094 20.9898025 105.5620278 20190810031103 
1 0.2898 0.2474 0.7893 20.9898025 105.5620278 20190810031103 
1 0.2789 0.2581 0.4946 20.9898025 105.5620278 20190810031103 
1 -0.1601 -0.0413 0.7976 20.9898025 105.5620278 20190810031103 
1 0.5930 0.4516 -0.4707 20.9898025 105.5620278 20190810031103 
1 0.1864 0.2577 -1.0550 20.9898025 105.5620278 20190810031103 
1 -0.4287 -0.3659 -0.3423 20.9898025 105.5620278 20190810031103 
1 -0.0881 -0.4846 0.3338 20.9898025 105.5620278 20190810031103 
1 0.5797 1.1955 -1.9349 20.9898025 105.5620278 20190810031103 
1 -0.7822 -0.5139 -0.1972 20.9898025 105.5620278 20190810031103 
1 0.4589 0.0004 0.2693 20.9898025 105.5620278 20190810031103 
1 0.0289 0.4469 -1.3033 20.9898025 105.5620278 20190810031103 
1 -0.0715 0.0732 0.8894 20.9898025 105.5620278 20190810031103 
1 -0.5389 0.2212 0.2345 20.9898025 105.5620278 20190810031103 
1 -0.2653 -0.0004 -1.6810 20.9898154 105.5618081 20190810031103 
1 0.6391 0.0335 -1.1994 20.9898154 105.5618081 20190810031103 
1 -0.5772 0.0656 0.6551 20.9898154 105.5618081 20190810031103 
1 0.6659 0.3645 -0.1127 20.9898154 105.5618081 20190810031103 
1 -0.6314 -0.1609 -0.8460 20.9898154 105.5618081 20190810031103 
1 -0.1243 0.0020 -0.2562 20.9898154 105.5618081 20190810031103 
1 0.2282 0.1429 -0.4857 20.9898154 105.5618081 20190810031103 
1 -0.0541 0.0011 0.3545 20.9898154 105.5618081 20190810031103 
1 -0.5311 0.1820 0.3889 20.9898154 105.5618081 20190810031103 
1 0.0236 0.2143 -0.5025 20.9898154 105.5618081 20190810031104 
1 0.0111 0.0913 -0.1615 20.9898154 105.5618081 20190810031104 
1 -0.3190 0.1175 -0.0378 20.9898154 105.5618081 20190810031104 
1 -0.1992 0.1594 -0.6298 20.9898154 105.5618081 20190810031104 
1 -0.1956 -0.2143 0.0772 20.9898154 105.5618081 20190810031104 
1 -0.1894 -0.0378 0.3874 20.9898154 105.5618081 20190810031104 
1 -0.1995 -0.0150 -0.0854 20.9898154 105.5618081 20190810031104 
1 -0.2200 0.0070 0.1950 20.9898154 105.5618081 20190810031104 
1 0.1196 0.0071 0.4976 20.9898154 105.5618081 20190810031104 
1 0.1095 0.0157 0.3085 20.9898154 105.5618081 20190810031104 
1 -0.1567 -0.0710 0.6220 20.9898154 105.5618081 20190810031104 
1 0.2016 0.0381 1.1709 20.9898154 105.5618081 20190810031104 
1 0.0575 -0.0288 0.8752 20.9898154 105.5618081 20190810031104 
1 0.6581 -0.0442 0.7540 20.9898154 105.5618081 20190810031104 
1 0.0719 0.0393 0.8288 20.9898154 105.5618081 20190810031104 
1 0.4753 0.1543 0.8745 20.9898154 105.5618081 20190810031104 
1 0.0203 0.0909 0.4224 20.9898154 105.5618081 20190810031104 
1 0.0672 0.0306 0.1201 20.9898154 105.5618081 20190810031104 
1 0.1147 0.1188 -0.1069 20.9898154 105.5618081 20190810031104 
1 -0.2141 0.0887 0.2221 20.9898154 105.5618081 20190810031104 
1 0.1474 0.3412 0.0245 20.9898154 105.5618081 20190810031104 
1 -0.2182 0.0095 -0.5920 20.9898154 105.5618081 20190810031104 
1 -0.1677 -0.0137 -0.5208 20.9898154 105.5618081 20190810031104 
1 -0.0277 -0.0439 -0.9552 20.9898154 105.5618081 20190810031104 
1 0.0115 0.1741 -1.4762 20.9898154 105.5618081 20190810031104 
1 -0.1749 -0.0596 -0.6728 20.9898154 105.5618081 20190810031104 
1 0.5545 -0.2101 -2.0998 20.9898154 105.5618081 20190810031104 
1 0.3722 1.2841 -4.5908 20.9898154 105.5618081 20190810031104 
1 -0.6018 -1.0063 1.7517 20.9898154 105.5618081 20190810031104 
1 0.5273 0.7126 0.2035 20.9898154 105.5618081 20190810031104 
1 0.9098 0.9611 -3.3271 20.9898154 105.5618081 20190810031104 
1 -1.0323 -1.9432 2.0933 20.9898154 105.5618081 20190810031104 
1 1.2541 1.4787 -6.7219 20.9898154 105.5618081 20190810031104 
1 0.3692 0.3941 -2.7203 20.9898154 105.5618081 20190810031104 
1 0.4289 -1.9158 3.5471 20.9898154 105.5618081 20190810031104 
1 -0.8355 1.4532 -2.1078 20.9898154 105.5618081 20190810031104 
1 0.0479 -0.2904 1.7828 20.9898154 105.5618081 20190810031104 
1 0.8132 -0.1717 1.2568 20.9898154 105.5618081 20190810031104 
1 -0.6490 0.3018 -2.5797 20.9898154 105.5618081 20190810031104 
1 0.3843 -0.6376 -0.3056 20.9898154 105.5618081 20190810031104 
1 0.3719 0.5210 2.1064 20.9898154 105.5618081 20190810031104 
1 0.0489 -0.0968 0.0822 20.9898278 105.5615758 20190810031104 
1 -0.5972 -0.3043 -0.0694 20.9898278 105.5615758 20190810031104 
1 0.8685 0.1699 0.9994 20.9898278 105.5615758 20190810031104 
1 0.1175 -0.4142 1.0104 20.9898278 105.5615758 20190810031104 
1 0.2190 0.2496 0.8543 20.9898278 105.5615758 20190810031104 
1 0.5117 0.0975 0.7133 20.9898278 105.5615758 20190810031104 
1 0.5003 -0.2190 1.4715 20.9898278 105.5615758 20190810031105 
1 0.3434 0.1339 1.0968 20.9898278 105.5615758 20190810031105 
1 0.3045 -0.0038 0.5872 20.9898278 105.5615758 20190810031105 
1 0.6194 0.2457 0.9731 20.9898278 105.5615758 20190810031105 
1 0.3220 0.2410 0.1478 20.9898278 105.5615758 20190810031105 
1 0.1855 -0.0198 -0.2524 20.9898278 105.5615758 20190810031105 
1 0.4823 0.1971 -0.2773 20.9898278 105.5615758 20190810031105 
1 0.2799 0.0091 -0.3282 20.9898278 105.5615758 20190810031105 
1 -0.2153 -0.0657 0.0487 20.9898278 105.5615758 20190810031105 
1 0.4562 0.2734 -0.7838 20.9898278 105.5615758 20190810031105 
1 -0.1308 0.1383 -1.2530 20.9898278 105.5615758 20190810031105 
1 0.0431 -0.2393 -0.3506 20.9898278 105.5615758 20190810031105 
1 0.3879 0.1186 -0.6605 20.9898278 105.5615758 20190810031105 
1 0.1459 0.1875 -0.9528 20.9898278 105.5615758 20190810031105 
1 -0.0698 -0.0322 -0.1973 20.9898278 105.5615758 20190810031105 
1 0.3727 0.0485 -0.2588 20.9898278 105.5615758 20190810031105 
1 0.4515 -0.0049 -0.7693 20.9898278 105.5615758 20190810031105 
1 0.0078 0.1339 -0.2894 20.9898278 105.5615758 20190810031105 
1 0.4341 0.1139 -0.0383 20.9898278 105.5615758 20190810031105 
1 0.4023 0.0419 -0.0548 20.9898278 105.5615758 20190810031105 
1 0.2106 -0.0910 0.1102 20.9898278 105.5615758 20190810031105 
1 0.4659 0.0574 0.0501 20.9898278 105.5615758 20190810031105 
1 0.4221 0.1154 0.3848 20.9898278 105.5615758 20190810031105 
1 0.2450 -0.0403 0.7633 20.9898278 105.5615758 20190810031105 
1 0.4809 -0.0340 0.5569 20.9898278 105.5615758 20190810031105 
1 0.2092 0.0470 0.3596 20.9898278 105.5615758 20190810031105 
1 0.1346 0.0476 0.4860 20.9898278 105.5615758 20190810031105 
1 0.2858 -0.0082 0.8606 20.9898278 105.5615758 20190810031105 
1 0.0298 -0.1239 0.7582 20.9898278 105.5615758 20190810031105 
1 0.2185 0.1400 0.3730 20.9898278 105.5615758 20190810031105 
1 -0.0950 0.0403 0.2092 20.9898278 105.5615758 20190810031105 
1 -0.2063 -0.2238 0.6403 20.9898278 105.5615758 20190810031105 
1 0.3333 -0.0510 0.3139 20.9898278 105.5615758 20190810031105 
1 0.1208 0.2338 -0.0751 20.9898278 105.5615758 20190810031105 
1 0.1846 -0.0343 0.4485 20.9898278 105.5615758 20190810031105 
1 -0.0284 -0.1272 0.1998 20.9898278 105.5615758 20190810031105 
1 0.3530 0.1316 -0.3514 20.9898278 105.5615758 20190810031105 
1 -0.0965 0.1379 -0.3731 20.9898278 105.5615758 20190810031105 
1 0.3475 0.2307 -0.1866 20.9898278 105.5615758 20190810031105 
1 0.2242 -0.0546 0.8968 20.9898278 105.5615758 20190810031105 
1 0.0191 -0.0172 -0.2896 20.9898415 105.5613468 20190810031105 
1 -0.1472 0.3956 -2.4612 20.9898415 105.5613468 20190810031105 
1 0.2225 0.0462 -0.5828 20.9898415 105.5613468 20190810031105 
1 0.1365 -0.1492 0.1559 20.9898415 105.5613468 20190810031105 
