1 0.0037 0.2665 0.4175 21.0064547 105.6959597 20190810121204 
1 0.2104 -0.4676 -0.4070 21.0064547 105.6959597 20190810121204 
1 0.1352 -0.0648 -0.6228 21.0064547 105.6959597 20190810121204 
1 0.0808 -0.5021 -0.5726 21.0064547 105.6959597 20190810121204 
1 0.0603 -0.2714 -0.4565 21.0064547 105.6959597 20190810121204 
1 0.0331 -0.2952 -0.5100 21.0064547 105.6959597 20190810121204 
1 0.1689 -0.1630 -0.9159 21.0064547 105.6959597 20190810121204 
1 0.2619 -0.5758 -1.2167 21.0064547 105.6959597 20190810121204 
1 0.1890 -0.3967 -0.6000 21.0064547 105.6959597 20190810121204 
1 0.1555 -0.3906 -1.1291 21.0064547 105.6959597 20190810121205 
1 0.2025 -0.4199 -0.8523 21.0064547 105.6959597 20190810121205 
1 0.1616 -0.4977 -0.9907 21.0064547 105.6959597 20190810121205 
1 0.0546 -0.1921 -0.6435 21.0064547 105.6959597 20190810121205 
1 0.0361 -0.2439 -0.6310 21.0064547 105.6959597 20190810121205 
1 0.2431 -0.2841 -0.9128 21.0064547 105.6959597 20190810121205 
1 0.1138 -0.3609 -1.1336 21.0064547 105.6959597 20190810121205 
1 0.0077 -0.3212 -1.0211 21.0064547 105.6959597 20190810121205 
1 0.1026 -0.1938 -0.6163 21.0064547 105.6959597 20190810121205 
1 0.0352 -0.5787 -0.3070 21.0064547 105.6959597 20190810121205 
1 0.0247 0.2764 0.4145 21.0064547 105.6959597 20190810121205 
1 -0.1128 -0.0180 0.6437 21.0064547 105.6959597 20190810121205 
1 0.0463 0.0679 0.9111 21.0064547 105.6959597 20190810121205 
1 -0.0280 0.2295 0.7205 21.0064547 105.6959597 20190810121205 
1 0.0032 -0.1337 0.2784 21.0064547 105.6959597 20190810121205 
1 -0.0493 -0.1111 1.3897 21.0064547 105.6959597 20190810121205 
1 -0.0580 -0.0563 1.4045 21.0064547 105.6959597 20190810121205 
1 0.0224 0.0317 1.3203 21.0064547 105.6959597 20190810121205 
1 -0.0143 -0.2589 1.7385 21.0064547 105.6959597 20190810121205 
1 0.0796 0.5996 1.6010 21.0064547 105.6959597 20190810121205 
1 0.2192 -0.2257 0.3004 21.0064547 105.6959597 20190810121205 
1 0.2584 -0.1607 0.8166 21.0064547 105.6959597 20190810121205 
1 0.1852 -0.2886 0.5154 21.0064547 105.6959597 20190810121205 
1 0.0419 0.0792 0.2889 21.0064547 105.6959597 20190810121205 
1 0.1427 -0.3310 0.5017 21.0064547 105.6959597 20190810121205 
1 0.3308 0.3419 -0.0862 21.0064547 105.6959597 20190810121205 
1 0.0335 -0.0098 -0.3732 21.0064547 105.6959597 20190810121205 
1 0.1434 -0.0114 -0.4435 21.0064547 105.6959597 20190810121205 
1 0.2664 -0.4751 -0.9778 21.0064547 105.6959597 20190810121205 
1 0.0247 -0.4134 -0.6875 21.0064547 105.6959597 20190810121205 
1 0.1082 -0.3521 -0.8073 21.0064547 105.6959597 20190810121205 
1 0.1126 0.1633 -0.6573 21.0064547 105.6959597 20190810121205 
1 0.2222 -0.3640 -0.4449 21.0064547 105.6959597 20190810121205 
1 0.0061 0.3960 -0.0275 21.0064858 105.6961192 20190810121205 
1 0.1687 -0.2735 -0.9384 21.0064858 105.6961192 20190810121205 
1 0.1152 0.1766 -0.5692 21.0064858 105.6961192 20190810121205 
1 -0.0034 -0.5986 -0.4954 21.0064858 105.6961192 20190810121205 
1 0.1333 -0.0284 -0.0337 21.0064858 105.6961192 20190810121205 
1 0.0826 -0.3472 -0.6897 21.0064858 105.6961192 20190810121205 
1 0.1666 -0.3835 -0.7018 21.0064858 105.6961192 20190810121205 
1 -0.1388 0.1824 0.4067 21.0064858 105.6961192 20190810121205 
1 0.3562 0.0732 -0.4628 21.0064858 105.6961192 20190810121205 
1 0.1326 0.4481 -0.1307 21.0064858 105.6961192 20190810121205 
1 0.0743 -0.0076 0.0358 21.0064858 105.6961192 20190810121205 
1 0.1615 -0.1897 -0.2079 21.0064858 105.6961192 20190810121205 
1 0.2269 -0.0027 -0.6856 21.0064858 105.6961192 20190810121205 
1 -0.3447 0.1729 0.2557 21.0064858 105.6961192 20190810121205 
1 0.0520 0.8563 0.2451 21.0064858 105.6961192 20190810121205 
1 0.2221 1.2487 0.1084 21.0064858 105.6961192 20190810121205 
1 0.2611 0.5447 -0.8118 21.0064858 105.6961192 20190810121206 
1 0.0797 -1.2824 -2.4219 21.0064858 105.6961192 20190810121206 
1 -0.0154 -0.8969 1.2005 21.0064858 105.6961192 20190810121206 
1 0.3402 0.1876 -0.2751 21.0064858 105.6961192 20190810121206 
1 -0.0627 0.1700 -0.8322 21.0064858 105.6961192 20190810121206 
1 0.1030 0.2985 0.9570 21.0064858 105.6961192 20190810121206 
1 -0.1631 0.9694 2.5670 21.0064858 105.6961192 20190810121206 
1 -0.3888 0.7192 0.0304 21.0064858 105.6961192 20190810121206 
1 0.5181 -2.2965 -3.5885 21.0064858 105.6961192 20190810121206 
1 -0.3670 -0.4015 1.1895 21.0064858 105.6961192 20190810121206 
1 -0.7381 0.8166 3.8039 21.0064858 105.6961192 20190810121206 
1 0.1037 -0.4464 -0.8276 21.0064858 105.6961192 20190810121206 
1 0.1486 -0.0368 1.3867 21.0064858 105.6961192 20190810121206 
1 -0.0481 0.7704 3.5668 21.0064858 105.6961192 20190810121206 
1 -0.3013 -0.2780 0.7609 21.0064858 105.6961192 20190810121206 
1 0.1859 0.9102 1.1498 21.0064858 105.6961192 20190810121206 
1 0.0802 -0.4019 1.7476 21.0064858 105.6961192 20190810121206 
1 0.2201 0.4500 1.0950 21.0064858 105.6961192 20190810121206 
1 0.3224 0.2385 0.4337 21.0064858 105.6961192 20190810121206 
1 0.1188 -0.3269 0.8590 21.0064858 105.6961192 20190810121206 
1 0.1293 0.0383 0.1925 21.0064858 105.6961192 20190810121206 
1 0.1299 0.1235 -0.3419 21.0064858 105.6961192 20190810121206 
1 0.2436 -0.7759 -0.2580 21.0064858 105.6961192 20190810121206 
1 0.2392 0.2067 -0.8360 21.0064858 105.6961192 20190810121206 
1 -0.0437 -0.2268 -1.4801 21.0064858 105.6961192 20190810121206 
1 0.0359 -0.1064 -1.0634 21.0064858 105.6961192 20190810121206 
1 0.1523 0.1275 -0.8185 21.0064858 105.6961192 20190810121206 
1 0.2095 -0.2704 -1.5199 21.0064858 105.6961192 20190810121206 
1 0.0560 -0.1743 -1.0149 21.0064858 105.6961192 20190810121206 
1 -0.0539 -0.0424 -0.7173 21.0064858 105.6961192 20190810121206 
1 0.0045 -0.2405 -1.2155 21.0064858 105.6961192 20190810121206 
1 0.1730 0.0787 -0.8807 21.0064858 105.6961192 20190810121206 
1 0.1036 0.0603 -0.6130 21.0064858 105.6961192 20190810121206 
1 -0.0733 -0.2287 -0.4341 21.0065156 105.6962782 20190810121206 
1 0.1187 -0.0063 -0.4474 21.0065156 105.6962782 20190810121206 
1 0.0557 -0.2493 -0.3826 21.0065156 105.6962782 20190810121206 
1 0.0745 -0.2262 0.0005 21.0065156 105.6962782 20190810121206 
1 0.0205 -0.1339 0.2733 21.0065156 105.6962782 20190810121206 
1 -0.0027 -0.1418 -0.1443 21.0065156 105.6962782 20190810121206 
1 -0.0137 -0.1772 -0.1025 21.0065156 105.6962782 20190810121206 
1 0.1273 -0.0783 0.0856 21.0065156 105.6962782 20190810121206 
1 0.1013 -0.1706 0.2436 21.0065156 105.6962782 20190810121206 
1 -0.0201 0.0363 0.3955 21.0065156 105.6962782 20190810121206 
1 0.0070 0.1080 -0.0245 21.0065156 105.6962782 20190810121206 
1 0.0509 -0.1043 0.1685 21.0065156 105.6962782 20190810121206 
1 -0.0190 0.2292 0.5208 21.0065156 105.6962782 20190810121206 
1 0.0119 -0.2558 0.2687 21.0065156 105.6962782 20190810121207 
1 -0.0113 -0.1385 0.4530 21.0065156 105.6962782 20190810121207 
1 -0.1078 0.1092 0.8146 21.0065156 105.6962782 20190810121207 
1 -0.0395 0.1778 0.6020 21.0065156 105.6962782 20190810121207 
1 0.1269 0.2922 0.4218 21.0065156 105.6962782 20190810121207 
1 -0.0835 0.1573 0.3594 21.0065156 105.6962782 20190810121207 
1 -0.0190 0.0465 0.6708 21.0065156 105.6962782 20190810121207 
1 -0.0091 -0.1620 0.7196 21.0065156 105.6962782 20190810121207 
1 0.0462 0.2124 0.4836 21.0065156 105.6962782 20190810121207 
1 0.0341 -0.0719 0.1994 21.0065156 105.6962782 20190810121207 
1 -0.0491 0.0932 0.6986 21.0065156 105.6962782 20190810121207 
1 0.0803 0.1918 0.4241 21.0065156 105.6962782 20190810121207 
1 0.0674 0.2058 -0.3118 21.0065156 105.6962782 20190810121207 
1 0.1106 -0.2550 -0.3175 21.0065156 105.6962782 20190810121207 
1 -0.0238 0.3404 0.2303 21.0065156 105.6962782 20190810121207 
1 0.0362 -0.0411 -0.4879 21.0065156 105.6962782 20190810121207 
1 0.1633 -0.3508 -0.2748 21.0065156 105.6962782 20190810121207 
1 0.0951 -0.1228 -0.1024 21.0065156 105.6962782 20190810121207 
1 -0.1775 0.2332 0.2585 21.0065156 105.6962782 20190810121207 
1 0.1090 -0.4193 -0.1502 21.0065156 105.6962782 20190810121207 
1 0.2444 0.1183 -0.7456 21.0065156 105.6962782 20190810121207 
1 0.0172 0.0317 -0.4946 21.0065156 105.6962782 20190810121207 
1 0.0345 -0.2433 -0.3308 21.0065156 105.6962782 20190810121207 
1 0.0075 -0.6568 -0.1910 21.0065156 105.6962782 20190810121207 
1 0.1563 -0.2102 -0.4520 21.0065156 105.6962782 20190810121207 
1 0.1741 -0.2305 -0.4597 21.0065156 105.6962782 20190810121207 
1 0.0097 -0.2381 0.0173 21.0065156 105.6962782 20190810121207 
1 -0.0050 -0.0960 -0.0529 21.0065156 105.6962782 20190810121207 
1 0.1185 -0.0988 -0.8713 21.0065156 105.6962782 20190810121207 
1 -0.0436 0.0954 -0.5059 21.0065156 105.6962782 20190810121207 
1 0.0233 -0.0110 -0.2865 21.0065156 105.6962782 20190810121207 
1 -0.0945 0.2477 -0.3499 21.0065156 105.6962782 20190810121207 
1 0.0863 -0.2367 -0.3809 21.0065156 105.6962782 20190810121207 
1 -0.1288 0.1337 0.1820 21.0065156 105.6962782 20190810121207 
1 -0.1018 -0.0290 0.1007 21.0065156 105.6962782 20190810121207 
1 0.2431 0.2087 -0.1602 21.0065546 105.6964484 20190810121207 
1 -0.0842 0.2292 0.5522 21.0065546 105.6964484 20190810121207 
1 -0.2429 0.5041 1.0521 21.0065546 105.6964484 20190810121207 
1 -0.0192 -0.1104 0.8150 21.0065546 105.6964484 20190810121207 
1 -0.0324 0.3291 0.6761 21.0065546 105.6964484 20190810121207 
1 -0.0025 0.1376 0.5804 21.0065546 105.6964484 20190810121207 
1 0.0803 -0.1889 0.1247 21.0065546 105.6964484 20190810121207 
1 0.2195 0.0618 -0.1869 21.0065546 105.6964484 20190810121207 
1 -0.1382 0.0382 0.3078 21.0065546 105.6964484 20190810121207 
1 0.1160 -0.1531 0.4671 21.0065546 105.6964484 20190810121207 
1 0.3086 0.2116 0.2324 21.0065546 105.6964484 20190810121207 
1 0.0495 -0.3337 -0.2485 21.0065546 105.6964484 20190810121207 
1 0.0034 -0.0941 0.4901 21.0065546 105.6964484 20190810121207 
1 0.0699 -0.0486 -0.8992 21.0065546 105.6964484 20190810121207 
1 0.0639 -0.2036 -1.4800 21.0065546 105.6964484 20190810121207 
1 0.0477 -0.6583 -0.6519 21.0065546 105.6964484 20190810121207 
1 -0.3243 0.0441 0.8100 21.0065546 105.6964484 20190810121207 
1 0.1123 -0.0140 -0.9837 21.0065546 105.6964484 20190810121208 
1 0.1347 0.2226 -0.8984 21.0065546 105.6964484 20190810121208 
1 -0.0118 -0.3307 -0.0775 21.0065546 105.6964484 20190810121208 
1 -0.3416 0.4703 0.9157 21.0065546 105.6964484 20190810121208 
1 0.1359 -0.1096 -0.2653 21.0065546 105.6964484 20190810121208 
1 0.2471 -0.3483 0.1099 21.0065546 105.6964484 20190810121208 
1 -0.1000 -0.1913 1.0294 21.0065546 105.6964484 20190810121208 
1 -0.1674 0.3449 0.7431 21.0065546 105.6964484 20190810121208 
1 0.3807 0.1919 -0.6175 21.0065546 105.6964484 20190810121208 
1 0.1086 0.5841 -0.0504 21.0065546 105.6964484 20190810121208 
1 0.0442 0.0506 0.3937 21.0065546 105.6964484 20190810121208 
1 0.1587 0.2113 0.4936 21.0065546 105.6964484 20190810121208 
1 0.1465 0.0632 0.0130 21.0065546 105.6964484 20190810121208 
1 -0.0052 0.1641 -0.0041 21.0065546 105.6964484 20190810121208 
1 0.2284 -0.0526 -0.4982 21.0065546 105.6964484 20190810121208 
1 0.0767 0.1134 -0.8725 21.0065546 105.6964484 20190810121208 
1 -0.0996 0.1745 -0.5904 21.0065546 105.6964484 20190810121208 
1 0.0469 -0.5582 -0.6730 21.0065546 105.6964484 20190810121208 
1 -0.0843 -0.2141 0.0815 21.0065546 105.6964484 20190810121208 
1 0.1071 0.1014 -0.3811 21.0065546 105.6964484 20190810121208 
1 0.0136 -0.1210 -0.5215 21.0065546 105.6964484 20190810121208 
1 0.0036 -0.0171 0.1558 21.0065546 105.6964484 20190810121208 
1 0.0788 -0.3340 -0.0344 21.0065546 105.6964484 20190810121208 
1 -0.0970 -0.5953 0.2795 21.0065546 105.6964484 20190810121208 
1 0.0981 -0.4021 0.5357 21.0065546 105.6964484 20190810121208 
1 0.0044 -0.1443 0.4977 21.0065546 105.6964484 20190810121208 
1 -0.0251 0.1018 0.6702 21.0065546 105.6964484 20190810121208 
1 -0.0138 -0.0887 0.9144 21.0065546 105.6964484 20190810121208 
1 -0.0168 0.2040 0.6912 21.0065546 105.6964484 20190810121208 
1 0.2275 -0.5393 -0.2194 21.0065546 105.6964484 20190810121208 
1 -0.0505 0.1682 0.3116 21.0065546 105.6964484 20190810121208 
1 -0.0911 -0.0709 0.1813 21.0065546 105.6964484 20190810121208 
1 0.0383 -0.1428 0.4929 21.0065546 105.6964484 20190810121208 
1 0.0463 0.4700 0.4552 21.0065546 105.6964484 20190810121208 
1 0.1628 0.2139 -0.2022 21.0065894 105.6966254 20190810121208 
1 0.0376 -0.0177 0.3265 21.0065894 105.6966254 20190810121208 
1 0.0886 0.3132 0.2128 21.0065894 105.6966254 20190810121208 
1 0.0854 0.1941 -0.9977 21.0065894 105.6966254 20190810121208 
1 0.0259 0.2795 -0.2120 21.0065894 105.6966254 20190810121208 
1 0.1716 0.3289 0.1226 21.0065894 105.6966254 20190810121208 
1 0.0238 0.6382 -0.4294 21.0065894 105.6966254 20190810121208 
1 0.2762 0.0867 -0.9763 21.0065894 105.6966254 20190810121208 
1 0.0631 -0.0252 -0.6700 21.0065894 105.6966254 20190810121208 
1 0.0780 0.0003 -0.6838 21.0065894 105.6966254 20190810121208 
1 0.2046 0.1806 -0.8845 21.0065894 105.6966254 20190810121208 
1 0.2085 -0.0605 -0.7900 21.0065894 105.6966254 20190810121208 
1 0.1260 0.3564 -0.7835 21.0065894 105.6966254 20190810121208 
1 -0.0809 0.0224 -0.6239 21.0065894 105.6966254 20190810121208 
1 0.1649 0.0338 -0.8368 21.0065894 105.6966254 20190810121208 
1 0.0722 -0.0651 -0.9152 21.0065894 105.6966254 20190810121209 
1 -0.0419 0.0162 -0.5514 21.0065894 105.6966254 20190810121209 
1 -0.0116 -0.1710 0.2060 21.0065894 105.6966254 20190810121209 
1 -0.0916 -0.0544 -0.0153 21.0065894 105.6966254 20190810121209 
1 0.0644 -0.0223 -0.1803 21.0065894 105.6966254 20190810121209 
1 0.0453 0.0854 0.4656 21.0065894 105.6966254 20190810121209 
1 0.0591 -0.1524 0.3411 21.0065894 105.6966254 20190810121209 
1 -0.0518 -0.0394 0.5299 21.0065894 105.6966254 20190810121209 
1 -0.1895 -0.0429 1.4974 21.0065894 105.6966254 20190810121209 
1 0.1589 -0.3775 1.1104 21.0065894 105.6966254 20190810121209 
1 0.0717 0.1335 0.8182 21.0065894 105.6966254 20190810121209 
1 -0.0412 -0.0318 0.8052 21.0065894 105.6966254 20190810121209 
1 -0.0131 0.0629 0.8790 21.0065894 105.6966254 20190810121209 
1 0.0542 -0.4014 0.2528 21.0065894 105.6966254 20190810121209 
1 -0.0689 -0.0779 1.0215 21.0065894 105.6966254 20190810121209 
1 0.1396 0.0536 0.7078 21.0065894 105.6966254 20190810121209 
1 0.2408 -0.1941 -0.4203 21.0065894 105.6966254 20190810121209 
1 -0.0258 0.1660 -0.0871 21.0065894 105.6966254 20190810121209 
1 -0.0626 0.2291 0.3999 21.0065894 105.6966254 20190810121209 
1 0.1031 -0.3403 -0.0018 21.0065894 105.6966254 20190810121209 
1 0.1996 0.0113 -0.3115 21.0065894 105.6966254 20190810121209 
1 0.0975 -0.0693 -0.6381 21.0065894 105.6966254 20190810121209 
1 -0.0212 0.1694 -0.2508 21.0065894 105.6966254 20190810121209 
1 0.0280 -0.5547 -0.5825 21.0065894 105.6966254 20190810121209 
1 0.0992 0.2052 -0.3510 21.0065894 105.6966254 20190810121209 
1 0.1619 -0.0885 -0.5779 21.0065894 105.6966254 20190810121209 
1 0.1537 -0.2192 -0.2320 21.0065894 105.6966254 20190810121209 
1 0.0604 -0.1756 -0.0992 21.0065894 105.6966254 20190810121209 
1 -0.0462 0.0981 -0.3226 21.0065894 105.6966254 20190810121209 
1 -0.0044 -0.1720 -0.0863 21.0065894 105.6966254 20190810121209 
1 0.1575 0.3634 0.0951 21.0065894 105.6966254 20190810121209 
1 -0.0797 0.1459 -0.2995 21.0065894 105.6966254 20190810121209 
1 0.0706 -0.1165 -0.1427 21.0065894 105.6966254 20190810121209 
1 -0.0656 0.2649 0.4315 21.0065894 105.6966254 20190810121209 
1 0.0334 0.1255 0.0661 21.0066484 105.6968073 20190810121209 
1 0.2614 -0.1011 0.3366 21.0066484 105.6968073 20190810121209 
1 -0.0687 0.5178 0.8138 21.0066484 105.6968073 20190810121209 
1 0.0312 0.0672 0.3000 21.0066484 105.6968073 20190810121209 
1 0.1594 0.1386 0.2324 21.0066484 105.6968073 20190810121209 
1 0.0673 0.0828 0.1753 21.0066484 105.6968073 20190810121209 
1 0.0260 -0.0721 -0.2990 21.0066484 105.6968073 20190810121209 
1 0.0867 -0.2817 0.0206 21.0066484 105.6968073 20190810121209 
1 0.0660 0.1387 0.1152 21.0066484 105.6968073 20190810121209 
1 0.0180 -0.3789 -0.6130 21.0066484 105.6968073 20190810121209 
1 0.0434 -0.2919 0.1690 21.0066484 105.6968073 20190810121209 
1 0.0356 0.0815 -0.1219 21.0066484 105.6968073 20190810121209 
1 0.0314 -0.2682 -0.5363 21.0066484 105.6968073 20190810121209 
1 -0.0590 -0.3021 0.2923 21.0066484 105.6968073 20190810121209 
1 0.0173 -0.1332 0.1497 21.0066484 105.6968073 20190810121209 
1 -0.1070 -0.0967 0.0947 21.0066484 105.6968073 20190810121209 
1 0.0790 -0.3577 0.2221 21.0066484 105.6968073 20190810121209 
1 -0.2210 -0.0717 0.5835 21.0066484 105.6968073 20190810121210 
1 -0.1810 0.0414 0.6121 21.0066484 105.6968073 20190810121210 
1 -0.0816 -0.0497 0.9639 21.0066484 105.6968073 20190810121210 
1 -0.0625 0.2153 0.3682 21.0066484 105.6968073 20190810121210 
1 0.0778 0.1115 -0.1208 21.0066484 105.6968073 20190810121210 
1 -0.1687 0.1589 0.8005 21.0066484 105.6968073 20190810121210 
1 0.0775 0.0016 0.1664 21.0066484 105.6968073 20190810121210 
1 -0.0468 -0.1064 -0.1573 21.0066484 105.6968073 20190810121210 
1 -0.1025 0.1432 0.0467 21.0066484 105.6968073 20190810121210 
1 0.0247 0.1436 -0.2328 21.0066484 105.6968073 20190810121210 
1 -0.1051 0.0432 -0.5020 21.0066484 105.6968073 20190810121210 
1 -0.0855 0.1011 -0.2118 21.0066484 105.6968073 20190810121210 
1 -0.1702 0.0999 -0.2279 21.0066484 105.6968073 20190810121210 
1 0.0063 -0.2124 -0.8848 21.0066484 105.6968073 20190810121210 
1 -0.0103 -0.1287 -0.5755 21.0066484 105.6968073 20190810121210 
1 -0.1421 -0.0382 -0.1372 21.0066484 105.6968073 20190810121210 
1 -0.1489 -0.1503 0.1130 21.0066484 105.6968073 20190810121210 
1 -0.0788 -0.0370 0.1773 21.0066484 105.6968073 20190810121210 
1 -0.0109 0.2310 -0.0248 21.0066484 105.6968073 20190810121210 
1 -0.0906 -0.2031 -0.1367 21.0066484 105.6968073 20190810121210 
1 -0.0452 -0.0207 0.2034 21.0066484 105.6968073 20190810121210 
1 -0.1687 0.0054 0.0142 21.0066484 105.6968073 20190810121210 
1 -0.2196 -0.0451 0.4083 21.0066484 105.6968073 20190810121210 
1 0.0556 -0.1274 0.3335 21.0066484 105.6968073 20190810121210 
1 -0.1663 0.2441 0.4754 21.0066484 105.6968073 20190810121210 
1 -0.0967 -0.0430 0.4932 21.0066484 105.6968073 20190810121210 
1 -0.0481 -0.2142 0.2560 21.0066484 105.6968073 20190810121210 
1 -0.1411 -0.0997 0.2512 21.0066484 105.6968073 20190810121210 
1 -0.1428 -0.0457 0.2910 21.0066484 105.6968073 20190810121210 
1 0.0225 -0.0029 0.2061 21.0066484 105.6968073 20190810121210 
1 -0.0639 0.1207 -0.0177 21.0066825 105.6969981 20190810121210 
1 -0.1316 -0.3305 0.1272 21.0066825 105.6969981 20190810121210 
1 -0.0146 -0.0285 0.2087 21.0066825 105.6969981 20190810121210 
1 0.0364 -0.0573 -0.6957 21.0066825 105.6969981 20190810121210 
1 0.0140 -0.2132 -0.5064 21.0066825 105.6969981 20190810121210 
1 0.0071 -0.1616 -0.0120 21.0066825 105.6969981 20190810121210 
1 -0.0706 0.1503 -0.6288 21.0066825 105.6969981 20190810121210 
1 -0.0974 -0.3301 -0.1980 21.0066825 105.6969981 20190810121210 
1 0.0836 0.3056 -0.4787 21.0066825 105.6969981 20190810121210 
1 -0.0136 -0.0844 -1.0718 21.0066825 105.6969981 20190810121210 
1 0.0756 -0.0762 -0.5775 21.0066825 105.6969981 20190810121210 
1 -0.0343 -0.0357 -0.8300 21.0066825 105.6969981 20190810121210 
1 -0.0859 0.1006 -0.9770 21.0066825 105.6969981 20190810121210 
1 0.2102 -0.2138 -0.8577 21.0066825 105.6969981 20190810121210 
1 -0.0520 0.2388 -0.3238 21.0066825 105.6969981 20190810121210 
1 -0.0579 0.2175 -0.5954 21.0066825 105.6969981 20190810121210 
1 0.0430 -0.1293 -0.7520 21.0066825 105.6969981 20190810121210 
1 0.0235 0.1398 -0.6933 21.0066825 105.6969981 20190810121210 
1 0.0625 0.0236 -0.8254 21.0066825 105.6969981 20190810121211 
1 -0.0797 -0.2363 -0.4997 21.0066825 105.6969981 20190810121211 
1 -0.0075 -0.0613 -0.1731 21.0066825 105.6969981 20190810121211 
1 -0.2077 -0.2040 0.3395 21.0066825 105.6969981 20190810121211 
1 -0.0365 -0.1951 0.0186 21.0066825 105.6969981 20190810121211 
1 -0.1415 0.3591 0.2948 21.0066825 105.6969981 20190810121211 
1 -0.1863 0.0026 0.3088 21.0066825 105.6969981 20190810121211 
1 -0.1272 -0.0312 0.6555 21.0066825 105.6969981 20190810121211 
1 -0.2764 -0.0677 0.7676 21.0066825 105.6969981 20190810121211 
1 -0.0847 -0.2920 0.1919 21.0066825 105.6969981 20190810121211 
1 0.0305 -0.0153 1.0709 21.0066825 105.6969981 20190810121211 
1 -0.0596 -0.0690 1.0786 21.0066825 105.6969981 20190810121211 
1 -0.1436 0.1151 1.4590 21.0066825 105.6969981 20190810121211 
1 -0.0723 0.2482 1.1770 21.0066825 105.6969981 20190810121211 
1 0.0687 -0.0315 0.1986 21.0066825 105.6969981 20190810121211 
1 0.1304 -0.0392 0.1779 21.0066825 105.6969981 20190810121211 
1 0.0304 0.1430 -0.1029 21.0066825 105.6969981 20190810121211 
1 -0.1907 -0.2729 -0.2869 21.0066825 105.6969981 20190810121211 
1 -0.0567 -0.2031 0.3392 21.0066825 105.6969981 20190810121211 
1 -0.0289 0.1046 -0.0032 21.0066825 105.6969981 20190810121211 
1 -0.0430 -0.0834 -0.3402 21.0066825 105.6969981 20190810121211 
1 0.0801 -0.2270 -0.5375 21.0066825 105.6969981 20190810121211 
1 -0.1692 0.3463 -0.2072 21.0066825 105.6969981 20190810121211 
1 0.0181 -0.5111 -0.6552 21.0066825 105.6969981 20190810121211 
1 0.0701 -0.1498 0.1805 21.0066825 105.6969981 20190810121211 
1 0.0960 -0.1370 -0.2485 21.0066825 105.6969981 20190810121211 
1 -0.1928 0.0481 0.1983 21.0066825 105.6969981 20190810121211 
1 -0.0998 0.0152 0.1102 21.0066825 105.6969981 20190810121211 
1 0.2953 0.2017 -0.9778 21.0066825 105.6969981 20190810121211 
1 -0.1622 -0.2025 -0.0533 21.0066825 105.6969981 20190810121211 
1 0.1227 -0.1771 -0.1477 21.0066825 105.6969981 20190810121211 
1 0.0410 -0.2114 -0.6466 21.0066825 105.6969981 20190810121211 
1 0.1335 -0.3821 -0.3091 21.0066825 105.6969981 20190810121211 
1 0.1049 0.4780 -0.1610 21.0066825 105.6969981 20190810121211 
1 -0.0528 -0.1474 -0.6566 21.0066825 105.6969981 20190810121211 
1 0.1477 -0.1998 -0.5145 21.0067246 105.6971945 20190810121211 
1 -0.1903 0.0444 -0.6302 21.0067246 105.6971945 20190810121211 
1 0.0628 -0.1874 -1.0825 21.0067246 105.6971945 20190810121211 
1 -0.0630 -0.1861 -0.5506 21.0067246 105.6971945 20190810121211 
1 -0.1166 -0.0191 -0.2172 21.0067246 105.6971945 20190810121211 
1 0.0683 -0.6248 -0.8908 21.0067246 105.6971945 20190810121211 
1 -0.1711 -0.2933 0.3445 21.0067246 105.6971945 20190810121211 
1 -0.3279 0.1761 1.2297 21.0067246 105.6971945 20190810121211 
1 0.0345 0.0825 0.2372 21.0067246 105.6971945 20190810121211 
1 -0.0276 -0.0344 0.6650 21.0067246 105.6971945 20190810121211 
1 -0.2010 0.0268 0.9404 21.0067246 105.6971945 20190810121211 
1 -0.2702 -0.1719 0.9963 21.0067246 105.6971945 20190810121211 
1 0.0556 -0.1424 1.0106 21.0067246 105.6971945 20190810121211 
1 -0.1047 -0.3201 1.3294 21.0067246 105.6971945 20190810121211 
1 -0.0368 0.1072 1.6734 21.0067246 105.6971945 20190810121211 
1 0.0768 0.1067 0.8085 21.0067246 105.6971945 20190810121211 
1 -0.1347 -0.2066 0.7156 21.0067246 105.6971945 20190810121212 
1 0.0529 -0.0389 1.0574 21.0067246 105.6971945 20190810121212 
1 0.0146 0.4344 0.5668 21.0067246 105.6971945 20190810121212 
1 0.2601 -0.2384 -0.6564 21.0067246 105.6971945 20190810121212 
1 -0.1713 -0.1655 -0.0636 21.0067246 105.6971945 20190810121212 
1 -0.0354 -0.0179 -0.4681 21.0067246 105.6971945 20190810121212 
1 -0.0969 -0.0376 -0.7646 21.0067246 105.6971945 20190810121212 
1 0.0168 -0.2243 -0.4899 21.0067246 105.6971945 20190810121212 
1 0.0784 0.6963 -0.3050 21.0067246 105.6971945 20190810121212 
1 -0.2007 -0.2081 -0.7233 21.0067246 105.6971945 20190810121212 
1 -0.1858 0.0439 -0.2393 21.0067246 105.6971945 20190810121212 
1 -0.0814 -0.0239 -0.6120 21.0067246 105.6971945 20190810121212 
1 0.0048 -0.2880 -0.4923 21.0067246 105.6971945 20190810121212 
1 -0.1948 0.1986 0.7702 21.0067246 105.6971945 20190810121212 
1 -0.3336 0.0608 0.3960 21.0067246 105.6971945 20190810121212 
1 -0.0057 0.2828 -0.1148 21.0067246 105.6971945 20190810121212 
1 -0.0025 0.1303 0.7789 21.0067246 105.6971945 20190810121212 
1 -0.1163 -0.2729 1.0341 21.0067246 105.6971945 20190810121212 
1 -0.1765 -0.1380 0.9544 21.0067246 105.6971945 20190810121212 
1 -0.2233 -0.0509 0.7316 21.0067246 105.6971945 20190810121212 
1 -0.1593 0.0852 0.9774 21.0067246 105.6971945 20190810121212 
1 0.0960 -0.3372 0.4091 21.0067246 105.6971945 20190810121212 
1 -0.0863 0.2916 0.6893 21.0067246 105.6971945 20190810121212 
1 -0.2154 -0.4874 0.1624 21.0067246 105.6971945 20190810121212 
1 -0.0676 -0.0266 0.4307 21.0067246 105.6971945 20190810121212 
1 -0.0599 0.0209 0.1338 21.0067246 105.6971945 20190810121212 
1 -0.1142 -0.1906 0.1147 21.0067246 105.6971945 20190810121212 
1 -0.1022 0.0491 -0.2229 21.0067246 105.6971945 20190810121212 
1 -0.1286 -0.3677 -0.4350 21.0067246 105.6971945 20190810121212 
1 -0.3431 0.0799 0.1860 21.0067246 105.6971945 20190810121212 
1 0.1238 -0.1054 -0.5272 21.0067246 105.6971945 20190810121212 
1 -0.1633 0.0159 -0.4691 21.006768 105.6973888 20190810121212 
1 -0.2527 -0.4103 0.0061 21.006768 105.6973888 20190810121212 
1 -0.1083 0.0139 -0.3018 21.006768 105.6973888 20190810121212 
1 -0.0742 -0.0058 -0.5480 21.006768 105.6973888 20190810121212 
1 -0.0187 0.1011 0.0116 21.006768 105.6973888 20190810121212 
1 -0.2412 0.2990 0.2570 21.006768 105.6973888 20190810121212 
1 0.0751 -0.6339 -0.7109 21.006768 105.6973888 20190810121212 
1 -0.1385 0.0160 0.0568 21.006768 105.6973888 20190810121212 
1 -0.2163 -0.0513 0.1149 21.006768 105.6973888 20190810121212 
1 -0.1033 0.0340 0.3490 21.006768 105.6973888 20190810121212 
1 0.1439 -0.2309 -0.5889 21.006768 105.6973888 20190810121212 
1 -0.2633 0.3100 0.1484 21.006768 105.6973888 20190810121212 
1 -0.1929 -0.2008 -0.2906 21.006768 105.6973888 20190810121212 
1 0.0314 -0.2181 -0.5940 21.006768 105.6973888 20190810121212 
1 -0.2012 -0.2561 0.1129 21.006768 105.6973888 20190810121212 
1 -0.0731 0.1005 0.1034 21.006768 105.6973888 20190810121212 
1 -0.2783 -0.6498 -0.0359 21.006768 105.6973888 20190810121212 
1 0.0017 0.1246 -0.1377 21.006768 105.6973888 20190810121213 
1 -0.1479 -0.1695 -0.4514 21.006768 105.6973888 20190810121213 
1 0.1605 0.0364 -0.4098 21.006768 105.6973888 20190810121213 
1 -0.0502 -0.2266 0.0950 21.006768 105.6973888 20190810121213 
1 -0.0601 -0.3798 -0.4063 21.006768 105.6973888 20190810121213 
1 -0.0588 0.0990 -0.0409 21.006768 105.6973888 20190810121213 
1 -0.1134 -0.2933 -0.3688 21.006768 105.6973888 20190810121213 
1 0.0504 -0.2024 -0.8362 21.006768 105.6973888 20190810121213 
1 -0.0037 -0.0082 -1.2613 21.006768 105.6973888 20190810121213 
1 -0.0713 -0.4107 -1.1059 21.006768 105.6973888 20190810121213 
1 -0.1807 -0.2309 -0.2088 21.006768 105.6973888 20190810121213 
1 -0.0319 0.0063 -0.2411 21.006768 105.6973888 20190810121213 
1 0.0374 -0.4905 -0.7770 21.006768 105.6973888 20190810121213 
1 -0.2027 0.0506 -0.0506 21.006768 105.6973888 20190810121213 
1 -0.0546 0.2009 -0.7335 21.006768 105.6973888 20190810121213 
1 -0.1224 -0.2895 -0.6346 21.006768 105.6973888 20190810121213 
1 -0.0835 0.1448 0.1136 21.006768 105.6973888 20190810121213 
1 -0.0346 0.1659 0.0475 21.006768 105.6973888 20190810121213 
1 0.0771 -0.3270 0.0698 21.006768 105.6973888 20190810121213 
1 -0.1137 0.0444 0.3827 21.006768 105.6973888 20190810121213 
1 -0.0807 0.0936 0.1414 21.006768 105.6973888 20190810121213 
1 -0.0191 -0.0430 0.2479 21.006768 105.6973888 20190810121213 
1 -0.0035 -0.1485 0.0603 21.006768 105.6973888 20190810121213 
1 -0.0475 0.2946 -0.0042 21.006768 105.6973888 20190810121213 
1 -0.1560 -0.4101 -0.1542 21.006768 105.6973888 20190810121213 
1 0.0806 0.4101 -0.2130 21.006768 105.6973888 20190810121213 
1 -0.0803 -0.5778 -0.6019 21.006768 105.6973888 20190810121213 
1 0.0169 -0.0069 0.2766 21.006768 105.6973888 20190810121213 
1 -0.1158 0.0425 -0.0041 21.006768 105.6973888 20190810121213 
1 -0.0356 -0.3150 -0.3959 21.006768 105.6973888 20190810121213 
1 0.0123 -0.0218 0.0741 21.006768 105.6973888 20190810121213 
1 -0.1372 -0.0037 -0.1203 21.006768 105.6973888 20190810121213 
1 -0.0167 -0.3393 -0.3824 21.006768 105.6973888 20190810121213 
1 -0.1971 -0.0467 0.2864 21.0068108 105.6975843 20190810121213 
1 -0.0957 0.1047 0.1617 21.0068108 105.6975843 20190810121213 
1 -0.0766 -0.1977 0.3181 21.0068108 105.6975843 20190810121213 
1 -0.1313 0.1538 0.8094 21.0068108 105.6975843 20190810121213 
1 -0.0502 -0.0299 0.1466 21.0068108 105.6975843 20190810121213 
1 -0.2097 -0.1016 0.1624 21.0068108 105.6975843 20190810121213 
1 -0.1180 0.2583 1.0666 21.0068108 105.6975843 20190810121213 
1 -0.0453 -0.0122 0.7140 21.0068108 105.6975843 20190810121213 
1 -0.1103 0.1819 0.9002 21.0068108 105.6975843 20190810121213 
1 -0.1653 0.2936 1.3345 21.0068108 105.6975843 20190810121213 
1 -0.0340 -0.0381 0.3635 21.0068108 105.6975843 20190810121213 
1 -0.0298 0.4205 0.4199 21.0068108 105.6975843 20190810121213 
1 -0.1007 -0.0469 0.4666 21.0068108 105.6975843 20190810121213 
1 -0.0526 -0.0260 0.5505 21.0068108 105.6975843 20190810121213 
1 -0.1939 0.0857 0.0939 21.0068108 105.6975843 20190810121213 
1 -0.1150 0.1741 0.3572 21.0068108 105.6975843 20190810121213 
1 0.0368 -0.0420 0.0892 21.0068108 105.6975843 20190810121214 
1 0.0166 0.2329 0.0779 21.0068108 105.6975843 20190810121214 
1 -0.1067 -0.0734 0.0329 21.0068108 105.6975843 20190810121214 
1 -0.1032 0.3123 -0.2186 21.0068108 105.6975843 20190810121214 
1 0.1005 -0.0482 -0.7660 21.0068108 105.6975843 20190810121214 
1 -0.0121 0.1611 -0.1345 21.0068108 105.6975843 20190810121214 
1 -0.0778 -0.0259 0.1760 21.0068108 105.6975843 20190810121214 
1 0.0625 0.2384 -0.5199 21.0068108 105.6975843 20190810121214 
1 0.1248 -0.2149 -1.1931 21.0068108 105.6975843 20190810121214 
1 0.0777 0.3497 -0.4581 21.0068108 105.6975843 20190810121214 
1 0.0692 -0.1126 -0.9142 21.0068108 105.6975843 20190810121214 
1 -0.0102 -0.0017 -0.6915 21.0068108 105.6975843 20190810121214 
1 0.1178 -0.1160 -1.0583 21.0068108 105.6975843 20190810121214 
1 -0.0298 0.2850 -0.7574 21.0068108 105.6975843 20190810121214 
1 0.1361 -0.4288 -1.2674 21.0068108 105.6975843 20190810121214 
1 -0.0174 0.3536 -0.8262 21.0068108 105.6975843 20190810121214 
1 -0.0792 -0.1071 -0.9968 21.0068108 105.6975843 20190810121214 
1 0.0317 -0.0945 -0.7946 21.0068108 105.6975843 20190810121214 
1 -0.0287 0.1267 -0.6434 21.0068108 105.6975843 20190810121214 
1 0.0097 -0.0391 -0.7001 21.0068108 105.6975843 20190810121214 
1 -0.0488 0.0597 -0.1797 21.0068108 105.6975843 20190810121214 
1 -0.0869 0.2061 0.0798 21.0068108 105.6975843 20190810121214 
1 0.0015 -0.1436 -0.3059 21.0068108 105.6975843 20190810121214 
1 -0.0822 0.4127 0.3072 21.0068108 105.6975843 20190810121214 
1 -0.0557 -0.1455 0.3509 21.0068108 105.6975843 20190810121214 
1 -0.2022 0.0758 0.8154 21.0068108 105.6975843 20190810121214 
1 -0.1427 0.1696 0.7939 21.0068108 105.6975843 20190810121214 
1 -0.0267 0.2269 0.5629 21.0068108 105.6975843 20190810121214 
1 -0.1174 0.0520 1.2228 21.0068108 105.6975843 20190810121214 
1 -0.1193 0.2242 1.2814 21.0068108 105.6975843 20190810121214 
1 -0.1926 0.1066 0.9330 21.0068108 105.6975843 20190810121214 
1 -0.1536 0.1163 1.1628 21.0068108 105.6975843 20190810121214 
1 -0.1736 0.3595 1.1395 21.0068108 105.6975843 20190810121214 
1 -0.1690 -0.0018 0.8448 21.0068541 105.6977803 20190810121214 
1 -0.3832 0.1946 1.2412 21.0068541 105.6977803 20190810121214 
1 -0.2232 0.2289 0.4881 21.0068541 105.6977803 20190810121214 
1 -0.1031 0.0238 0.3813 21.0068541 105.6977803 20190810121214 
1 -0.1567 0.0801 0.5359 21.0068541 105.6977803 20190810121214 
1 -0.0478 0.1465 -0.1726 21.0068541 105.6977803 20190810121214 
1 -0.0309 -0.1322 0.0581 21.0068541 105.6977803 20190810121214 
1 -0.2504 0.2807 0.0983 21.0068541 105.6977803 20190810121214 
1 -0.0981 0.0906 -0.4602 21.0068541 105.6977803 20190810121214 
1 0.0109 -0.2104 -0.4449 21.0068541 105.6977803 20190810121214 
1 -0.1946 0.1101 -0.2753 21.0068541 105.6977803 20190810121214 
1 -0.2218 -0.0183 -0.4495 21.0068541 105.6977803 20190810121214 
1 -0.0691 -0.1116 -0.5634 21.0068541 105.6977803 20190810121214 
1 -0.0722 0.0327 -0.5272 21.0068541 105.6977803 20190810121214 
1 -0.2347 0.0323 -0.4547 21.0068541 105.6977803 20190810121214 
1 -0.1806 0.0091 -0.5548 21.0068541 105.6977803 20190810121214 
1 -0.2038 -0.0330 -0.6062 21.0068541 105.6977803 20190810121215 
1 -0.1232 0.0728 -0.4470 21.0068541 105.6977803 20190810121215 
1 -0.1399 0.1823 -0.2887 21.0068541 105.6977803 20190810121215 
1 -0.1502 0.0866 -0.3998 21.0068541 105.6977803 20190810121215 
1 -0.1519 -0.1393 -0.2154 21.0068541 105.6977803 20190810121215 
1 -0.2838 0.1842 -0.2536 21.0068541 105.6977803 20190810121215 
1 -0.0996 0.1481 -0.3422 21.0068541 105.6977803 20190810121215 
1 -0.2021 -0.0283 0.3028 21.0068541 105.6977803 20190810121215 
1 -0.2271 0.3073 0.1340 21.0068541 105.6977803 20190810121215 
1 -0.2719 0.0895 -0.0887 21.0068541 105.6977803 20190810121215 
1 -0.2769 0.1066 -0.0506 21.0068541 105.6977803 20190810121215 
1 -0.1523 0.0114 -0.0300 21.0068541 105.6977803 20190810121215 
1 -0.2654 0.2285 0.1631 21.0068541 105.6977803 20190810121215 
1 -0.1500 -0.3072 0.2731 21.0068541 105.6977803 20190810121215 
1 -0.3201 0.4202 0.4147 21.0068541 105.6977803 20190810121215 
1 -0.2748 -0.0945 0.1649 21.0068541 105.6977803 20190810121215 
1 -0.1417 0.1337 0.5308 21.0068541 105.6977803 20190810121215 
1 -0.2910 0.0292 0.3501 21.0068541 105.6977803 20190810121215 
1 -0.2785 -0.0813 0.4870 21.0068541 105.6977803 20190810121215 
1 -0.2509 -0.0025 0.3814 21.0068541 105.6977803 20190810121215 
1 -0.3269 -0.0159 0.3753 21.0068541 105.6977803 20190810121215 
1 -0.1272 -0.1789 0.6508 21.0068541 105.6977803 20190810121215 
1 -0.2591 0.0683 0.2931 21.0068541 105.6977803 20190810121215 
1 -0.2952 -0.0959 0.1629 21.0068541 105.6977803 20190810121215 
1 -0.2040 -0.1132 0.4187 21.0068541 105.6977803 20190810121215 
1 -0.1205 0.3143 0.0216 21.0068541 105.6977803 20190810121215 
1 -0.3248 -0.3935 0.1965 21.0068541 105.6977803 20190810121215 
1 -0.1709 0.0557 0.6016 21.0068541 105.6977803 20190810121215 
1 -0.2944 0.0485 -0.3621 21.0068541 105.6977803 20190810121215 
1 -0.2687 -0.0669 -0.0846 21.0068541 105.6977803 20190810121215 
1 -0.2111 0.0484 0.3130 21.0068541 105.6977803 20190810121215 
1 -0.1412 0.1922 -0.2044 21.0068541 105.6977803 20190810121215 
1 -0.2523 -0.0492 0.1641 21.0068541 105.6977803 20190810121215 
1 -0.2619 0.0948 0.1501 21.0068541 105.6977803 20190810121215 
1 -0.1975 0.0355 -0.4086 21.0068541 105.6977803 20190810121215 
1 -0.1984 0.0141 -0.0356 21.0068963 105.6979794 20190810121215 
1 -0.1978 0.2460 0.1694 21.0068963 105.6979794 20190810121215 
1 -0.2886 -0.0657 -0.1197 21.0068963 105.6979794 20190810121215 
1 -0.3277 0.1890 0.2037 21.0068963 105.6979794 20190810121215 
1 -0.0620 0.1862 -0.2446 21.0068963 105.6979794 20190810121215 
1 -0.2380 -0.0131 0.2295 21.0068963 105.6979794 20190810121215 
1 -0.3258 0.0459 0.3332 21.0068963 105.6979794 20190810121215 
1 -0.3477 0.1629 -0.1062 21.0068963 105.6979794 20190810121215 
1 -0.1414 0.0499 -0.2278 21.0068963 105.6979794 20190810121215 
1 -0.1017 0.0360 0.2415 21.0068963 105.6979794 20190810121215 
1 -0.2048 0.1450 -0.0943 21.0068963 105.6979794 20190810121215 
1 -0.1941 -0.2117 -0.1111 21.0068963 105.6979794 20190810121215 
1 -0.1535 0.2479 -0.1213 21.0068963 105.6979794 20190810121215 
1 -0.0766 0.0347 -0.3880 21.0068963 105.6979794 20190810121215 
1 -0.2416 -0.2217 0.0416 21.0068963 105.6979794 20190810121215 
1 -0.3056 0.2618 -0.0557 21.0068963 105.6979794 20190810121215 
1 -0.4074 -0.0869 -0.6461 21.0068963 105.6979794 20190810121216 
1 -0.2959 0.0684 0.0800 21.0068963 105.6979794 20190810121216 
1 -0.1564 0.0933 -0.1722 21.0068963 105.6979794 20190810121216 
1 -0.3318 0.0146 -0.0743 21.0068963 105.6979794 20190810121216 
1 -0.3506 -0.0417 0.1214 21.0068963 105.6979794 20190810121216 
1 -0.2013 0.2165 -0.0859 21.0068963 105.6979794 20190810121216 
1 -0.3370 0.1509 0.0086 21.0068963 105.6979794 20190810121216 
1 -0.3700 -0.0288 0.6010 21.0068963 105.6979794 20190810121216 
1 -0.4169 0.3127 0.3752 21.0068963 105.6979794 20190810121216 
1 -0.5674 0.0033 0.8104 21.0068963 105.6979794 20190810121216 
1 -0.0294 0.2031 0.1878 21.0068963 105.6979794 20190810121216 
1 -0.3521 0.2067 0.1845 21.0068963 105.6979794 20190810121216 
1 -0.3659 0.1017 1.0071 21.0068963 105.6979794 20190810121216 
1 -0.1415 0.4104 0.4979 21.0068963 105.6979794 20190810121216 
1 -0.2048 -0.0461 -0.0251 21.0068963 105.6979794 20190810121216 
1 -0.4415 0.5016 1.3453 21.0068963 105.6979794 20190810121216 
1 -0.0574 0.1630 -0.4301 21.0068963 105.6979794 20190810121216 
1 -0.1172 0.0087 -0.9872 21.0068963 105.6979794 20190810121216 
1 -0.3675 0.2082 -0.3241 21.0068963 105.6979794 20190810121216 
1 -0.0525 0.4258 -0.7956 21.0068963 105.6979794 20190810121216 
1 -0.2263 -0.1776 -1.0280 21.0068963 105.6979794 20190810121216 
1 -0.2213 0.2454 -0.6379 21.0068963 105.6979794 20190810121216 
1 0.1313 0.2026 -1.4728 21.0068963 105.6979794 20190810121216 
1 -0.1540 -0.0221 -1.3062 21.0068963 105.6979794 20190810121216 
1 -0.2344 0.1128 -1.0719 21.0068963 105.6979794 20190810121216 
1 -0.0687 0.1685 -1.6534 21.0068963 105.6979794 20190810121216 
1 -0.0530 -0.1283 -1.0274 21.0068963 105.6979794 20190810121216 
1 -0.1290 0.1494 -0.7113 21.0068963 105.6979794 20190810121216 
1 -0.3069 0.1148 -0.9825 21.0068963 105.6979794 20190810121216 
1 -0.1086 0.0546 -0.5500 21.0068963 105.6979794 20190810121216 
1 0.0049 0.1773 -0.0995 21.0068963 105.6979794 20190810121216 
1 -0.2216 -0.0213 -0.2988 21.0068963 105.6979794 20190810121216 
1 -0.2774 0.1094 0.1576 21.0068963 105.6979794 20190810121216 
1 -0.1966 0.1342 0.2336 21.0068963 105.6979794 20190810121216 
1 -0.0625 0.0059 0.1223 21.0069363 105.6981775 20190810121216 
1 -0.2326 0.0715 0.5944 21.0069363 105.6981775 20190810121216 
1 -0.2415 0.1677 0.6588 21.0069363 105.6981775 20190810121216 
1 -0.2701 0.1669 0.6150 21.0069363 105.6981775 20190810121216 
1 -0.1301 0.0331 0.6992 21.0069363 105.6981775 20190810121216 
1 -0.1113 0.1093 0.7647 21.0069363 105.6981775 20190810121216 
1 -0.1895 0.3890 0.3928 21.0069363 105.6981775 20190810121216 
1 -0.3934 -0.1123 0.9552 21.0069363 105.6981775 20190810121216 
1 0.0149 0.5261 0.8359 21.0069363 105.6981775 20190810121216 
1 -0.0256 0.2958 0.1980 21.0069363 105.6981775 20190810121216 
1 -0.2232 0.1932 0.6916 21.0069363 105.6981775 20190810121216 
1 -0.1339 0.1857 0.5774 21.0069363 105.6981775 20190810121216 
1 0.0188 0.2861 -0.3435 21.0069363 105.6981775 20190810121216 
1 -0.1195 0.1468 0.2256 21.0069363 105.6981775 20190810121216 
1 -0.0927 0.3544 0.3353 21.0069363 105.6981775 20190810121217 
1 0.0833 0.1150 -0.1585 21.0069363 105.6981775 20190810121217 
1 -0.1560 0.0502 0.0042 21.0069363 105.6981775 20190810121217 
1 0.0136 0.1326 -0.3352 21.0069363 105.6981775 20190810121217 
1 -0.0023 0.0651 -0.4384 21.0069363 105.6981775 20190810121217 
1 -0.1690 0.1741 -0.2617 21.0069363 105.6981775 20190810121217 
1 -0.0902 0.0317 -0.5753 21.0069363 105.6981775 20190810121217 
1 -0.0794 -0.0436 -0.2449 21.0069363 105.6981775 20190810121217 
1 0.0256 0.3672 -0.3800 21.0069363 105.6981775 20190810121217 
1 0.0734 -0.1344 -0.7895 21.0069363 105.6981775 20190810121217 
1 -0.0001 0.0340 -0.1317 21.0069363 105.6981775 20190810121217 
1 0.0698 0.0438 -0.4650 21.0069363 105.6981775 20190810121217 
1 -0.0092 0.2858 -0.6793 21.0069363 105.6981775 20190810121217 
1 -0.0203 -0.0556 -0.2566 21.0069363 105.6981775 20190810121217 
1 0.1571 0.0987 -0.3076 21.0069363 105.6981775 20190810121217 
1 -0.0359 0.1778 -0.7274 21.0069363 105.6981775 20190810121217 
1 0.0012 0.1254 -0.5855 21.0069363 105.6981775 20190810121217 
1 0.0637 0.1169 -0.5234 21.0069363 105.6981775 20190810121217 
1 0.0495 0.1700 -0.5884 21.0069363 105.6981775 20190810121217 
1 -0.0377 0.1731 -0.5632 21.0069363 105.6981775 20190810121217 
1 0.0913 0.0595 -0.5583 21.0069363 105.6981775 20190810121217 
1 0.0957 0.0605 -0.7066 21.0069363 105.6981775 20190810121217 
1 -0.1201 0.2380 -0.5962 21.0069363 105.6981775 20190810121217 
1 0.1363 0.0004 -0.5043 21.0069363 105.6981775 20190810121217 
1 -0.0562 0.2721 0.0344 21.0069363 105.6981775 20190810121217 
1 -0.0149 0.0673 -0.5569 21.0069363 105.6981775 20190810121217 
1 0.0244 0.1744 -0.1856 21.0069363 105.6981775 20190810121217 
1 0.0209 0.0922 -0.0773 21.0069363 105.6981775 20190810121217 
1 0.0092 0.2109 0.2089 21.0069363 105.6981775 20190810121217 
1 -0.0520 -0.1023 0.0149 21.0069363 105.6981775 20190810121217 
1 0.0136 0.2064 0.2971 21.0069363 105.6981775 20190810121217 
1 0.1081 0.3627 0.3832 21.0069363 105.6981775 20190810121217 
1 0.0083 0.1221 0.5380 21.0069829 105.6983763 20190810121217 
1 -0.0548 0.0678 0.5299 21.0069829 105.6983763 20190810121217 
1 0.1009 0.2616 0.2813 21.0069829 105.6983763 20190810121217 
1 0.0191 0.1809 0.0530 21.0069829 105.6983763 20190810121217 
1 -0.1449 0.1034 0.5131 21.0069829 105.6983763 20190810121217 
1 0.0040 0.1754 0.4825 21.0069829 105.6983763 20190810121217 
1 -0.0828 0.3024 0.5027 21.0069829 105.6983763 20190810121217 
1 -0.0189 0.1926 0.4398 21.0069829 105.6983763 20190810121217 
1 -0.1155 0.4422 0.9715 21.0069829 105.6983763 20190810121217 
1 -0.0783 -0.0708 0.3800 21.0069829 105.6983763 20190810121217 
1 -0.2104 0.2713 1.0046 21.0069829 105.6983763 20190810121217 
1 0.1256 0.0221 0.7962 21.0069829 105.6983763 20190810121217 
1 -0.1318 0.1724 0.9616 21.0069829 105.6983763 20190810121217 
1 -0.1758 0.1448 1.0576 21.0069829 105.6983763 20190810121217 
1 0.0788 -0.0763 0.9299 21.0069829 105.6983763 20190810121217 
1 0.1336 0.1476 0.6224 21.0069829 105.6983763 20190810121217 
1 -0.0592 -0.1308 0.8614 21.0069829 105.6983763 20190810121217 
1 -0.0090 0.0419 0.6129 21.0069829 105.6983763 20190810121217 
1 0.1892 0.1552 -0.0193 21.0069829 105.6983763 20190810121218 
1 0.0981 -0.0895 0.1910 21.0069829 105.6983763 20190810121218 
1 0.0629 0.1479 0.0973 21.0069829 105.6983763 20190810121218 
1 0.1395 -0.2249 -0.5374 21.0069829 105.6983763 20190810121218 
1 0.0858 0.1888 -0.4013 21.0069829 105.6983763 20190810121218 
1 0.0962 -0.3424 -0.8539 21.0069829 105.6983763 20190810121218 
1 0.0596 0.3342 -0.2474 21.0069829 105.6983763 20190810121218 
1 0.0929 -0.2752 -0.8462 21.0069829 105.6983763 20190810121218 
1 0.0355 0.3714 -0.8912 21.0069829 105.6983763 20190810121218 
1 0.0303 -0.2997 -1.1753 21.0069829 105.6983763 20190810121218 
1 0.0746 0.1541 -0.4809 21.0069829 105.6983763 20190810121218 
1 0.1410 -0.0220 -0.9003 21.0069829 105.6983763 20190810121218 
1 0.0108 0.0562 -0.7212 21.0069829 105.6983763 20190810121218 
1 0.0766 0.1899 -0.4573 21.0069829 105.6983763 20190810121218 
1 -0.0265 0.1820 -0.6548 21.0069829 105.6983763 20190810121218 
1 -0.0139 0.1835 -0.2991 21.0069829 105.6983763 20190810121218 
1 0.0871 -0.1577 -0.1451 21.0069829 105.6983763 20190810121218 
1 -0.2875 0.4306 0.3757 21.0069829 105.6983763 20190810121218 
1 -0.0148 0.1527 0.0217 21.0069829 105.6983763 20190810121218 
1 0.1450 -0.0032 0.3105 21.0069829 105.6983763 20190810121218 
1 -0.1873 0.2175 0.7770 21.0069829 105.6983763 20190810121218 
1 -0.1076 0.2246 0.6145 21.0069829 105.6983763 20190810121218 
1 0.0043 -0.0849 0.8854 21.0069829 105.6983763 20190810121218 
1 0.1071 0.2702 1.0254 21.0069829 105.6983763 20190810121218 
1 -0.0237 -0.0425 1.1773 21.0069829 105.6983763 20190810121218 
1 -0.0331 -0.2188 0.6762 21.0069829 105.6983763 20190810121218 
1 0.2522 -0.3872 -0.2803 21.0069829 105.6983763 20190810121218 
1 0.1390 -0.4130 0.2721 21.0069829 105.6983763 20190810121218 
1 -0.2253 -0.3508 1.4114 21.0069829 105.6983763 20190810121218 
1 0.1759 -0.1859 -0.4311 21.0069829 105.6983763 20190810121218 
1 0.3376 -0.3470 -1.2913 21.0069829 105.6983763 20190810121218 
1 -0.2169 -0.3872 -0.3917 21.0069829 105.6983763 20190810121218 
1 0.1212 -0.2512 -0.8857 21.0070329 105.6985772 20190810121218 
1 0.2894 -0.7975 -1.5959 21.0070329 105.6985772 20190810121218 
1 0.0527 -0.1893 0.0191 21.0070329 105.6985772 20190810121218 
1 0.0596 -0.5160 -0.8555 21.0070329 105.6985772 20190810121218 
1 0.1870 -0.0788 -0.9650 21.0070329 105.6985772 20190810121218 
1 0.2284 -0.4697 -1.3356 21.0070329 105.6985772 20190810121218 
1 -0.0309 -0.4743 -0.7158 21.0070329 105.6985772 20190810121218 
1 0.0677 -0.1967 -0.6509 21.0070329 105.6985772 20190810121218 
1 0.0934 -0.2407 -0.7832 21.0070329 105.6985772 20190810121218 
1 0.0859 -0.5721 -0.9691 21.0070329 105.6985772 20190810121218 
1 0.1656 -0.2733 -0.1204 21.0070329 105.6985772 20190810121218 
1 0.0038 -0.1754 -0.5042 21.0070329 105.6985772 20190810121218 
1 0.0025 -0.2533 -0.2319 21.0070329 105.6985772 20190810121218 
1 0.0014 -0.1472 0.3200 21.0070329 105.6985772 20190810121218 
1 -0.0574 -0.3281 0.2792 21.0070329 105.6985772 20190810121218 
1 0.0370 -0.1181 0.4974 21.0070329 105.6985772 20190810121218 
1 0.0387 -0.2571 0.4449 21.0070329 105.6985772 20190810121218 
1 -0.0358 -0.1490 0.4272 21.0070329 105.6985772 20190810121219 
1 -0.0352 0.0177 0.6037 21.0070329 105.6985772 20190810121219 
1 0.0981 -0.0558 0.8221 21.0070329 105.6985772 20190810121219 
1 0.1761 -0.0472 0.8507 21.0070329 105.6985772 20190810121219 
1 -0.0293 -0.1083 0.4190 21.0070329 105.6985772 20190810121219 
1 -0.1200 0.1198 0.6296 21.0070329 105.6985772 20190810121219 
1 -0.0995 0.1131 0.4192 21.0070329 105.6985772 20190810121219 
1 -0.2060 0.2652 0.3504 21.0070329 105.6985772 20190810121219 
1 -0.4812 0.1426 0.8186 21.0070329 105.6985772 20190810121219 
1 -0.2407 -0.0528 -0.0623 21.0070329 105.6985772 20190810121219 
1 -0.3777 0.0996 0.0437 21.0070329 105.6985772 20190810121219 
1 -0.2787 0.1670 0.8907 21.0070329 105.6985772 20190810121219 
1 -0.2678 0.0670 1.0378 21.0070329 105.6985772 20190810121219 
1 -0.1272 0.1643 0.7009 21.0070329 105.6985772 20190810121219 
1 -0.0494 0.0399 0.8448 21.0070329 105.6985772 20190810121219 
1 -0.0952 -0.1381 0.9075 21.0070329 105.6985772 20190810121219 
1 -0.1430 -0.0663 0.8675 21.0070329 105.6985772 20190810121219 
1 -0.0209 -0.1204 0.4216 21.0070329 105.6985772 20190810121219 
1 -0.0618 -0.0254 0.2144 21.0070329 105.6985772 20190810121219 
1 -0.1346 0.1274 0.1180 21.0070329 105.6985772 20190810121219 
1 -0.1774 -0.0361 0.0447 21.0070329 105.6985772 20190810121219 
1 -0.1267 -0.1178 -0.4820 21.0070329 105.6985772 20190810121219 
1 -0.2764 -0.0468 -0.5295 21.0070329 105.6985772 20190810121219 
1 -0.0247 -0.0750 -0.8560 21.0070329 105.6985772 20190810121219 
1 -0.1801 -0.0721 -0.7514 21.0070329 105.6985772 20190810121219 
1 0.0871 -0.1773 -0.9231 21.0070329 105.6985772 20190810121219 
1 -0.0704 -0.0557 -1.1195 21.0070329 105.6985772 20190810121219 
1 -0.1928 -0.2314 -1.1249 21.0070329 105.6985772 20190810121219 
1 -0.1985 -0.2002 -0.8826 21.0070329 105.6985772 20190810121219 
1 -0.1544 -0.2964 -1.0060 21.0070329 105.6985772 20190810121219 
1 -0.1256 -0.1167 -0.8608 21.0070329 105.6985772 20190810121219 
1 -0.2461 -0.3924 -0.6537 21.0070329 105.6985772 20190810121219 
1 -0.1572 -0.1723 -0.5693 21.0070732 105.6987779 20190810121219 
1 -0.1245 -0.3242 -0.5484 21.0070732 105.6987779 20190810121219 
1 -0.2626 -0.0677 -0.0798 21.0070732 105.6987779 20190810121219 
1 -0.0980 -0.2975 -0.2389 21.0070732 105.6987779 20190810121219 
1 -0.1995 -0.0786 -0.1322 21.0070732 105.6987779 20190810121219 
1 -0.3638 -0.0559 0.3534 21.0070732 105.6987779 20190810121219 
1 -0.0980 -0.1545 0.0098 21.0070732 105.6987779 20190810121219 
1 -0.1117 -0.0470 0.2503 21.0070732 105.6987779 20190810121219 
1 -0.2573 0.0639 0.2593 21.0070732 105.6987779 20190810121219 
1 -0.1385 0.2996 0.1485 21.0070732 105.6987779 20190810121219 
1 -0.0590 -0.2937 -0.2215 21.0070732 105.6987779 20190810121219 
1 -0.1633 0.3675 0.6188 21.0070732 105.6987779 20190810121219 
1 -0.0562 -0.1126 -0.1743 21.0070732 105.6987779 20190810121219 
1 -0.1789 0.3568 0.2720 21.0070732 105.6987779 20190810121219 
1 -0.0861 -0.0680 -0.1258 21.0070732 105.6987779 20190810121219 
1 -0.2643 0.3327 -0.0606 21.0070732 105.6987779 20190810121219 
1 -0.1074 0.0288 -0.4575 21.0070732 105.6987779 20190810121219 
1 -0.0976 0.2667 -0.4332 21.0070732 105.6987779 20190810121219 
1 -0.2152 0.0217 -0.5017 21.0070732 105.6987779 20190810121220 
1 -0.0950 0.3691 -0.0199 21.0070732 105.6987779 20190810121220 
1 -0.1698 -0.0489 0.0385 21.0070732 105.6987779 20190810121220 
1 -0.1763 -0.0640 0.2985 21.0070732 105.6987779 20190810121220 
1 -0.2018 0.1119 0.0767 21.0070732 105.6987779 20190810121220 
1 -0.1978 0.1911 0.1536 21.0070732 105.6987779 20190810121220 
1 -0.1975 -0.1416 0.1712 21.0070732 105.6987779 20190810121220 
1 -0.3071 0.0122 0.3174 21.0070732 105.6987779 20190810121220 
1 -0.1272 -0.3850 -0.0358 21.0070732 105.6987779 20190810121220 
1 -0.1931 0.2089 0.6870 21.0070732 105.6987779 20190810121220 
1 -0.2871 -0.5195 0.6741 21.0070732 105.6987779 20190810121220 
1 -0.1451 0.0148 0.9740 21.0070732 105.6987779 20190810121220 
1 -0.2059 -0.2538 0.5670 21.0070732 105.6987779 20190810121220 
1 -0.1039 -0.2274 0.4371 21.0070732 105.6987779 20190810121220 
1 -0.1473 0.0498 0.3930 21.0070732 105.6987779 20190810121220 
1 -0.2851 -0.3059 0.2922 21.0070732 105.6987779 20190810121220 
1 -0.0799 -0.0123 0.5525 21.0070732 105.6987779 20190810121220 
1 -0.1083 -0.1891 0.2364 21.0070732 105.6987779 20190810121220 
1 -0.1895 -0.0078 0.4067 21.0070732 105.6987779 20190810121220 
1 -0.3396 -0.0014 0.1962 21.0070732 105.6987779 20190810121220 
1 -0.0884 -0.2105 -0.4398 21.0070732 105.6987779 20190810121220 
1 -0.1565 -0.0779 -0.1190 21.0070732 105.6987779 20190810121220 
1 -0.1743 0.1492 -0.3059 21.0070732 105.6987779 20190810121220 
1 -0.1911 0.0100 -0.3937 21.0070732 105.6987779 20190810121220 
1 -0.3121 0.0876 0.0431 21.0070732 105.6987779 20190810121220 
1 -0.0455 0.1737 -0.0351 21.0070732 105.6987779 20190810121220 
1 -0.0646 -0.1117 -0.2439 21.0070732 105.6987779 20190810121220 
1 -0.4183 0.1625 -0.3382 21.0070732 105.6987779 20190810121220 
1 -0.1220 -0.2022 -1.1237 21.0070732 105.6987779 20190810121220 
1 -0.1404 0.1069 -0.7208 21.0070732 105.6987779 20190810121220 
1 -0.1639 -0.3285 -0.0214 21.0070732 105.6987779 20190810121220 
1 -0.2414 0.0650 -0.0123 21.0070732 105.6987779 20190810121220 
1 -0.1067 -0.0357 -0.9024 21.0070732 105.6987779 20190810121220 
1 -0.2690 -0.1259 -0.5468 21.0070732 105.6987779 20190810121220 
1 -0.1606 -0.0163 -0.1640 21.0071226 105.6989754 20190810121220 
1 -0.0542 -0.0948 -0.6924 21.0071226 105.6989754 20190810121220 
1 -0.3528 0.0738 -0.3647 21.0071226 105.6989754 20190810121220 
1 -0.2286 0.1921 -0.3067 21.0071226 105.6989754 20190810121220 
1 -0.1482 -0.1511 -0.2788 21.0071226 105.6989754 20190810121220 
1 -0.2345 0.2560 -0.2904 21.0071226 105.6989754 20190810121220 
1 -0.3134 -0.4279 -0.2345 21.0071226 105.6989754 20190810121220 
1 -0.2169 0.2203 -0.1571 21.0071226 105.6989754 20190810121220 
1 -0.1649 -0.2140 -0.6822 21.0071226 105.6989754 20190810121220 
1 -0.2554 0.2944 0.3658 21.0071226 105.6989754 20190810121220 
1 -0.2046 -0.0058 0.4540 21.0071226 105.6989754 20190810121220 
1 -0.2319 -0.0194 0.2629 21.0071226 105.6989754 20190810121220 
1 -0.2308 0.2595 0.2295 21.0071226 105.6989754 20190810121220 
1 -0.3296 -0.3518 0.2221 21.0071226 105.6989754 20190810121220 
1 -0.0148 -0.2844 -0.2153 21.0071226 105.6989754 20190810121220 
1 -0.4700 0.1335 0.1522 21.0071226 105.6989754 20190810121221 
1 -0.1269 0.4840 -0.0486 21.0071226 105.6989754 20190810121221 
1 -0.1475 -0.1513 0.3950 21.0071226 105.6989754 20190810121221 
1 -0.3159 0.4281 0.8797 21.0071226 105.6989754 20190810121221 
1 0.0178 -0.1262 -0.4703 21.0071226 105.6989754 20190810121221 
1 -0.2224 0.1882 -0.1269 21.0071226 105.6989754 20190810121221 
1 -0.2822 -0.3278 0.3094 21.0071226 105.6989754 20190810121221 
1 -0.2233 0.3643 -0.2137 21.0071226 105.6989754 20190810121221 
1 -0.1542 -0.0848 -0.4187 21.0071226 105.6989754 20190810121221 
1 -0.0614 -0.4705 -0.2219 21.0071226 105.6989754 20190810121221 
1 -0.3493 0.3672 0.0803 21.0071226 105.6989754 20190810121221 
1 -0.1241 -0.3871 -0.6973 21.0071226 105.6989754 20190810121221 
1 -0.1080 -0.0615 0.2148 21.0071226 105.6989754 20190810121221 
1 -0.2200 -0.7351 -0.0307 21.0071226 105.6989754 20190810121221 
1 -0.3332 0.2904 0.2397 21.0071226 105.6989754 20190810121221 
1 -0.1489 -0.4022 -0.5573 21.0071226 105.6989754 20190810121221 
1 -0.3390 -0.3665 0.3608 21.0071226 105.6989754 20190810121221 
1 -0.2899 -0.1377 0.4273 21.0071226 105.6989754 20190810121221 
1 -0.2337 -0.4180 0.5869 21.0071226 105.6989754 20190810121221 
1 -0.3125 -0.2242 0.5431 21.0071226 105.6989754 20190810121221 
1 -0.3322 -0.1198 0.3900 21.0071226 105.6989754 20190810121221 
1 -0.3093 -0.1243 0.9289 21.0071226 105.6989754 20190810121221 
1 -0.2763 -0.2071 1.1369 21.0071226 105.6989754 20190810121221 
1 -0.2442 0.0203 1.0194 21.0071226 105.6989754 20190810121221 
1 -0.3821 -0.0164 1.2145 21.0071226 105.6989754 20190810121221 
1 -0.3099 0.0803 1.2104 21.0071226 105.6989754 20190810121221 
1 -0.1989 0.1842 0.9431 21.0071226 105.6989754 20190810121221 
1 -0.1491 0.1258 0.6408 21.0071226 105.6989754 20190810121221 
1 -0.2009 0.0664 0.6832 21.0071226 105.6989754 20190810121221 
1 -0.2084 0.1689 0.2502 21.0071226 105.6989754 20190810121221 
1 -0.0906 0.0649 0.0713 21.0071226 105.6989754 20190810121221 
1 -0.0883 -0.0231 0.1418 21.0071226 105.6989754 20190810121221 
1 -0.2414 -0.0216 0.3419 21.0071226 105.6989754 20190810121221 
1 -0.1568 0.0197 -0.5118 21.0071226 105.6989754 20190810121221 
1 -0.1560 -0.0824 -0.7992 21.0071765 105.6991804 20190810121221 
1 -0.2296 -0.3357 -0.5121 21.0071765 105.6991804 20190810121221 
1 -0.2067 -0.1583 -0.5040 21.0071765 105.6991804 20190810121221 
1 -0.2127 -0.3974 -0.8908 21.0071765 105.6991804 20190810121221 
1 -0.1596 -0.3304 -0.5903 21.0071765 105.6991804 20190810121221 
1 -0.2238 -0.2744 -0.3382 21.0071765 105.6991804 20190810121221 
1 -0.2799 -0.2860 -0.3870 21.0071765 105.6991804 20190810121221 
1 -0.2042 -0.4300 -0.4250 21.0071765 105.6991804 20190810121221 
1 -0.3074 -0.2131 -0.2805 21.0071765 105.6991804 20190810121221 
1 -0.1829 -0.2767 -0.1976 21.0071765 105.6991804 20190810121221 
1 -0.2816 -0.2019 0.3089 21.0071765 105.6991804 20190810121221 
1 -0.2283 -0.2581 0.0959 21.0071765 105.6991804 20190810121221 
1 -0.3895 -0.1207 0.5181 21.0071765 105.6991804 20190810121221 
1 -0.5093 0.0236 1.1562 21.0071765 105.6991804 20190810121221 
1 -0.6711 -0.2840 1.5593 21.0071765 105.6991804 20190810121221 
1 -0.9469 0.0416 2.5597 21.0071765 105.6991804 20190810121221 
1 -0.8070 0.0746 2.5830 21.0071765 105.6991804 20190810121222 
1 -0.4085 -0.2283 1.4580 21.0071765 105.6991804 20190810121222 
1 -0.7682 0.2797 2.3169 21.0071765 105.6991804 20190810121222 
1 -0.2196 -0.3267 1.6835 21.0071765 105.6991804 20190810121222 
1 0.0544 0.3346 2.2341 21.0071765 105.6991804 20190810121222 
1 0.1464 -0.3016 2.2705 21.0071765 105.6991804 20190810121222 
1 0.0510 0.6177 3.0163 21.0071765 105.6991804 20190810121222 
1 0.3243 0.1134 0.6115 21.0071765 105.6991804 20190810121222 
1 0.3585 0.0946 -0.4317 21.0071765 105.6991804 20190810121222 
1 0.1326 -0.0851 -1.9150 21.0071765 105.6991804 20190810121222 
1 0.1130 0.2413 -3.0930 21.0071765 105.6991804 20190810121222 
1 0.0459 -0.5105 -4.1479 21.0071765 105.6991804 20190810121222 
1 0.0874 -0.1482 -4.4510 21.0071765 105.6991804 20190810121222 
1 -0.0522 0.0680 -3.9191 21.0071765 105.6991804 20190810121222 
1 0.2205 -0.5805 -4.9546 21.0071765 105.6991804 20190810121222 
1 -0.1358 0.2354 -4.2026 21.0071765 105.6991804 20190810121222 
1 0.0279 -0.5664 -4.3506 21.0071765 105.6991804 20190810121222 
1 -0.1212 -0.0167 -3.3368 21.0071765 105.6991804 20190810121222 
1 -0.0418 -0.4016 -4.0735 21.0071765 105.6991804 20190810121222 
1 -0.4581 -0.1205 -2.7956 21.0071765 105.6991804 20190810121222 
1 -0.2936 -0.1452 -2.9670 21.0071765 105.6991804 20190810121222 
1 0.0431 -0.4252 -2.2690 21.0071765 105.6991804 20190810121222 
1 -0.2717 -0.0847 -0.3196 21.0071765 105.6991804 20190810121222 
1 -0.2826 -0.1412 -0.1065 21.0071765 105.6991804 20190810121222 
1 0.0163 -0.1841 -0.1191 21.0071765 105.6991804 20190810121222 
1 -0.1428 -0.2646 0.6400 21.0071765 105.6991804 20190810121222 
1 -0.3018 0.0841 1.3622 21.0071765 105.6991804 20190810121222 
1 -0.3170 -0.3984 1.3731 21.0071765 105.6991804 20190810121222 
1 -0.2065 -0.1315 2.1375 21.0071765 105.6991804 20190810121222 
1 -0.3525 0.1470 2.2679 21.0071765 105.6991804 20190810121222 
1 -0.1919 -0.1191 2.2504 21.0071765 105.6991804 20190810121222 
1 -0.0223 -0.1966 2.7586 21.0071765 105.6991804 20190810121222 
1 -0.1151 -0.0177 2.3745 21.0071765 105.6991804 20190810121222 
1 -0.1183 0.2187 1.7975 21.0071765 105.6991804 20190810121222 
1 -0.1077 -0.0589 1.8869 21.0072167 105.6993827 20190810121222 
1 0.0426 0.1314 1.5092 21.0072167 105.6993827 20190810121222 
1 -0.0054 0.0477 0.5338 21.0072167 105.6993827 20190810121222 
1 -0.1323 -0.0206 0.6114 21.0072167 105.6993827 20190810121222 
1 -0.1022 0.1044 0.1804 21.0072167 105.6993827 20190810121222 
1 -0.0690 -0.0319 -0.4875 21.0072167 105.6993827 20190810121222 
1 -0.1126 0.1291 -0.1135 21.0072167 105.6993827 20190810121222 
1 0.0600 0.0414 -0.5605 21.0072167 105.6993827 20190810121222 
1 0.0079 -0.1269 -0.9045 21.0072167 105.6993827 20190810121222 
1 -0.1592 0.1753 -0.7766 21.0072167 105.6993827 20190810121222 
1 0.0543 -0.2301 -1.1030 21.0072167 105.6993827 20190810121222 
1 -0.0319 0.2191 -0.3334 21.0072167 105.6993827 20190810121222 
1 0.0662 -0.2398 -0.3727 21.0072167 105.6993827 20190810121222 
1 -0.1854 0.1906 -0.2501 21.0072167 105.6993827 20190810121222 
1 0.0949 -0.0426 -1.3831 21.0072167 105.6993827 20190810121222 
1 -0.0266 -0.0812 -1.0912 21.0072167 105.6993827 20190810121223 
1 0.0452 -0.1401 -1.0883 21.0072167 105.6993827 20190810121223 
1 0.1429 -0.0131 -0.7355 21.0072167 105.6993827 20190810121223 
1 -0.1217 0.1926 -0.6212 21.0072167 105.6993827 20190810121223 
1 0.3290 -0.2975 -1.6478 21.0072167 105.6993827 20190810121223 
1 0.9980 -0.2832 -3.0968 21.0072167 105.6993827 20190810121223 
1 0.5330 -0.4405 -3.2823 21.0072167 105.6993827 20190810121223 
1 0.0004 -0.0167 -1.7100 21.0072167 105.6993827 20190810121223 
1 0.1584 0.0171 -1.9345 21.0072167 105.6993827 20190810121223 
1 0.6010 -0.6194 -1.8539 21.0072167 105.6993827 20190810121223 
1 -0.2601 0.2824 -1.9063 21.0072167 105.6993827 20190810121223 
1 -0.5893 -0.2669 -3.7653 21.0072167 105.6993827 20190810121223 
1 -0.8414 0.1249 -5.2714 21.0072167 105.6993827 20190810121223 
1 0.1673 -0.9376 -3.6075 21.0072167 105.6993827 20190810121223 
1 -0.1118 0.5617 1.9185 21.0072167 105.6993827 20190810121223 
1 -1.3730 0.0834 2.6527 21.0072167 105.6993827 20190810121223 
1 -0.5151 0.5479 2.5217 21.0072167 105.6993827 20190810121223 
1 -0.1916 -0.1421 3.6593 21.0072167 105.6993827 20190810121223 
1 -0.6670 0.1126 4.6056 21.0072167 105.6993827 20190810121223 
1 -0.5101 0.6932 4.6354 21.0072167 105.6993827 20190810121223 
1 -0.6635 -0.2867 4.5251 21.0072167 105.6993827 20190810121223 
1 -0.3141 0.2320 5.4253 21.0072167 105.6993827 20190810121223 
1 0.1467 0.3007 5.2212 21.0072167 105.6993827 20190810121223 
1 0.0548 0.1111 6.0817 21.0072167 105.6993827 20190810121223 
1 0.2660 -0.0225 4.9304 21.0072167 105.6993827 20190810121223 
1 0.0091 -0.3286 3.4212 21.0072167 105.6993827 20190810121223 
1 0.0082 0.3642 3.2957 21.0072167 105.6993827 20190810121223 
1 0.4568 -0.0328 0.9762 21.0072167 105.6993827 20190810121223 
1 -0.0618 -0.1269 0.4546 21.0072167 105.6993827 20190810121223 
1 -0.0019 -0.2834 -0.4940 21.0072167 105.6993827 20190810121223 
1 -0.1864 0.2163 -1.1613 21.0072167 105.6993827 20190810121223 
1 -0.1819 -0.2104 -1.7455 21.0072167 105.6993827 20190810121223 
1 0.0898 -0.2838 -1.6773 21.0072167 105.6993827 20190810121223 
1 -0.0985 0.0904 -1.4893 21.0072659 105.6995888 20190810121223 
1 -0.2007 -0.4856 -1.8384 21.0072659 105.6995888 20190810121223 
1 -0.2446 0.0129 -1.5168 21.0072659 105.6995888 20190810121223 
1 -0.0732 -0.4178 -2.0959 21.0072659 105.6995888 20190810121223 
1 -0.1730 -0.0817 -1.5859 21.0072659 105.6995888 20190810121223 
1 -0.1428 -0.1134 -1.4110 21.0072659 105.6995888 20190810121223 
1 -0.1507 -0.3576 -1.1579 21.0072659 105.6995888 20190810121223 
1 -0.2093 0.0690 -0.8852 21.0072659 105.6995888 20190810121223 
1 -0.1638 0.0035 -0.5864 21.0072659 105.6995888 20190810121223 
1 -0.0806 -0.0538 -0.3298 21.0072659 105.6995888 20190810121223 
1 -0.1271 -0.0137 -0.4843 21.0072659 105.6995888 20190810121223 
1 -0.1497 0.2569 -0.1437 21.0072659 105.6995888 20190810121223 
1 -0.1348 0.0673 0.2387 21.0072659 105.6995888 20190810121223 
1 -0.0328 0.1610 -0.0283 21.0072659 105.6995888 20190810121223 
1 -0.2446 0.1942 0.5668 21.0072659 105.6995888 20190810121223 
1 0.0385 0.2224 0.4049 21.0072659 105.6995888 20190810121223 
1 -0.0882 0.1656 0.6631 21.0072659 105.6995888 20190810121223 
1 -0.2315 0.2431 0.7048 21.0072659 105.6995888 20190810121223 
1 -0.1661 0.2371 0.2168 21.0072659 105.6995888 20190810121224 
1 0.0750 0.0343 -0.4834 21.0072659 105.6995888 20190810121224 
1 -0.1143 0.0702 0.3780 21.0072659 105.6995888 20190810121224 
1 -0.1913 0.1190 0.0860 21.0072659 105.6995888 20190810121224 
1 -0.0767 0.0456 -0.1747 21.0072659 105.6995888 20190810121224 
1 -0.1401 0.2011 0.0127 21.0072659 105.6995888 20190810121224 
1 -0.0292 0.1597 -0.0728 21.0072659 105.6995888 20190810121224 
1 -0.0887 -0.0134 -0.1547 21.0072659 105.6995888 20190810121224 
1 -0.1971 0.2947 -0.1866 21.0072659 105.6995888 20190810121224 
1 -0.2073 0.0142 -0.3063 21.0072659 105.6995888 20190810121224 
1 -0.0674 0.1668 0.1226 21.0072659 105.6995888 20190810121224 
1 -0.0584 0.0191 0.0428 21.0072659 105.6995888 20190810121224 
1 -0.0944 0.1940 -0.1539 21.0072659 105.6995888 20190810121224 
1 -0.3161 -0.0888 0.1637 21.0072659 105.6995888 20190810121224 
1 0.0288 0.0662 -0.1721 21.0072659 105.6995888 20190810121224 
1 -0.1681 -0.0305 0.2533 21.0072659 105.6995888 20190810121224 
1 -0.0325 0.1663 0.0684 21.0072659 105.6995888 20190810121224 
1 -0.1244 -0.0424 0.2728 21.0072659 105.6995888 20190810121224 
1 -0.2125 -0.0431 0.3476 21.0072659 105.6995888 20190810121224 
1 0.0864 0.2053 0.0235 21.0072659 105.6995888 20190810121224 
1 -0.0275 0.0027 0.1646 21.0072659 105.6995888 20190810121224 
1 -0.1331 -0.0502 0.2079 21.0072659 105.6995888 20190810121224 
1 -0.1398 0.0622 -0.2659 21.0072659 105.6995888 20190810121224 
1 0.0212 0.1062 -0.3461 21.0072659 105.6995888 20190810121224 
1 -0.0238 -0.1917 -0.0239 21.0072659 105.6995888 20190810121224 
1 -0.0769 0.2664 -0.0248 21.0072659 105.6995888 20190810121224 
1 -0.1527 -0.0804 -0.5253 21.0072659 105.6995888 20190810121224 
1 -0.0196 0.1558 -0.5036 21.0072659 105.6995888 20190810121224 
1 0.0514 -0.3264 -0.2728 21.0072659 105.6995888 20190810121224 
1 -0.2278 0.3869 0.3058 21.0072659 105.6995888 20190810121224 
1 0.1072 -0.3015 -0.8593 21.0072659 105.6995888 20190810121224 
1 -0.0839 0.0814 -0.1905 21.0072659 105.6995888 20190810121224 
1 -0.2240 -0.0339 -0.1704 21.0072659 105.6995888 20190810121224 
1 -0.0508 0.2601 0.0228 21.0073169 105.6997969 20190810121224 
1 -0.0259 -0.1488 -0.0292 21.0073169 105.6997969 20190810121224 
1 -0.1979 0.3115 0.4662 21.0073169 105.6997969 20190810121224 
1 -0.0733 0.1135 0.0096 21.0073169 105.6997969 20190810121224 
1 -0.1098 0.1303 0.1034 21.0073169 105.6997969 20190810121224 
1 -0.0204 0.0440 0.2503 21.0073169 105.6997969 20190810121224 
1 -0.0502 -0.1156 0.2288 21.0073169 105.6997969 20190810121224 
1 -0.4135 0.5883 1.1304 21.0073169 105.6997969 20190810121224 
1 0.2512 -0.0191 -0.3684 21.0073169 105.6997969 20190810121224 
1 0.0084 0.1065 0.6902 21.0073169 105.6997969 20190810121224 
1 -0.2992 0.1580 0.3601 21.0073169 105.6997969 20190810121224 
1 0.0403 0.3618 -0.2642 21.0073169 105.6997969 20190810121224 
1 -0.0780 -0.0900 -0.2030 21.0073169 105.6997969 20190810121224 
1 -0.4150 0.4956 0.4629 21.0073169 105.6997969 20190810121224 
1 0.0073 0.0027 0.1695 21.0073169 105.6997969 20190810121224 
1 0.2606 0.4551 0.8904 21.0073169 105.6997969 20190810121225 
1 -0.0730 -0.3431 1.2810 21.0073169 105.6997969 20190810121225 
1 -0.0831 0.5571 -0.6624 21.0073169 105.6997969 20190810121225 
1 -0.5092 0.3820 -1.4274 21.0073169 105.6997969 20190810121225 
