1 -0.0071 0.0967 -0.3285 21.0098996 105.710737 20190810121316 
1 -0.0282 -0.0457 -0.1531 21.0098996 105.710737 20190810121316 
1 0.0116 -0.0316 -0.4769 21.0098996 105.710737 20190810121316 
1 -0.1199 0.0592 -0.3443 21.0098996 105.710737 20190810121316 
1 -0.0721 -0.1197 -0.3856 21.0098996 105.710737 20190810121316 
1 -0.2212 0.0759 -0.0612 21.0098996 105.710737 20190810121316 
1 0.0027 0.0947 -0.6324 21.0098996 105.710737 20190810121316 
1 0.1034 -0.1861 -0.6518 21.0098996 105.710737 20190810121316 
1 -0.2084 0.0352 -0.1350 21.0098996 105.710737 20190810121316 
1 -0.0032 0.1544 -0.5210 21.0098996 105.710737 20190810121316 
1 0.0249 -0.1853 -0.4952 21.0098996 105.710737 20190810121317 
1 -0.2501 0.2743 0.1888 21.0098996 105.710737 20190810121317 
1 0.0163 0.0018 -0.5669 21.0098996 105.710737 20190810121317 
1 -0.0450 0.0544 -0.5332 21.0098996 105.710737 20190810121317 
1 -0.2602 0.0388 0.1927 21.0098996 105.710737 20190810121317 
1 0.0561 0.2087 -0.4577 21.0098996 105.710737 20190810121317 
1 -0.1142 0.0678 -0.1338 21.0098996 105.710737 20190810121317 
1 -0.1462 0.0758 0.3398 21.0098996 105.710737 20190810121317 
1 -0.0677 0.2702 -0.1076 21.0098996 105.710737 20190810121317 
1 0.0247 0.0812 -0.1619 21.0098996 105.710737 20190810121317 
1 -0.1094 0.2404 0.2511 21.0098996 105.710737 20190810121317 
1 -0.0744 -0.0177 -0.0286 21.0098996 105.710737 20190810121317 
1 -0.1965 0.3081 0.4932 21.0098996 105.710737 20190810121317 
1 -0.0331 -0.0258 -0.1185 21.0098996 105.710737 20190810121317 
1 -0.1374 0.1044 0.0249 21.0098996 105.710737 20190810121317 
1 -0.0671 0.1073 0.1213 21.0098996 105.710737 20190810121317 
1 -0.0768 -0.0243 0.2488 21.0098996 105.710737 20190810121317 
1 -0.0330 0.0657 0.2384 21.0098996 105.710737 20190810121317 
1 -0.0089 0.2000 0.0914 21.0098996 105.710737 20190810121317 
1 0.0428 -0.1068 -0.4243 21.0098996 105.710737 20190810121317 
1 -0.3032 0.0811 0.4336 21.0098996 105.710737 20190810121317 
1 0.0306 -0.1574 -0.0675 21.0098996 105.710737 20190810121317 
1 0.0534 0.2800 -0.2069 21.0098996 105.710737 20190810121317 
1 -0.1465 0.0461 0.0866 21.0098996 105.710737 20190810121317 
1 -0.3354 0.5707 0.4840 21.0098996 105.710737 20190810121317 
1 0.0650 -0.6782 -0.5399 21.0098996 105.710737 20190810121317 
1 0.0087 0.3431 0.7019 21.0098996 105.710737 20190810121317 
1 -0.3661 0.2704 0.5114 21.0098996 105.710737 20190810121317 
1 0.0673 0.0275 -0.1547 21.0098996 105.710737 20190810121317 
1 0.0336 0.2046 0.0675 21.0098996 105.710737 20190810121317 
1 -0.2113 -0.0877 0.5378 21.0098996 105.710737 20190810121317 
1 -0.0585 0.6471 0.5396 21.0098996 105.710737 20190810121317 
1 0.0760 -0.5923 0.0819 21.0098996 105.710737 20190810121317 
1 0.0052 0.3762 0.6679 21.0099546 105.7109523 20190810121317 
1 0.0322 0.0308 -0.1803 21.0099546 105.7109523 20190810121317 
1 -0.0659 0.2545 0.0441 21.0099546 105.7109523 20190810121317 
1 -0.0141 -0.3899 0.1845 21.0099546 105.7109523 20190810121317 
1 0.2529 0.4673 -0.0998 21.0099546 105.7109523 20190810121317 
1 0.1702 -0.2860 -0.3451 21.0099546 105.7109523 20190810121317 
1 0.0341 0.0861 -0.0106 21.0099546 105.7109523 20190810121317 
1 0.0360 -0.2001 -0.7426 21.0099546 105.7109523 20190810121317 
1 -0.0384 0.1360 -0.3470 21.0099546 105.7109523 20190810121317 
1 0.1327 -0.2846 -0.4958 21.0099546 105.7109523 20190810121317 
1 -0.0923 0.0637 -0.4454 21.0099546 105.7109523 20190810121317 
1 0.0700 -0.0696 -0.2850 21.0099546 105.7109523 20190810121317 
1 0.1703 -0.0330 -0.6170 21.0099546 105.7109523 20190810121317 
1 0.0707 -0.0927 -0.8181 21.0099546 105.7109523 20190810121317 
1 -0.1139 -0.1036 -0.0213 21.0099546 105.7109523 20190810121317 
1 0.0213 0.1977 -0.5029 21.0099546 105.7109523 20190810121317 
1 0.1368 -0.1969 -0.7137 21.0099546 105.7109523 20190810121317 
1 -0.0752 0.1839 0.0146 21.0099546 105.7109523 20190810121318 
1 0.1307 -0.0697 -0.2955 21.0099546 105.7109523 20190810121318 
1 0.0862 0.2462 -0.0111 21.0099546 105.7109523 20190810121318 
1 0.0313 -0.1281 -0.2626 21.0099546 105.7109523 20190810121318 
1 0.1408 0.3326 -0.0873 21.0099546 105.7109523 20190810121318 
1 0.1719 0.0491 -0.5214 21.0099546 105.7109523 20190810121318 
1 -0.0592 0.1208 0.1902 21.0099546 105.7109523 20190810121318 
1 0.0775 0.2237 -0.1124 21.0099546 105.7109523 20190810121318 
1 0.0449 0.0508 0.1015 21.0099546 105.7109523 20190810121318 
1 0.0620 0.1639 0.3507 21.0099546 105.7109523 20190810121318 
1 -0.0116 0.2494 -0.1628 21.0099546 105.7109523 20190810121318 
1 0.0429 0.1377 -0.1844 21.0099546 105.7109523 20190810121318 
1 0.0261 -0.0158 -0.0144 21.0099546 105.7109523 20190810121318 
1 0.0404 0.1093 0.0951 21.0099546 105.7109523 20190810121318 
1 0.1602 0.1172 0.4592 21.0099546 105.7109523 20190810121318 
1 -0.1351 -0.1626 0.8766 21.0099546 105.7109523 20190810121318 
1 0.1089 0.2357 0.5399 21.0099546 105.7109523 20190810121318 
1 0.1042 0.0524 0.2243 21.0099546 105.7109523 20190810121318 
1 0.1743 -0.1081 0.0516 21.0099546 105.7109523 20190810121318 
1 0.0631 -0.0972 0.1497 21.0099546 105.7109523 20190810121318 
1 -0.0726 0.0776 0.2317 21.0099546 105.7109523 20190810121318 
1 0.1642 -0.1036 -0.3771 21.0099546 105.7109523 20190810121318 
1 0.1862 -0.0618 -0.0086 21.0099546 105.7109523 20190810121318 
1 -0.0285 0.0160 0.4800 21.0099546 105.7109523 20190810121318 
1 0.1256 0.0512 -0.1020 21.0099546 105.7109523 20190810121318 
1 0.1069 0.0195 -0.1011 21.0099546 105.7109523 20190810121318 
1 0.1777 -0.2081 -0.1226 21.0099546 105.7109523 20190810121318 
1 0.0345 0.0854 -0.0285 21.0099546 105.7109523 20190810121318 
1 0.0061 -0.1583 -0.1385 21.0099546 105.7109523 20190810121318 
1 0.2623 0.0549 -0.4154 21.0099546 105.7109523 20190810121318 
1 0.0706 0.0299 -0.2065 21.0099546 105.7109523 20190810121318 
1 0.0476 0.0650 0.0871 21.0099546 105.7109523 20190810121318 
1 0.2728 -0.1502 -0.5546 21.0099546 105.7109523 20190810121318 
1 0.1231 0.0441 -0.4707 21.0099546 105.7109523 20190810121318 
1 0.0693 0.1195 -0.1147 21.009997 105.7111669 20190810121318 
1 0.1891 0.0365 -0.7981 21.009997 105.7111669 20190810121318 
1 0.1040 0.1375 -0.2258 21.009997 105.7111669 20190810121318 
1 0.1389 0.0069 -0.3450 21.009997 105.7111669 20190810121318 
1 0.0634 0.3892 -0.1453 21.009997 105.7111669 20190810121318 
1 0.2160 -0.0100 -0.3986 21.009997 105.7111669 20190810121318 
1 0.0829 0.2054 -0.3778 21.009997 105.7111669 20190810121318 
1 0.1047 0.2419 -0.2917 21.009997 105.7111669 20190810121318 
1 0.1435 0.0975 -0.1598 21.009997 105.7111669 20190810121318 
1 0.0301 0.4223 0.2508 21.009997 105.7111669 20190810121318 
1 0.1005 0.0114 0.3574 21.009997 105.7111669 20190810121318 
1 0.0690 0.2276 0.5258 21.009997 105.7111669 20190810121318 
1 0.0664 0.1725 0.4178 21.009997 105.7111669 20190810121318 
1 0.0920 0.2933 0.3774 21.009997 105.7111669 20190810121318 
1 0.0344 -0.1014 0.4598 21.009997 105.7111669 20190810121318 
1 0.0664 -0.1000 0.8759 21.009997 105.7111669 20190810121318 
1 0.0368 0.1974 0.8695 21.009997 105.7111669 20190810121319 
1 0.1235 -0.4035 0.4527 21.009997 105.7111669 20190810121319 
1 0.2096 -0.0898 0.8143 21.009997 105.7111669 20190810121319 
1 0.0331 -0.0094 0.7298 21.009997 105.7111669 20190810121319 
1 0.1058 -0.1189 0.6179 21.009997 105.7111669 20190810121319 
1 0.0377 -0.1552 0.5691 21.009997 105.7111669 20190810121319 
1 0.1584 -0.1235 0.1603 21.009997 105.7111669 20190810121319 
1 0.0415 0.0919 0.4588 21.009997 105.7111669 20190810121319 
1 0.2011 -0.3730 0.1768 21.009997 105.7111669 20190810121319 
1 -0.0075 0.0758 0.4502 21.009997 105.7111669 20190810121319 
1 0.1543 0.0626 -0.1710 21.009997 105.7111669 20190810121319 
1 0.1091 -0.0022 0.2488 21.009997 105.7111669 20190810121319 
1 0.2868 -0.0865 -0.1486 21.009997 105.7111669 20190810121319 
1 0.0161 0.0941 0.0968 21.009997 105.7111669 20190810121319 
1 0.0919 -0.0727 -0.0384 21.009997 105.7111669 20190810121319 
1 0.1737 0.1982 -0.1545 21.009997 105.7111669 20190810121319 
1 0.1085 0.0392 -0.1650 21.009997 105.7111669 20190810121319 
1 0.2143 0.0091 -0.0285 21.009997 105.7111669 20190810121319 
1 -0.0618 0.1983 0.0015 21.009997 105.7111669 20190810121319 
1 0.1651 0.0675 -0.1707 21.009997 105.7111669 20190810121319 
1 0.1389 -0.0468 0.0778 21.009997 105.7111669 20190810121319 
1 0.1752 0.0773 -0.0864 21.009997 105.7111669 20190810121319 
1 -0.0715 0.1186 0.1690 21.009997 105.7111669 20190810121319 
1 0.1655 -0.0221 -0.4227 21.009997 105.7111669 20190810121319 
1 0.0105 0.1690 0.2785 21.009997 105.7111669 20190810121319 
1 0.2674 -0.0729 -0.1509 21.009997 105.7111669 20190810121319 
1 0.0937 0.0056 0.1136 21.009997 105.7111669 20190810121319 
1 -0.0280 0.0369 0.1454 21.009997 105.7111669 20190810121319 
1 0.1176 -0.0250 -0.2115 21.009997 105.7111669 20190810121319 
1 0.2410 -0.1765 -0.3635 21.009997 105.7111669 20190810121319 
1 -0.0632 0.2226 0.4770 21.009997 105.7111669 20190810121319 
1 0.0681 0.0148 -0.0684 21.009997 105.7111669 20190810121319 
1 0.1391 0.0203 -0.1837 21.009997 105.7111669 20190810121319 
1 0.0809 0.0516 0.0560 21.009997 105.7111669 20190810121319 
1 0.2228 0.0442 -0.0037 21.0100495 105.7113764 20190810121319 
1 0.0582 -0.0079 -0.1115 21.0100495 105.7113764 20190810121319 
1 0.1252 0.0324 0.0182 21.0100495 105.7113764 20190810121319 
1 0.1517 0.2891 0.1802 21.0100495 105.7113764 20190810121319 
1 0.1514 0.0834 -0.2167 21.0100495 105.7113764 20190810121319 
1 0.1624 -0.1597 -0.0905 21.0100495 105.7113764 20190810121319 
1 0.0699 0.2440 -0.0886 21.0100495 105.7113764 20190810121319 
1 0.2135 0.1006 -0.5092 21.0100495 105.7113764 20190810121319 
1 0.1706 0.0271 -0.2140 21.0100495 105.7113764 20190810121319 
1 0.2038 0.0226 -0.3692 21.0100495 105.7113764 20190810121319 
1 0.1434 0.0952 -0.4880 21.0100495 105.7113764 20190810121319 
1 0.1213 0.0034 -0.5453 21.0100495 105.7113764 20190810121319 
1 0.2878 0.2944 -0.4358 21.0100495 105.7113764 20190810121319 
1 0.2101 0.0026 -0.8320 21.0100495 105.7113764 20190810121319 
1 0.0289 0.2382 -0.4494 21.0100495 105.7113764 20190810121319 
1 0.2239 -0.0710 -0.8018 21.0100495 105.7113764 20190810121320 
1 0.2386 0.3314 -0.6255 21.0100495 105.7113764 20190810121320 
1 0.0422 -0.0392 -0.1216 21.0100495 105.7113764 20190810121320 
1 0.1630 0.0898 0.0637 21.0100495 105.7113764 20190810121320 
1 0.1950 0.2532 -0.5885 21.0100495 105.7113764 20190810121320 
1 0.0950 0.1375 -0.0106 21.0100495 105.7113764 20190810121320 
1 0.0967 -0.1438 0.2504 21.0100495 105.7113764 20190810121320 
1 0.1295 0.1339 0.2534 21.0100495 105.7113764 20190810121320 
1 0.0660 -0.0835 0.2957 21.0100495 105.7113764 20190810121320 
1 0.1034 0.1521 0.2536 21.0100495 105.7113764 20190810121320 
1 0.1010 0.0663 0.5358 21.0100495 105.7113764 20190810121320 
1 0.0501 -0.0359 0.5937 21.0100495 105.7113764 20190810121320 
1 0.1958 -0.1674 0.6614 21.0100495 105.7113764 20190810121320 
1 -0.0798 0.0652 1.0759 21.0100495 105.7113764 20190810121320 
1 0.0668 0.0149 0.8952 21.0100495 105.7113764 20190810121320 
1 0.2195 -0.2146 0.4203 21.0100495 105.7113764 20190810121320 
1 0.0356 -0.1307 0.7333 21.0100495 105.7113764 20190810121320 
1 0.0477 0.0634 0.8420 21.0100495 105.7113764 20190810121320 
1 0.0846 -0.1174 0.5259 21.0100495 105.7113764 20190810121320 
1 0.1378 -0.2712 0.6686 21.0100495 105.7113764 20190810121320 
1 0.1254 0.0901 0.5631 21.0100495 105.7113764 20190810121320 
1 0.1223 0.0574 0.2348 21.0100495 105.7113764 20190810121320 
1 0.1370 -0.1496 -0.1128 21.0100495 105.7113764 20190810121320 
1 0.1700 0.0494 0.0112 21.0100495 105.7113764 20190810121320 
1 0.0966 -0.0111 0.0610 21.0100495 105.7113764 20190810121320 
1 0.2734 -0.0469 -0.0045 21.0100495 105.7113764 20190810121320 
1 0.1228 0.0537 -0.2459 21.0100495 105.7113764 20190810121320 
1 0.1885 0.0023 -0.3073 21.0100495 105.7113764 20190810121320 
1 0.1573 -0.0399 -0.4624 21.0100495 105.7113764 20190810121320 
1 0.2545 -0.0174 -0.3483 21.0100495 105.7113764 20190810121320 
1 0.1163 -0.1258 -0.4089 21.0100495 105.7113764 20190810121320 
1 0.0464 -0.1055 -0.5509 21.0100495 105.7113764 20190810121320 
1 0.1140 0.1657 -0.4094 21.0100495 105.7113764 20190810121320 
1 0.1314 -0.0700 -0.4220 21.0100495 105.7113764 20190810121320 
1 0.2367 -0.0839 -0.3864 21.0100495 105.7113764 20190810121320 
1 0.0030 -0.0965 -0.3265 21.010089 105.7115817 20190810121320 
1 0.0946 0.2220 -0.2930 21.010089 105.7115817 20190810121320 
1 0.2051 -0.1941 -0.4135 21.010089 105.7115817 20190810121320 
1 -0.0018 0.1563 0.1944 21.010089 105.7115817 20190810121320 
1 0.0509 0.2862 -0.1886 21.010089 105.7115817 20190810121320 
1 0.0512 0.0596 -0.2608 21.010089 105.7115817 20190810121320 
1 0.0537 0.1053 0.3908 21.010089 105.7115817 20190810121320 
1 0.1861 0.1118 -0.1618 21.010089 105.7115817 20190810121320 
1 0.0381 0.0738 0.1207 21.010089 105.7115817 20190810121320 
1 -0.0610 0.0482 0.4990 21.010089 105.7115817 20190810121320 
1 0.1215 0.3576 0.2243 21.010089 105.7115817 20190810121320 
1 0.0086 0.0143 0.4780 21.010089 105.7115817 20190810121320 
1 -0.0146 0.0417 0.7839 21.010089 105.7115817 20190810121320 
1 -0.0502 0.4171 0.3957 21.010089 105.7115817 20190810121320 
1 -0.1056 -0.0281 0.5089 21.010089 105.7115817 20190810121320 
1 -0.0179 0.1091 1.0459 21.010089 105.7115817 20190810121321 
1 0.0067 0.2429 0.9181 21.010089 105.7115817 20190810121321 
1 -0.0565 0.0288 0.9624 21.010089 105.7115817 20190810121321 
1 -0.1008 0.0378 1.3835 21.010089 105.7115817 20190810121321 
1 -0.0161 0.0081 1.0091 21.010089 105.7115817 20190810121321 
1 -0.0822 0.1524 0.9723 21.010089 105.7115817 20190810121321 
1 -0.0063 0.0810 1.0454 21.010089 105.7115817 20190810121321 
1 -0.1233 -0.1030 0.7917 21.010089 105.7115817 20190810121321 
1 -0.1800 0.0970 1.3450 21.010089 105.7115817 20190810121321 
1 0.0437 0.0373 0.9951 21.010089 105.7115817 20190810121321 
1 0.1741 -0.4704 0.8826 21.010089 105.7115817 20190810121321 
1 -0.1217 0.1112 1.0546 21.010089 105.7115817 20190810121321 
1 -0.0768 -0.0128 -0.0069 21.010089 105.7115817 20190810121321 
1 0.3188 -0.2622 0.2806 21.010089 105.7115817 20190810121321 
1 -0.0770 -0.1592 1.0153 21.010089 105.7115817 20190810121321 
1 -0.0523 -0.0954 0.4379 21.010089 105.7115817 20190810121321 
1 0.1568 -0.2028 -0.6644 21.010089 105.7115817 20190810121321 
1 0.0881 -0.1367 -0.4920 21.010089 105.7115817 20190810121321 
1 0.1446 -0.0613 -0.9633 21.010089 105.7115817 20190810121321 
1 0.1858 0.1036 -0.5640 21.010089 105.7115817 20190810121321 
1 0.0562 -0.2228 -1.0260 21.010089 105.7115817 20190810121321 
1 0.1175 0.1799 -0.6024 21.010089 105.7115817 20190810121321 
1 0.2786 -0.2662 -1.4539 21.010089 105.7115817 20190810121321 
1 0.0357 0.0364 -0.6610 21.010089 105.7115817 20190810121321 
1 0.1322 -0.1479 -1.6477 21.010089 105.7115817 20190810121321 
1 -0.0005 0.0361 -1.8270 21.010089 105.7115817 20190810121321 
1 0.1302 -0.2059 -1.3235 21.010089 105.7115817 20190810121321 
1 0.3040 -0.0349 -1.6926 21.010089 105.7115817 20190810121321 
1 -0.0862 0.1878 -1.4409 21.010089 105.7115817 20190810121321 
1 0.1131 -0.2021 -1.2253 21.010089 105.7115817 20190810121321 
1 0.3768 -0.0977 -1.3594 21.010089 105.7115817 20190810121321 
1 0.0363 -0.0371 -0.7400 21.010089 105.7115817 20190810121321 
1 0.0729 -0.0049 -0.6159 21.010089 105.7115817 20190810121321 
1 0.3381 -0.2296 -1.9612 21.0101171 105.7117851 20190810121321 
1 0.0871 0.3941 -0.7883 21.0101171 105.7117851 20190810121321 
1 0.2354 -0.0696 -0.7994 21.0101171 105.7117851 20190810121321 
1 0.2098 -0.1090 -0.9292 21.0101171 105.7117851 20190810121321 
1 0.0063 -0.0400 -0.7351 21.0101171 105.7117851 20190810121321 
1 0.2034 0.1017 -0.9492 21.0101171 105.7117851 20190810121321 
1 0.0707 0.1819 -0.3276 21.0101171 105.7117851 20190810121321 
1 0.2834 -0.0421 -0.3858 21.0101171 105.7117851 20190810121321 
1 0.2894 -0.1689 -0.9954 21.0101171 105.7117851 20190810121321 
1 0.1227 0.1712 -0.3177 21.0101171 105.7117851 20190810121321 
1 0.2285 -0.1453 -0.7263 21.0101171 105.7117851 20190810121321 
1 0.1665 -0.3374 -0.4203 21.0101171 105.7117851 20190810121321 
1 0.0703 -0.0337 0.7459 21.0101171 105.7117851 20190810121321 
1 0.1742 0.0049 -0.3816 21.0101171 105.7117851 20190810121321 
1 0.2003 -0.1984 -1.0941 21.0101171 105.7117851 20190810121321 
1 -0.0375 0.0426 -0.7117 21.0101171 105.7117851 20190810121322 
1 0.2451 -0.5428 -0.6721 21.0101171 105.7117851 20190810121322 
1 0.0987 0.1251 0.4669 21.0101171 105.7117851 20190810121322 
1 0.0590 -0.7378 0.4191 21.0101171 105.7117851 20190810121322 
1 -0.0537 0.4645 0.5464 21.0101171 105.7117851 20190810121322 
1 0.3059 -0.2324 -0.9081 21.0101171 105.7117851 20190810121322 
1 0.0361 -0.0463 0.4063 21.0101171 105.7117851 20190810121322 
1 -0.0463 0.0126 0.6205 21.0101171 105.7117851 20190810121322 
1 0.0256 0.0353 0.4650 21.0101171 105.7117851 20190810121322 
1 0.0052 -0.1732 0.9998 21.0101171 105.7117851 20190810121322 
1 -0.1501 0.2685 1.7495 21.0101171 105.7117851 20190810121322 
1 0.1151 0.0216 1.2086 21.0101171 105.7117851 20190810121322 
1 -0.0468 -0.0697 1.3413 21.0101171 105.7117851 20190810121322 
1 -0.0770 0.1229 1.5310 21.0101171 105.7117851 20190810121322 
1 0.1195 0.1357 1.0757 21.0101171 105.7117851 20190810121322 
1 0.1172 -0.0887 1.4657 21.0101171 105.7117851 20190810121322 
1 0.0575 0.3050 1.7448 21.0101171 105.7117851 20190810121322 
1 0.0471 0.1384 0.8874 21.0101171 105.7117851 20190810121322 
1 0.2161 -0.3832 0.4319 21.0101171 105.7117851 20190810121322 
1 0.2781 -0.1417 0.3872 21.0101171 105.7117851 20190810121322 
1 -0.0208 0.2177 0.1685 21.0101171 105.7117851 20190810121322 
1 0.2543 -0.2808 -0.1667 21.0101171 105.7117851 20190810121322 
1 0.2595 -0.2497 -0.3426 21.0101171 105.7117851 20190810121322 
1 0.1577 -0.1541 -0.5609 21.0101171 105.7117851 20190810121322 
1 0.0554 -0.2730 -0.4160 21.0101171 105.7117851 20190810121322 
1 0.3077 -0.3740 -1.1212 21.0101171 105.7117851 20190810121322 
1 0.0606 0.0192 -0.6446 21.0101171 105.7117851 20190810121322 
1 0.2347 -0.2739 -0.9471 21.0101171 105.7117851 20190810121322 
1 0.0124 -0.1091 -0.3225 21.0101171 105.7117851 20190810121322 
1 0.2108 -0.6182 -1.2698 21.0101171 105.7117851 20190810121322 
1 0.0250 0.1945 -0.6937 21.0101171 105.7117851 20190810121322 
1 0.1744 -0.5168 -0.9208 21.0101171 105.7117851 20190810121322 
1 0.1822 -0.2006 -0.2908 21.0101171 105.7117851 20190810121322 
1 0.1880 0.2003 -1.1238 21.0101171 105.7117851 20190810121322 
1 -0.2953 -0.4069 0.0402 21.0101631 105.7119982 20190810121322 
1 0.3855 -0.6485 0.1458 21.0101631 105.7119982 20190810121322 
1 -0.2892 0.3572 0.5348 21.0101631 105.7119982 20190810121322 
1 0.3793 -1.0053 -0.9415 21.0101631 105.7119982 20190810121322 
1 -0.4024 0.8935 0.9380 21.0101631 105.7119982 20190810121322 
1 0.2918 -0.8578 -1.0377 21.0101631 105.7119982 20190810121322 
1 0.0114 -0.0350 0.6767 21.0101631 105.7119982 20190810121322 
1 -0.0127 -0.1597 1.0465 21.0101631 105.7119982 20190810121322 
1 -0.2140 0.0453 1.6776 21.0101631 105.7119982 20190810121322 
1 0.5036 -0.0073 -0.3160 21.0101631 105.7119982 20190810121322 
1 -0.2615 -0.0809 0.9722 21.0101631 105.7119982 20190810121322 
1 0.2046 -0.0317 0.4031 21.0101631 105.7119982 20190810121322 
1 -0.2225 0.2603 0.8072 21.0101631 105.7119982 20190810121322 
1 0.1311 -0.4176 -0.1938 21.0101631 105.7119982 20190810121322 
1 -0.0530 0.2478 1.1668 21.0101631 105.7119982 20190810121322 
1 -0.0469 -0.3966 0.8859 21.0101631 105.7119982 20190810121322 
1 0.0871 -0.2281 0.5769 21.0101631 105.7119982 20190810121322 
1 -0.1393 0.0961 0.2173 21.0101631 105.7119982 20190810121322 
1 0.0185 -0.2192 0.4356 21.0101631 105.7119982 20190810121323 
1 0.0432 -0.1166 0.9167 21.0101631 105.7119982 20190810121323 
1 0.1034 -0.0879 0.6840 21.0101631 105.7119982 20190810121323 
1 0.0535 -0.0184 0.7178 21.0101631 105.7119982 20190810121323 
1 0.2112 -0.3220 0.2957 21.0101631 105.7119982 20190810121323 
1 0.0129 0.2908 0.3703 21.0101631 105.7119982 20190810121323 
1 0.2780 -0.6646 -0.5303 21.0101631 105.7119982 20190810121323 
1 0.3003 0.1625 -0.6232 21.0101631 105.7119982 20190810121323 
1 -0.1411 -0.6125 -0.4537 21.0101631 105.7119982 20190810121323 
1 0.1182 0.3787 -0.1893 21.0101631 105.7119982 20190810121323 
1 0.3061 -0.9061 -1.0529 21.0101631 105.7119982 20190810121323 
1 0.0966 0.1079 0.0943 21.0101631 105.7119982 20190810121323 
1 -0.1793 -0.2741 -0.9248 21.0101631 105.7119982 20190810121323 
1 0.1571 -0.2462 -1.3670 21.0101631 105.7119982 20190810121323 
1 0.0962 -0.2843 -0.7448 21.0101631 105.7119982 20190810121323 
1 -0.0659 -0.1773 0.2396 21.0101631 105.7119982 20190810121323 
1 0.0295 -0.2284 -0.3007 21.0101631 105.7119982 20190810121323 
1 -0.0215 0.0335 -0.0134 21.0101631 105.7119982 20190810121323 
1 0.1104 -0.3069 -0.2365 21.0101631 105.7119982 20190810121323 
1 -0.0535 -0.0092 0.3928 21.0101631 105.7119982 20190810121323 
1 0.0459 -0.0012 0.3391 21.0101631 105.7119982 20190810121323 
1 0.0989 -0.0905 -0.0831 21.0101631 105.7119982 20190810121323 
1 -0.0128 0.2643 0.3930 21.0101631 105.7119982 20190810121323 
1 0.1737 -0.1424 0.4198 21.0101631 105.7119982 20190810121323 
1 0.0042 0.2057 0.5040 21.0101631 105.7119982 20190810121323 
1 0.1069 0.0039 -0.1212 21.0101631 105.7119982 20190810121323 
1 0.1371 0.0889 0.0487 21.0101631 105.7119982 20190810121323 
1 0.0732 0.1863 -0.1001 21.0101631 105.7119982 20190810121323 
1 0.1498 0.0159 -0.3590 21.0101631 105.7119982 20190810121323 
1 0.0989 -0.0511 -0.5796 21.0101631 105.7119982 20190810121323 
1 0.2100 0.0964 -0.6955 21.0101631 105.7119982 20190810121323 
1 0.2237 0.1973 -0.8291 21.0101631 105.7119982 20190810121323 
1 0.1006 -0.0061 -0.7750 21.0102144 105.7122117 20190810121323 
1 0.1694 -0.0125 -0.7116 21.0102144 105.7122117 20190810121323 
1 0.1139 0.2061 -0.9950 21.0102144 105.7122117 20190810121323 
1 0.1541 -0.0498 -1.1592 21.0102144 105.7122117 20190810121323 
1 0.1507 -0.1192 -0.9194 21.0102144 105.7122117 20190810121323 
1 0.2059 0.0543 -1.1995 21.0102144 105.7122117 20190810121323 
1 0.0408 -0.1789 -0.7665 21.0102144 105.7122117 20190810121323 
1 0.0447 -0.0005 0.0210 21.0102144 105.7122117 20190810121323 
1 0.1581 -0.0919 -0.3705 21.0102144 105.7122117 20190810121323 
1 0.1389 -0.3752 -0.4635 21.0102144 105.7122117 20190810121323 
1 -0.0099 -0.1514 -0.0594 21.0102144 105.7122117 20190810121323 
1 0.0514 -0.4384 -0.3191 21.0102144 105.7122117 20190810121323 
1 0.2073 -0.2648 0.2053 21.0102144 105.7122117 20190810121323 
1 -0.0010 -0.5725 0.7487 21.0102144 105.7122117 20190810121323 
1 -0.0406 -0.0735 1.0785 21.0102144 105.7122117 20190810121323 
1 0.0289 -0.4491 0.2827 21.0102144 105.7122117 20190810121323 
1 0.0860 -0.4119 0.6883 21.0102144 105.7122117 20190810121324 
1 0.0842 -0.3781 0.8289 21.0102144 105.7122117 20190810121324 
1 -0.1301 -0.3860 0.8412 21.0102144 105.7122117 20190810121324 
1 -0.0368 -0.5152 0.8185 21.0102144 105.7122117 20190810121324 
1 0.1553 -0.2891 0.9389 21.0102144 105.7122117 20190810121324 
1 -0.0211 -0.0470 0.9802 21.0102144 105.7122117 20190810121324 
1 -0.0967 -0.4495 1.0861 21.0102144 105.7122117 20190810121324 
1 0.0696 -0.0303 0.6040 21.0102144 105.7122117 20190810121324 
1 -0.0206 -0.1366 0.3867 21.0102144 105.7122117 20190810121324 
1 -0.0427 -0.0025 1.0539 21.0102144 105.7122117 20190810121324 
1 0.1635 -0.1508 0.5095 21.0102144 105.7122117 20190810121324 
1 -0.0110 0.1357 0.6785 21.0102144 105.7122117 20190810121324 
1 0.0714 -0.0221 0.5512 21.0102144 105.7122117 20190810121324 
1 0.1209 0.1735 0.5133 21.0102144 105.7122117 20190810121324 
1 0.0799 -0.0351 -0.2096 21.0102144 105.7122117 20190810121324 
1 0.0395 0.0366 0.3073 21.0102144 105.7122117 20190810121324 
1 0.0671 0.1226 -0.0197 21.0102144 105.7122117 20190810121324 
1 0.0005 0.2138 0.2548 21.0102144 105.7122117 20190810121324 
1 0.1449 -0.0639 0.0550 21.0102144 105.7122117 20190810121324 
1 0.0515 0.1442 0.0636 21.0102144 105.7122117 20190810121324 
1 0.0616 0.0314 -0.3065 21.0102144 105.7122117 20190810121324 
1 -0.0126 -0.0889 -0.0538 21.0102144 105.7122117 20190810121324 
1 0.0955 -0.0007 -0.1215 21.0102144 105.7122117 20190810121324 
1 -0.0032 -0.0291 0.1681 21.0102144 105.7122117 20190810121324 
1 -0.0122 0.1855 0.3186 21.0102144 105.7122117 20190810121324 
1 0.1384 -0.3734 -0.0708 21.0102144 105.7122117 20190810121324 
1 -0.0280 0.1903 0.3030 21.0102144 105.7122117 20190810121324 
1 -0.0311 -0.1086 0.0438 21.0102144 105.7122117 20190810121324 
1 -0.0199 -0.3168 0.2842 21.0102144 105.7122117 20190810121324 
1 0.0108 -0.0417 0.2826 21.0102144 105.7122117 20190810121324 
1 -0.0164 0.0931 0.3266 21.0102144 105.7122117 20190810121324 
1 0.0130 -0.2783 0.2773 21.0102144 105.7122117 20190810121324 
1 -0.0319 0.0058 0.4890 21.0102481 105.7124221 20190810121324 
1 0.0738 -0.1871 0.0370 21.0102481 105.7124221 20190810121324 
1 -0.0537 0.0153 0.3573 21.0102481 105.7124221 20190810121324 
1 0.0559 -0.2147 -0.0155 21.0102481 105.7124221 20190810121324 
1 0.0530 0.0513 0.1342 21.0102481 105.7124221 20190810121324 
1 -0.0695 -0.1782 0.0093 21.0102481 105.7124221 20190810121324 
1 -0.0656 0.1575 -0.2915 21.0102481 105.7124221 20190810121324 
1 0.0266 -0.0348 -0.4679 21.0102481 105.7124221 20190810121324 
1 -0.0832 -0.0905 -0.1569 21.0102481 105.7124221 20190810121324 
1 -0.1336 -0.0658 0.0925 21.0102481 105.7124221 20190810121324 
1 -0.1931 -0.0201 -0.2306 21.0102481 105.7124221 20190810121324 
1 -0.1202 -0.0361 -0.4384 21.0102481 105.7124221 20190810121324 
1 -0.1551 -0.0859 -0.1253 21.0102481 105.7124221 20190810121324 
1 -0.2399 0.1583 0.1040 21.0102481 105.7124221 20190810121324 
1 -0.1844 -0.2058 0.0083 21.0102481 105.7124221 20190810121324 
1 -0.2309 -0.0448 0.2958 21.0102481 105.7124221 20190810121324 
1 -0.2081 -0.0461 0.2805 21.0102481 105.7124221 20190810121324 
1 -0.1073 -0.2374 0.1741 21.0102481 105.7124221 20190810121324 
1 -0.3429 -0.0503 0.5889 21.0102481 105.7124221 20190810121324 
1 -0.2696 -0.2359 0.1107 21.0102481 105.7124221 20190810121325 
1 -0.2735 0.0324 0.1755 21.0102481 105.7124221 20190810121325 
1 0.0101 -0.2437 0.2222 21.0102481 105.7124221 20190810121325 
1 -0.0737 0.0454 0.1408 21.0102481 105.7124221 20190810121325 
1 -0.2409 -0.3409 -0.4155 21.0102481 105.7124221 20190810121325 
1 -0.3359 0.2022 0.2454 21.0102481 105.7124221 20190810121325 
1 0.0962 -0.3542 -0.7384 21.0102481 105.7124221 20190810121325 
1 -0.1007 -0.0896 0.0163 21.0102481 105.7124221 20190810121325 
1 -0.3107 -0.0218 -0.3443 21.0102481 105.7124221 20190810121325 
1 -0.2539 0.0439 -0.7754 21.0102481 105.7124221 20190810121325 
1 -0.2370 -0.0973 -0.6167 21.0102481 105.7124221 20190810121325 
1 0.0626 -0.1220 -0.5794 21.0102481 105.7124221 20190810121325 
1 -0.1185 0.1342 -0.4279 21.0102481 105.7124221 20190810121325 
1 -0.4827 0.1143 -0.1674 21.0102481 105.7124221 20190810121325 
1 0.0241 -0.0861 -0.5631 21.0102481 105.7124221 20190810121325 
1 0.1534 0.0211 -0.9787 21.0102481 105.7124221 20190810121325 
1 -0.4229 0.2160 -0.5278 21.0102481 105.7124221 20190810121325 
1 -0.3812 -0.1520 -0.7517 21.0102481 105.7124221 20190810121325 
1 -0.1000 0.3061 -0.5037 21.0102481 105.7124221 20190810121325 
1 -0.1324 -0.2001 0.1996 21.0102481 105.7124221 20190810121325 
1 -0.1176 0.1504 0.1452 21.0102481 105.7124221 20190810121325 
1 -0.2854 -0.1880 -0.5846 21.0102481 105.7124221 20190810121325 
1 -0.2257 0.1024 -0.5365 21.0102481 105.7124221 20190810121325 
1 -0.1874 0.0397 0.0465 21.0102481 105.7124221 20190810121325 
1 -0.2723 -0.0644 0.4431 21.0102481 105.7124221 20190810121325 
1 -0.2257 -0.0746 0.4380 21.0102481 105.7124221 20190810121325 
1 -0.2720 -0.0446 -0.2229 21.0102481 105.7124221 20190810121325 
1 -0.1642 -0.1357 0.2136 21.0102481 105.7124221 20190810121325 
1 -0.2913 -0.0681 0.3358 21.0102481 105.7124221 20190810121325 
1 -0.2536 -0.2619 0.2322 21.0102481 105.7124221 20190810121325 
1 -0.2912 0.0313 0.3311 21.0102481 105.7124221 20190810121325 
1 -0.1118 -0.2731 -0.0613 21.0102481 105.7124221 20190810121325 
1 -0.2827 0.3200 0.3023 21.0102481 105.7124221 20190810121325 
1 -0.1517 -0.3534 -0.1250 21.0102918 105.7126417 20190810121325 
1 -0.1867 -0.0235 0.1143 21.0102918 105.7126417 20190810121325 
1 -0.2098 0.0059 -0.3330 21.0102918 105.7126417 20190810121325 
1 -0.3425 0.3652 0.0308 21.0102918 105.7126417 20190810121325 
1 -0.1553 -0.3105 -0.1474 21.0102918 105.7126417 20190810121325 
1 -0.1900 0.2394 0.3034 21.0102918 105.7126417 20190810121325 
1 -0.1489 -0.0232 -0.6080 21.0102918 105.7126417 20190810121325 
1 -0.2375 0.1653 -0.0964 21.0102918 105.7126417 20190810121325 
1 -0.2754 0.0129 -0.0119 21.0102918 105.7126417 20190810121325 
1 -0.1896 0.0582 -0.1716 21.0102918 105.7126417 20190810121325 
1 -0.2011 0.0662 -0.0100 21.0102918 105.7126417 20190810121325 
1 -0.2440 0.0809 -0.0926 21.0102918 105.7126417 20190810121325 
1 -0.2654 0.1316 -0.1713 21.0102918 105.7126417 20190810121325 
1 -0.0530 -0.1796 -0.0722 21.0102918 105.7126417 20190810121325 
1 -0.1959 0.0941 0.1866 21.0102918 105.7126417 20190810121325 
1 -0.2620 -0.0697 -0.2567 21.0102918 105.7126417 20190810121326 
1 -0.2710 0.2872 0.0650 21.0102918 105.7126417 20190810121326 
1 -0.0948 -0.2699 -0.4259 21.0102918 105.7126417 20190810121326 
1 -0.1350 0.2434 0.0342 21.0102918 105.7126417 20190810121326 
1 -0.2856 -0.0729 -0.2997 21.0102918 105.7126417 20190810121326 
1 -0.2158 0.0758 -0.2554 21.0102918 105.7126417 20190810121326 
1 -0.1963 -0.1109 -0.0604 21.0102918 105.7126417 20190810121326 
1 0.0232 -0.1721 -0.1511 21.0102918 105.7126417 20190810121326 
1 -0.1328 0.1517 0.0266 21.0102918 105.7126417 20190810121326 
1 -0.1474 -0.1889 -0.3527 21.0102918 105.7126417 20190810121326 
1 0.0198 0.1026 -0.4446 21.0102918 105.7126417 20190810121326 
1 -0.1228 -0.2691 -0.0812 21.0102918 105.7126417 20190810121326 
1 -0.0326 0.0777 0.2152 21.0102918 105.7126417 20190810121326 
1 -0.0719 -0.0229 -0.4391 21.0102918 105.7126417 20190810121326 
1 -0.0865 -0.0820 -0.0062 21.0102918 105.7126417 20190810121326 
1 -0.0031 0.2079 -0.1073 21.0102918 105.7126417 20190810121326 
1 -0.0955 -0.3239 -0.3103 21.0102918 105.7126417 20190810121326 
1 -0.0874 0.0646 0.0789 21.0102918 105.7126417 20190810121326 
1 -0.1538 0.0373 -0.3388 21.0102918 105.7126417 20190810121326 
1 -0.0817 0.0798 -0.0078 21.0102918 105.7126417 20190810121326 
1 -0.0661 -0.0425 0.3693 21.0102918 105.7126417 20190810121326 
1 0.0389 0.0498 -0.1858 21.0102918 105.7126417 20190810121326 
1 -0.1477 0.0790 -0.2980 21.0102918 105.7126417 20190810121326 
1 -0.1470 0.2799 0.1697 21.0102918 105.7126417 20190810121326 
1 -0.1495 -0.1347 0.1852 21.0102918 105.7126417 20190810121326 
1 0.0862 0.0588 0.0994 21.0102918 105.7126417 20190810121326 
1 -0.1605 0.0886 0.1902 21.0102918 105.7126417 20190810121326 
1 -0.0763 0.0715 0.0952 21.0102918 105.7126417 20190810121326 
1 -0.1942 -0.0050 0.0243 21.0102918 105.7126417 20190810121326 
1 0.0747 0.0521 -0.0563 21.0102918 105.7126417 20190810121326 
1 -0.1226 0.1969 0.1966 21.0102918 105.7126417 20190810121326 
1 -0.0858 0.0259 0.0753 21.0102918 105.7126417 20190810121326 
1 -0.0936 0.0416 0.2225 21.0102918 105.7126417 20190810121326 
1 -0.0549 -0.0401 0.0245 21.0102918 105.7126417 20190810121326 
1 -0.0342 0.0848 0.3220 21.0103337 105.7128558 20190810121326 
1 -0.1517 0.0393 0.0649 21.0103337 105.7128558 20190810121326 
1 -0.0457 0.1756 0.1501 21.0103337 105.7128558 20190810121326 
1 -0.1007 -0.1605 0.0809 21.0103337 105.7128558 20190810121326 
1 -0.0379 0.2238 0.2417 21.0103337 105.7128558 20190810121326 
1 -0.1500 -0.0958 0.0226 21.0103337 105.7128558 20190810121326 
1 0.0074 -0.0087 0.0384 21.0103337 105.7128558 20190810121326 
1 0.0164 0.0287 0.2397 21.0103337 105.7128558 20190810121326 
1 0.0417 0.0035 0.0674 21.0103337 105.7128558 20190810121326 
1 -0.1148 0.0246 0.2991 21.0103337 105.7128558 20190810121326 
1 -0.0200 0.0217 -0.2754 21.0103337 105.7128558 20190810121326 
1 0.0426 0.0181 -0.3154 21.0103337 105.7128558 20190810121326 
1 -0.0977 0.1148 -0.0473 21.0103337 105.7128558 20190810121326 
1 -0.0354 -0.1901 -0.2488 21.0103337 105.7128558 20190810121326 
1 0.0724 0.0755 -0.2331 21.0103337 105.7128558 20190810121326 
1 0.0371 0.0919 -0.1971 21.0103337 105.7128558 20190810121326 
1 -0.0563 -0.0004 -0.2669 21.0103337 105.7128558 20190810121327 
1 -0.0421 -0.0912 -0.3184 21.0103337 105.7128558 20190810121327 
1 0.0325 -0.0136 -0.3321 21.0103337 105.7128558 20190810121327 
1 -0.1595 0.1150 -0.3404 21.0103337 105.7128558 20190810121327 
1 0.0317 0.0552 -0.1957 21.0103337 105.7128558 20190810121327 
1 -0.0879 -0.1387 0.1516 21.0103337 105.7128558 20190810121327 
1 0.0221 0.0559 -0.1308 21.0103337 105.7128558 20190810121327 
1 -0.0125 0.1221 -0.2224 21.0103337 105.7128558 20190810121327 
1 -0.0422 -0.1996 -0.3844 21.0103337 105.7128558 20190810121327 
1 -0.1412 0.2387 0.0296 21.0103337 105.7128558 20190810121327 
1 0.0279 -0.3152 -0.2610 21.0103337 105.7128558 20190810121327 
1 -0.0417 0.2617 0.4720 21.0103337 105.7128558 20190810121327 
1 0.1423 -0.3547 -0.1550 21.0103337 105.7128558 20190810121327 
1 0.1259 0.2451 0.1550 21.0103337 105.7128558 20190810121327 
1 -0.0944 -0.1995 0.1027 21.0103337 105.7128558 20190810121327 
1 -0.0737 0.0074 0.2377 21.0103337 105.7128558 20190810121327 
1 -0.1238 -0.1787 -0.0313 21.0103337 105.7128558 20190810121327 
1 0.0150 0.2810 0.2903 21.0103337 105.7128558 20190810121327 
1 -0.0911 -0.1158 0.2053 21.0103337 105.7128558 20190810121327 
1 -0.1673 -0.0181 0.4487 21.0103337 105.7128558 20190810121327 
1 0.0114 0.0617 -0.0867 21.0103337 105.7128558 20190810121327 
1 0.1447 -0.0402 0.0408 21.0103337 105.7128558 20190810121327 
1 0.0363 -0.0290 0.4060 21.0103337 105.7128558 20190810121327 
1 -0.0655 0.0840 0.0585 21.0103337 105.7128558 20190810121327 
1 0.0117 0.0643 0.0388 21.0103337 105.7128558 20190810121327 
1 0.0534 -0.0337 0.1140 21.0103337 105.7128558 20190810121327 
1 0.0368 0.0813 0.0419 21.0103337 105.7128558 20190810121327 
1 -0.0221 0.0956 0.0636 21.0103337 105.7128558 20190810121327 
1 -0.0923 -0.0687 0.2032 21.0103337 105.7128558 20190810121327 
1 0.0918 0.0282 -0.1316 21.0103337 105.7128558 20190810121327 
1 0.0021 0.2374 -0.2179 21.0103337 105.7128558 20190810121327 
1 -0.1086 0.0071 0.1030 21.0103337 105.7128558 20190810121327 
1 0.1160 0.0164 0.1732 21.0103337 105.7128558 20190810121327 
1 -0.0828 0.2021 -0.0027 21.0103337 105.7128558 20190810121327 
1 -0.0259 0.0086 -0.1827 21.0103736 105.7130653 20190810121327 
1 0.0333 0.2410 -0.1585 21.0103736 105.7130653 20190810121327 
1 -0.0497 -0.0203 -0.1860 21.0103736 105.7130653 20190810121327 
1 0.0821 0.1220 0.4342 21.0103736 105.7130653 20190810121327 
1 -0.0009 -0.1485 -0.2747 21.0103736 105.7130653 20190810121327 
1 0.0588 0.4226 -0.1631 21.0103736 105.7130653 20190810121327 
1 -0.0420 -0.1202 -0.3847 21.0103736 105.7130653 20190810121327 
1 0.0129 0.1806 0.0633 21.0103736 105.7130653 20190810121327 
1 0.0220 -0.1195 -0.1678 21.0103736 105.7130653 20190810121327 
1 0.0354 0.1941 -0.0853 21.0103736 105.7130653 20190810121327 
1 0.0234 -0.1553 -0.1197 21.0103736 105.7130653 20190810121327 
1 0.1225 0.1164 -0.0099 21.0103736 105.7130653 20190810121327 
1 0.0555 0.1579 -0.2836 21.0103736 105.7130653 20190810121327 
1 0.0058 -0.1791 -0.2343 21.0103736 105.7130653 20190810121327 
1 0.1539 0.0770 -0.1199 21.0103736 105.7130653 20190810121327 
1 -0.0608 0.0862 -0.1124 21.0103736 105.7130653 20190810121328 
1 0.1257 -0.1643 -0.0744 21.0103736 105.7130653 20190810121328 
1 0.0122 -0.0022 0.0977 21.0103736 105.7130653 20190810121328 
1 0.0179 0.3185 -0.0687 21.0103736 105.7130653 20190810121328 
1 0.1507 -0.0408 -0.1267 21.0103736 105.7130653 20190810121328 
1 0.1226 -0.0754 0.0229 21.0103736 105.7130653 20190810121328 
1 -0.0866 0.0897 0.2851 21.0103736 105.7130653 20190810121328 
1 0.0199 -0.1664 -0.1988 21.0103736 105.7130653 20190810121328 
1 0.1340 0.1062 0.2345 21.0103736 105.7130653 20190810121328 
1 -0.0076 -0.0190 0.1204 21.0103736 105.7130653 20190810121328 
1 0.0833 0.1680 0.2043 21.0103736 105.7130653 20190810121328 
1 0.0030 -0.1580 0.1099 21.0103736 105.7130653 20190810121328 
1 0.0982 0.1531 -0.0859 21.0103736 105.7130653 20190810121328 
1 -0.0171 -0.0769 0.0665 21.0103736 105.7130653 20190810121328 
1 0.0950 0.0414 0.2732 21.0103736 105.7130653 20190810121328 
1 -0.0436 0.0084 0.1583 21.0103736 105.7130653 20190810121328 
1 0.0869 -0.1925 -0.0887 21.0103736 105.7130653 20190810121328 
1 0.0129 0.1175 0.3279 21.0103736 105.7130653 20190810121328 
1 0.0192 0.0035 0.0588 21.0103736 105.7130653 20190810121328 
1 0.0381 -0.0419 0.4560 21.0103736 105.7130653 20190810121328 
1 -0.0887 -0.0592 0.3501 21.0103736 105.7130653 20190810121328 
1 0.0089 0.1817 0.2297 21.0103736 105.7130653 20190810121328 
1 -0.0465 -0.1019 0.2337 21.0103736 105.7130653 20190810121328 
1 -0.0041 -0.0785 0.3470 21.0103736 105.7130653 20190810121328 
1 -0.0868 0.0899 0.6078 21.0103736 105.7130653 20190810121328 
1 -0.0627 0.0331 0.3386 21.0103736 105.7130653 20190810121328 
1 0.0163 0.0958 0.6342 21.0103736 105.7130653 20190810121328 
1 -0.0042 -0.1590 0.7898 21.0103736 105.7130653 20190810121328 
1 0.0906 0.0547 0.6416 21.0103736 105.7130653 20190810121328 
1 -0.1779 0.0840 0.6409 21.0103736 105.7130653 20190810121328 
1 -0.0137 0.0691 0.6200 21.0103736 105.7130653 20190810121328 
1 -0.0129 0.0955 0.5062 21.0103736 105.7130653 20190810121328 
1 0.0421 0.0264 0.6372 21.0103736 105.7130653 20190810121328 
1 -0.0316 -0.0107 0.6695 21.0103736 105.7130653 20190810121328 
1 0.1274 0.1104 0.1095 21.0104189 105.7132758 20190810121328 
1 -0.0757 -0.0132 0.3547 21.0104189 105.7132758 20190810121328 
1 0.1475 -0.0506 0.2628 21.0104189 105.7132758 20190810121328 
1 0.1254 0.1258 0.1988 21.0104189 105.7132758 20190810121328 
1 -0.1191 0.0993 0.0318 21.0104189 105.7132758 20190810121328 
1 0.2332 0.1812 -0.4382 21.0104189 105.7132758 20190810121328 
1 -0.0392 -0.2724 -0.1737 21.0104189 105.7132758 20190810121328 
1 0.0188 0.2465 0.0498 21.0104189 105.7132758 20190810121328 
1 0.0528 -0.0542 -0.3720 21.0104189 105.7132758 20190810121328 
1 0.0306 -0.2482 -0.2605 21.0104189 105.7132758 20190810121328 
1 -0.1102 0.1251 0.1690 21.0104189 105.7132758 20190810121328 
1 0.1425 0.0433 -0.6031 21.0104189 105.7132758 20190810121328 
1 0.0174 -0.0774 0.1986 21.0104189 105.7132758 20190810121328 
1 -0.0600 -0.0848 0.1804 21.0104189 105.7132758 20190810121329 
1 0.0797 0.2500 0.1235 21.0104189 105.7132758 20190810121329 
1 0.0768 -0.1523 -0.1582 21.0104189 105.7132758 20190810121329 
1 -0.1043 -0.1038 0.5192 21.0104189 105.7132758 20190810121329 
1 0.0650 0.0604 -0.0260 21.0104189 105.7132758 20190810121329 
1 0.0309 0.0808 -0.1772 21.0104189 105.7132758 20190810121329 
1 0.0157 -0.0561 0.3221 21.0104189 105.7132758 20190810121329 
1 -0.0242 -0.0085 0.4146 21.0104189 105.7132758 20190810121329 
1 0.0978 -0.0230 0.0510 21.0104189 105.7132758 20190810121329 
1 -0.0295 -0.1149 -0.0127 21.0104189 105.7132758 20190810121329 
1 0.0361 0.2257 0.1505 21.0104189 105.7132758 20190810121329 
1 -0.0569 -0.2121 -0.0331 21.0104189 105.7132758 20190810121329 
1 0.1294 -0.0089 0.2782 21.0104189 105.7132758 20190810121329 
1 0.1217 -0.0147 -0.1925 21.0104189 105.7132758 20190810121329 
1 0.1036 0.0584 -0.0891 21.0104189 105.7132758 20190810121329 
1 -0.0621 -0.0242 0.0792 21.0104189 105.7132758 20190810121329 
1 0.2764 -0.2305 -0.5788 21.0104189 105.7132758 20190810121329 
1 0.0139 0.1638 -0.2351 21.0104189 105.7132758 20190810121329 
1 0.0151 -0.1088 -0.3035 21.0104189 105.7132758 20190810121329 
1 0.2051 0.1074 -0.4473 21.0104189 105.7132758 20190810121329 
1 0.0334 0.0977 -0.5114 21.0104189 105.7132758 20190810121329 
1 0.1598 -0.0645 -0.3301 21.0104189 105.7132758 20190810121329 
1 0.1803 -0.2344 -0.6563 21.0104189 105.7132758 20190810121329 
1 -0.1576 0.3857 -0.1679 21.0104189 105.7132758 20190810121329 
1 0.0194 -0.2003 -0.6256 21.0104189 105.7132758 20190810121329 
1 0.5088 -0.2281 -1.1783 21.0104189 105.7132758 20190810121329 
1 0.0901 -0.2586 -0.3563 21.0104189 105.7132758 20190810121329 
1 -0.4077 0.8269 0.6411 21.0104189 105.7132758 20190810121329 
1 0.5977 -1.1387 -1.1416 21.0104189 105.7132758 20190810121329 
1 0.0423 0.6386 0.5902 21.0104189 105.7132758 20190810121329 
1 -0.0301 -0.3104 -0.1369 21.0104189 105.7132758 20190810121329 
1 0.0729 -0.3550 -0.7437 21.0104189 105.7132758 20190810121329 
1 0.1393 0.1236 -0.9511 21.0104189 105.7132758 20190810121329 
1 -0.1357 0.0895 0.5929 21.0104189 105.7132758 20190810121329 
1 0.0617 -0.4001 0.8273 21.0104189 105.7132758 20190810121329 
1 0.1226 -0.2140 0.4010 21.0104614 105.7134857 20190810121329 
1 0.0150 0.5778 0.1927 21.0104614 105.7134857 20190810121329 
1 0.0877 -0.2695 -0.0834 21.0104614 105.7134857 20190810121329 
1 0.0269 0.1057 0.7652 21.0104614 105.7134857 20190810121329 
1 0.1935 -0.3445 -0.2499 21.0104614 105.7134857 20190810121329 
1 -0.0925 0.3942 0.6744 21.0104614 105.7134857 20190810121329 
1 0.2163 -0.3295 0.3170 21.0104614 105.7134857 20190810121329 
1 0.0925 -0.0338 0.1560 21.0104614 105.7134857 20190810121329 
1 0.1570 0.5911 -0.6045 21.0104614 105.7134857 20190810121329 
1 0.1286 -0.4012 -0.5816 21.0104614 105.7134857 20190810121329 
1 0.1079 -0.2530 0.0856 21.0104614 105.7134857 20190810121329 
1 0.0310 0.2880 -0.5464 21.0104614 105.7134857 20190810121329 
1 0.1721 -0.2237 -0.5780 21.0104614 105.7134857 20190810121329 
1 0.0738 -0.4518 -0.2135 21.0104614 105.7134857 20190810121329 
1 0.1763 -0.0433 -0.6762 21.0104614 105.7134857 20190810121329 
1 0.0479 0.0408 -0.3629 21.0104614 105.7134857 20190810121330 
1 0.1133 -0.4959 -0.2615 21.0104614 105.7134857 20190810121330 
1 0.1391 -0.3611 -0.2804 21.0104614 105.7134857 20190810121330 
1 0.0214 -0.1565 -0.3407 21.0104614 105.7134857 20190810121330 
1 0.1379 -0.1969 -0.2716 21.0104614 105.7134857 20190810121330 
1 0.0431 -0.4609 -0.1289 21.0104614 105.7134857 20190810121330 
1 0.1786 -0.2788 -0.2079 21.0104614 105.7134857 20190810121330 
1 0.0471 -0.1794 0.0106 21.0104614 105.7134857 20190810121330 
1 0.0076 -0.4029 -0.2442 21.0104614 105.7134857 20190810121330 
1 0.0633 -0.0798 -0.3139 21.0104614 105.7134857 20190810121330 
1 0.0925 -0.5247 -0.3436 21.0104614 105.7134857 20190810121330 
1 0.0468 0.0257 0.4752 21.0104614 105.7134857 20190810121330 
1 0.0325 -0.5198 0.0204 21.0104614 105.7134857 20190810121330 
1 0.2064 -0.3684 -0.1875 21.0104614 105.7134857 20190810121330 
1 -0.0385 0.0058 -0.0255 21.0104614 105.7134857 20190810121330 
1 0.1587 -0.2497 -0.2819 21.0104614 105.7134857 20190810121330 
1 0.1023 -0.4210 -0.0647 21.0104614 105.7134857 20190810121330 
1 0.0319 -0.2617 0.2181 21.0104614 105.7134857 20190810121330 
1 0.0724 0.0088 -0.1201 21.0104614 105.7134857 20190810121330 
1 0.0541 -0.3932 0.0422 21.0104614 105.7134857 20190810121330 
1 0.2288 -0.2829 -0.0473 21.0104614 105.7134857 20190810121330 
1 -0.1933 -0.0697 -0.1696 21.0104614 105.7134857 20190810121330 
1 0.1284 -0.1567 -0.1151 21.0104614 105.7134857 20190810121330 
1 0.0020 -0.4640 0.3048 21.0104614 105.7134857 20190810121330 
1 0.0414 -0.2269 0.2161 21.0104614 105.7134857 20190810121330 
1 0.0082 -0.1504 0.0989 21.0104614 105.7134857 20190810121330 
1 -0.0117 -0.4535 0.0767 21.0104614 105.7134857 20190810121330 
1 -0.1197 0.0265 0.4501 21.0104614 105.7134857 20190810121330 
1 0.0698 -0.4834 -0.0222 21.0104614 105.7134857 20190810121330 
1 -0.0860 -0.1878 0.7893 21.0104614 105.7134857 20190810121330 
1 -0.0657 -0.3944 0.2157 21.0104614 105.7134857 20190810121330 
1 -0.0871 0.0401 0.5067 21.0104614 105.7134857 20190810121330 
1 -0.1944 -0.5787 0.6360 21.0104614 105.7134857 20190810121330 
1 0.0848 -0.1975 0.5810 21.0104966 105.7137021 20190810121330 
1 -0.1708 -0.0649 0.2986 21.0104966 105.7137021 20190810121330 
1 -0.1585 -0.3079 0.3646 21.0104966 105.7137021 20190810121330 
1 0.0162 -0.3237 0.5040 21.0104966 105.7137021 20190810121330 
1 -0.0963 -0.3020 0.7019 21.0104966 105.7137021 20190810121330 
1 -0.1510 0.0463 0.6238 21.0104966 105.7137021 20190810121330 
1 0.0362 -0.3894 -0.1409 21.0104966 105.7137021 20190810121330 
1 -0.1785 -0.1183 0.1140 21.0104966 105.7137021 20190810121330 
1 -0.1120 0.0187 0.0204 21.0104966 105.7137021 20190810121330 
1 -0.1179 -0.3630 0.3227 21.0104966 105.7137021 20190810121330 
1 -0.3175 -0.1909 0.3324 21.0104966 105.7137021 20190810121330 
1 -0.2040 -0.1155 -0.3147 21.0104966 105.7137021 20190810121330 
1 0.0112 0.0816 0.0644 21.0104966 105.7137021 20190810121330 
1 0.0025 -0.4341 -0.2781 21.0104966 105.7137021 20190810121330 
1 -0.1543 0.0641 -0.1306 21.0104966 105.7137021 20190810121330 
1 -0.2342 -0.3630 -0.2309 21.0104966 105.7137021 20190810121330 
1 0.0138 -0.0633 -0.2082 21.0104966 105.7137021 20190810121330 
1 -0.1085 -0.3621 -0.2968 21.0104966 105.7137021 20190810121330 
1 -0.1529 -0.0740 -0.1606 21.0104966 105.7137021 20190810121331 
1 -0.2189 -0.3746 -0.2267 21.0104966 105.7137021 20190810121331 
1 -0.2520 -0.0986 -0.2622 21.0104966 105.7137021 20190810121331 
1 -0.1262 -0.3400 -0.4769 21.0104966 105.7137021 20190810121331 
1 -0.1463 -0.1719 0.0897 21.0104966 105.7137021 20190810121331 
1 -0.3133 -0.2811 0.1057 21.0104966 105.7137021 20190810121331 
1 -0.0560 -0.1234 -0.5755 21.0104966 105.7137021 20190810121331 
1 -0.2501 -0.1463 -0.1185 21.0104966 105.7137021 20190810121331 
1 -0.0098 -0.2483 -0.0355 21.0104966 105.7137021 20190810121331 
1 -0.1621 -0.2858 -0.0059 21.0104966 105.7137021 20190810121331 
1 -0.3705 -0.0052 0.1842 21.0104966 105.7137021 20190810121331 
1 -0.1936 -0.1992 -0.3304 21.0104966 105.7137021 20190810121331 
1 -0.2934 -0.1592 0.0998 21.0104966 105.7137021 20190810121331 
1 -0.0325 -0.4458 -0.1412 21.0104966 105.7137021 20190810121331 
1 -0.2522 -0.0697 -0.0837 21.0104966 105.7137021 20190810121331 
1 -0.3338 -0.4096 -0.0427 21.0104966 105.7137021 20190810121331 
1 -0.0965 -0.0756 0.2390 21.0104966 105.7137021 20190810121331 
1 -0.2597 -0.5133 -0.2826 21.0104966 105.7137021 20190810121331 
1 -0.2232 -0.2415 0.2592 21.0104966 105.7137021 20190810121331 
1 -0.1056 -0.2710 0.0252 21.0104966 105.7137021 20190810121331 
1 -0.2476 -0.3493 0.0528 21.0104966 105.7137021 20190810121331 
1 -0.4608 -0.3092 0.4445 21.0104966 105.7137021 20190810121331 
1 -0.0536 -0.1761 0.2124 21.0104966 105.7137021 20190810121331 
1 -0.3136 -0.3452 0.4837 21.0104966 105.7137021 20190810121331 
1 -0.3043 -0.1748 0.0613 21.0104966 105.7137021 20190810121331 
1 -0.2931 0.1552 0.1133 21.0104966 105.7137021 20190810121331 
1 -0.2444 -0.3706 0.2832 21.0104966 105.7137021 20190810121331 
1 -0.2472 0.0746 0.7640 21.0104966 105.7137021 20190810121331 
1 -0.3287 0.2267 0.1807 21.0104966 105.7137021 20190810121331 
1 -0.2937 0.1513 0.4199 21.0104966 105.7137021 20190810121331 
1 -0.1825 -0.0723 0.4626 21.0104966 105.7137021 20190810121331 
1 -0.2027 0.1890 0.3459 21.0104966 105.7137021 20190810121331 
1 -0.1313 0.3173 0.4360 21.0104966 105.7137021 20190810121331 
1 -0.0319 -0.0500 0.0010 21.0104966 105.7137021 20190810121331 
1 -0.2632 0.4683 0.5344 21.0104966 105.7137021 20190810121331 
1 -0.0635 0.0454 -0.0603 21.0105298 105.7139099 20190810121331 
1 -0.1478 0.2298 0.1709 21.0105298 105.7139099 20190810121331 
1 -0.0538 -0.2737 -0.4087 21.0105298 105.7139099 20190810121331 
1 -0.1362 0.7729 -0.0082 21.0105298 105.7139099 20190810121331 
1 -0.1307 -0.1131 -0.7687 21.0105298 105.7139099 20190810121331 
1 -0.1435 0.1114 -0.1423 21.0105298 105.7139099 20190810121331 
1 -0.1400 0.2692 -0.5377 21.0105298 105.7139099 20190810121331 
1 -0.1407 0.3797 -0.6787 21.0105298 105.7139099 20190810121331 
1 -0.3031 0.1661 -0.0202 21.0105298 105.7139099 20190810121331 
1 -0.0831 -0.0135 -0.6682 21.0105298 105.7139099 20190810121331 
1 -0.1017 -0.1559 -0.5838 21.0105298 105.7139099 20190810121331 
1 -0.1835 0.4121 0.1987 21.0105298 105.7139099 20190810121331 
1 -0.2344 0.0503 0.3314 21.0105298 105.7139099 20190810121331 
1 -0.1449 0.3274 0.3735 21.0105298 105.7139099 20190810121331 
1 -0.1309 -0.0972 0.4509 21.0105298 105.7139099 20190810121332 
1 -0.3466 -0.1030 0.6672 21.0105298 105.7139099 20190810121332 
1 -0.0427 -0.1187 0.1893 21.0105298 105.7139099 20190810121332 
1 -0.1324 -0.8941 0.2158 21.0105298 105.7139099 20190810121332 
1 -0.0868 0.4579 0.9680 21.0105298 105.7139099 20190810121332 
1 0.0339 -0.5910 0.1266 21.0105298 105.7139099 20190810121332 
1 -0.0315 -0.3463 0.4106 21.0105298 105.7139099 20190810121332 
1 -0.0301 -0.0160 0.1308 21.0105298 105.7139099 20190810121332 
1 0.1773 0.0697 -0.4860 21.0105298 105.7139099 20190810121332 
1 -0.1522 -0.2498 -0.0606 21.0105298 105.7139099 20190810121332 
1 -0.0061 -0.1393 -0.5141 21.0105298 105.7139099 20190810121332 
1 0.3954 0.6540 -1.5074 21.0105298 105.7139099 20190810121332 
1 0.1071 -0.1293 -1.2196 21.0105298 105.7139099 20190810121332 
1 -0.2512 0.0064 0.0649 21.0105298 105.7139099 20190810121332 
1 0.1588 0.0572 -1.1573 21.0105298 105.7139099 20190810121332 
1 0.0588 0.6157 -0.7729 21.0105298 105.7139099 20190810121332 
1 -0.9311 0.1279 1.1034 21.0105298 105.7139099 20190810121332 
1 0.4693 0.0756 -1.2995 21.0105298 105.7139099 20190810121332 
1 0.3728 0.0310 -1.7342 21.0105298 105.7139099 20190810121332 
1 -0.6010 0.6448 0.1993 21.0105298 105.7139099 20190810121332 
1 -0.1093 0.2901 0.1553 21.0105298 105.7139099 20190810121332 
1 0.9612 0.2372 -0.6345 21.0105298 105.7139099 20190810121332 
1 -0.4143 0.3334 1.7616 21.0105298 105.7139099 20190810121332 
1 0.1988 0.4942 0.1183 21.0105298 105.7139099 20190810121332 
1 0.1975 0.2545 -1.5793 21.0105298 105.7139099 20190810121332 
1 -0.0149 0.0469 -1.0928 21.0105298 105.7139099 20190810121332 
1 -0.0468 0.7406 -0.2892 21.0105298 105.7139099 20190810121332 
1 -0.1592 0.7134 -0.5320 21.0105298 105.7139099 20190810121332 
1 0.1676 -0.1320 -0.8041 21.0105298 105.7139099 20190810121332 
1 -0.1376 0.6907 0.0285 21.0105298 105.7139099 20190810121332 
1 -0.0511 0.5373 -0.1887 21.0105298 105.7139099 20190810121332 
1 0.0285 0.3123 -0.0292 21.0105298 105.7139099 20190810121332 
1 -0.0936 0.0595 0.3666 21.0105298 105.7139099 20190810121332 
1 -0.1433 0.3271 0.5976 21.0105698 105.714116 20190810121332 
1 -0.1531 0.4101 0.7112 21.0105698 105.714116 20190810121332 
1 -0.2166 -0.0837 1.2063 21.0105698 105.714116 20190810121332 
1 0.1135 -0.0541 0.9044 21.0105698 105.714116 20190810121332 
1 -0.3367 -0.0287 1.7535 21.0105698 105.714116 20190810121332 
1 -0.2389 0.2304 1.9963 21.0105698 105.714116 20190810121332 
1 0.1841 -0.1988 0.8465 21.0105698 105.714116 20190810121332 
1 -0.5272 -0.0208 2.0137 21.0105698 105.714116 20190810121332 
1 -0.0010 0.2889 1.1519 21.0105698 105.714116 20190810121332 
1 0.1212 -0.3427 0.7992 21.0105698 105.714116 20190810121332 
1 0.1371 -0.1686 1.4172 21.0105698 105.714116 20190810121332 
1 -0.2657 0.3638 1.8925 21.0105698 105.714116 20190810121332 
1 0.1382 -0.2288 -0.0487 21.0105698 105.714116 20190810121332 
1 0.1822 0.0109 0.2754 21.0105698 105.714116 20190810121332 
1 0.0662 0.1082 0.1226 21.0105698 105.714116 20190810121332 
1 0.1719 0.1269 -0.5684 21.0105698 105.714116 20190810121332 
1 -0.0024 0.0031 -0.5029 21.0105698 105.714116 20190810121332 
1 0.1686 -0.2001 -0.9426 21.0105698 105.714116 20190810121333 
1 0.0196 0.3119 -0.7709 21.0105698 105.714116 20190810121333 
1 0.0131 -0.3086 -0.8732 21.0105698 105.714116 20190810121333 
1 0.0394 0.2178 -0.9478 21.0105698 105.714116 20190810121333 
1 -0.0091 0.0805 -1.1545 21.0105698 105.714116 20190810121333 
1 -0.0198 -0.1940 -0.7088 21.0105698 105.714116 20190810121333 
1 0.1494 -0.0198 -1.1290 21.0105698 105.714116 20190810121333 
1 0.0019 0.1042 -0.9039 21.0105698 105.714116 20190810121333 
1 -0.0565 -0.1846 -0.6077 21.0105698 105.714116 20190810121333 
1 -0.0195 -0.0635 -0.1781 21.0105698 105.714116 20190810121333 
1 -0.0383 -0.1141 -0.4917 21.0105698 105.714116 20190810121333 
1 -0.0150 0.1346 -0.3355 21.0105698 105.714116 20190810121333 
1 -0.0718 -0.2543 -0.1002 21.0105698 105.714116 20190810121333 
1 -0.0243 -0.3014 -0.0151 21.0105698 105.714116 20190810121333 
1 -0.1672 0.0520 0.3369 21.0105698 105.714116 20190810121333 
1 -0.0180 -0.2226 0.5041 21.0105698 105.714116 20190810121333 
1 -0.0744 -0.1783 0.8742 21.0105698 105.714116 20190810121333 
1 -0.2169 0.0054 0.8297 21.0105698 105.714116 20190810121333 
1 -0.0387 -0.1238 0.7070 21.0105698 105.714116 20190810121333 
1 -0.1467 -0.1889 1.0372 21.0105698 105.714116 20190810121333 
1 -0.1343 -0.0072 1.0351 21.0105698 105.714116 20190810121333 
1 -0.0882 0.0206 0.9899 21.0105698 105.714116 20190810121333 
1 -0.1233 -0.3503 0.9592 21.0105698 105.714116 20190810121333 
1 -0.2021 -0.0777 1.1054 21.0105698 105.714116 20190810121333 
1 -0.1940 0.0569 0.9664 21.0105698 105.714116 20190810121333 
1 -0.0875 -0.1842 0.6524 21.0105698 105.714116 20190810121333 
1 -0.2188 0.0965 0.7533 21.0105698 105.714116 20190810121333 
1 0.0107 -0.1977 0.0647 21.0105698 105.714116 20190810121333 
1 -0.1524 -0.2137 0.4378 21.0105698 105.714116 20190810121333 
1 0.0768 -0.0284 -0.1067 21.0105698 105.714116 20190810121333 
1 0.1111 0.1419 -0.1987 21.0105698 105.714116 20190810121333 
1 -0.0425 -0.0406 -0.1263 21.0106066 105.7143205 20190810121333 
1 -0.2363 -0.0248 0.6409 21.0106066 105.7143205 20190810121333 
1 -0.0944 -0.0546 -0.1825 21.0106066 105.7143205 20190810121333 
1 0.1121 -0.3086 -0.7555 21.0106066 105.7143205 20190810121333 
1 -0.4401 0.1458 -0.1014 21.0106066 105.7143205 20190810121333 
1 -0.2542 -0.1867 -0.0622 21.0106066 105.7143205 20190810121333 
1 0.0430 -0.0524 -0.4852 21.0106066 105.7143205 20190810121333 
1 -0.1914 -0.2282 0.8235 21.0106066 105.7143205 20190810121333 
1 -0.2346 -0.0948 1.5025 21.0106066 105.7143205 20190810121333 
1 -0.0364 0.0293 -0.2551 21.0106066 105.7143205 20190810121333 
1 0.0350 -1.0163 -0.4490 21.0106066 105.7143205 20190810121333 
1 -0.1110 -0.2028 0.4063 21.0106066 105.7143205 20190810121333 
1 -0.0020 -0.1913 -0.1495 21.0106066 105.7143205 20190810121333 
1 -0.1053 -0.2219 0.0339 21.0106066 105.7143205 20190810121333 
1 -0.0126 -0.2892 0.4085 21.0106066 105.7143205 20190810121333 
1 0.0821 -0.1782 -0.3816 21.0106066 105.7143205 20190810121333 
1 -0.0583 -0.2219 -0.8551 21.0106066 105.7143205 20190810121334 
1 -0.0095 -0.4192 -1.0404 21.0106066 105.7143205 20190810121334 
1 -0.1170 -0.0326 -0.9602 21.0106066 105.7143205 20190810121334 
1 -0.0576 0.1288 -0.9817 21.0106066 105.7143205 20190810121334 
1 0.0372 -0.2409 -1.0170 21.0106066 105.7143205 20190810121334 
1 -0.0523 0.0880 -1.2229 21.0106066 105.7143205 20190810121334 
1 -0.1007 0.2194 -0.8275 21.0106066 105.7143205 20190810121334 
1 0.0158 -0.0392 -0.3574 21.0106066 105.7143205 20190810121334 
1 -0.0690 0.1222 -0.3405 21.0106066 105.7143205 20190810121334 
1 -0.0881 0.0666 -0.5959 21.0106066 105.7143205 20190810121334 
1 -0.0981 0.1505 -0.4641 21.0106066 105.7143205 20190810121334 
1 -0.0553 0.0476 -0.4302 21.0106066 105.7143205 20190810121334 
1 -0.0711 0.0920 0.2909 21.0106066 105.7143205 20190810121334 
1 -0.1640 0.0659 0.1460 21.0106066 105.7143205 20190810121334 
1 -0.1147 -0.1042 0.3297 21.0106066 105.7143205 20190810121334 
1 -0.1512 0.0701 0.6948 21.0106066 105.7143205 20190810121334 
1 -0.0382 0.0079 0.0975 21.0106066 105.7143205 20190810121334 
1 -0.1485 -0.3337 0.4433 21.0106066 105.7143205 20190810121334 
1 -0.1482 -0.0478 0.9137 21.0106066 105.7143205 20190810121334 
1 -0.1794 -0.0212 0.6821 21.0106066 105.7143205 20190810121334 
1 -0.1690 0.0380 1.0516 21.0106066 105.7143205 20190810121334 
1 -0.1760 -0.1455 1.0806 21.0106066 105.7143205 20190810121334 
1 -0.3121 0.1553 1.0356 21.0106066 105.7143205 20190810121334 
1 -0.1421 -0.0112 0.4383 21.0106066 105.7143205 20190810121334 
1 -0.1546 -0.2484 0.8647 21.0106066 105.7143205 20190810121334 
1 -0.2717 -0.0734 0.9681 21.0106066 105.7143205 20190810121334 
1 -0.3249 0.0637 1.3245 21.0106066 105.7143205 20190810121334 
1 -0.4577 0.0618 2.0240 21.0106066 105.7143205 20190810121334 
1 -0.5198 0.2502 2.8735 21.0106066 105.7143205 20190810121334 
1 -0.3144 0.0978 1.7825 21.0106066 105.7143205 20190810121334 
1 -0.9480 0.2451 2.5728 21.0106066 105.7143205 20190810121334 
1 -0.6430 -0.0764 2.4040 21.0106066 105.7143205 20190810121334 
1 0.1638 -0.5167 0.8789 21.0106066 105.7143205 20190810121334 
1 -0.3782 0.3987 2.4843 21.0106396 105.7145274 20190810121334 
1 -0.3830 0.2347 2.9596 21.0106396 105.7145274 20190810121334 
1 0.2813 0.5320 2.0276 21.0106396 105.7145274 20190810121334 
1 0.0024 -0.4945 2.3286 21.0106396 105.7145274 20190810121334 
1 -0.2064 0.1198 3.2035 21.0106396 105.7145274 20190810121334 
1 0.3752 0.5340 -0.8258 21.0106396 105.7145274 20190810121334 
1 0.0674 -0.5059 -2.9010 21.0106396 105.7145274 20190810121334 
1 -0.3298 0.7946 -0.5673 21.0106396 105.7145274 20190810121334 
1 1.9363 -1.5408 -5.9298 21.0106396 105.7145274 20190810121334 
1 -0.7754 1.5062 -2.5817 21.0106396 105.7145274 20190810121334 
1 -0.0627 -1.4658 -2.5102 21.0106396 105.7145274 20190810121334 
1 0.9940 1.0430 -5.0351 21.0106396 105.7145274 20190810121334 
1 0.5864 -1.4178 -7.8068 21.0106396 105.7145274 20190810121334 
1 -0.7578 0.2790 -1.5812 21.0106396 105.7145274 20190810121334 
1 0.5494 0.2873 -8.5265 21.0106396 105.7145274 20190810121334 
1 0.0794 -0.7459 -8.1631 21.0106396 105.7145274 20190810121334 
1 0.7024 -0.6132 -4.5377 21.0106396 105.7145274 20190810121334 
1 -0.5241 0.5693 -3.8815 21.0106396 105.7145274 20190810121334 
1 -0.1852 -0.1243 -5.1074 21.0106396 105.7145274 20190810121334 
1 0.4457 -0.5474 -4.1657 21.0106396 105.7145274 20190810121334 
1 -0.1459 0.0969 -2.1015 21.0106396 105.7145274 20190810121335 
1 -0.3173 0.2416 -1.0965 21.0106396 105.7145274 20190810121335 
1 0.0375 0.1485 -1.8572 21.0106396 105.7145274 20190810121335 
1 -0.1295 0.0929 -0.9553 21.0106396 105.7145274 20190810121335 
1 -0.1841 0.2768 0.4157 21.0106396 105.7145274 20190810121335 
1 -0.0391 0.4372 0.4223 21.0106396 105.7145274 20190810121335 
1 0.1042 0.3838 0.5475 21.0106396 105.7145274 20190810121335 
1 -0.5387 0.2510 2.0482 21.0106396 105.7145274 20190810121335 
1 -0.2919 0.6746 2.6473 21.0106396 105.7145274 20190810121335 
1 0.4940 0.5981 1.3889 21.0106396 105.7145274 20190810121335 
1 0.1566 0.0692 1.9160 21.0106396 105.7145274 20190810121335 
1 -0.4027 0.4601 3.0493 21.0106396 105.7145274 20190810121335 
1 1.1245 0.5905 -0.0348 21.0106396 105.7145274 20190810121335 
1 0.0546 0.6289 1.8149 21.0106396 105.7145274 20190810121335 
1 0.4646 0.3827 1.5210 21.0106396 105.7145274 20190810121335 
1 1.1558 0.3075 -1.4159 21.0106396 105.7145274 20190810121335 
1 0.8011 0.1229 -2.7200 21.0106396 105.7145274 20190810121335 
1 -0.2101 0.2867 -1.3908 21.0106396 105.7145274 20190810121335 
1 1.0245 0.0146 -3.1387 21.0106396 105.7145274 20190810121335 
1 0.5214 -0.0103 -4.0524 21.0106396 105.7145274 20190810121335 
1 0.2318 0.2207 -3.3864 21.0106396 105.7145274 20190810121335 
1 0.4283 -0.0758 -3.7548 21.0106396 105.7145274 20190810121335 
1 -0.0304 -0.0366 -3.4458 21.0106396 105.7145274 20190810121335 
1 0.1678 -0.2203 -2.8354 21.0106396 105.7145274 20190810121335 
1 -0.0592 0.1658 -1.8123 21.0106396 105.7145274 20190810121335 
1 -0.0815 0.2344 -1.4243 21.0106396 105.7145274 20190810121335 
1 -0.3091 0.0005 -0.6011 21.0106396 105.7145274 20190810121335 
1 -0.2549 0.1367 0.4212 21.0106396 105.7145274 20190810121335 
1 -0.2729 0.1949 1.5657 21.0106396 105.7145274 20190810121335 
1 -0.2583 0.1959 2.8575 21.0106396 105.7145274 20190810121335 
1 -0.4986 0.8788 4.3139 21.0106396 105.7145274 20190810121335 
1 -0.2944 0.1994 4.3588 21.0106396 105.7145274 20190810121335 
1 -0.1611 0.9877 4.8123 21.0106396 105.7145274 20190810121335 
1 -0.0363 0.3322 5.1088 21.0106742 105.7147278 20190810121335 
1 0.1896 0.4803 5.9046 21.0106742 105.7147278 20190810121335 
1 0.3183 0.4813 5.6546 21.0106742 105.7147278 20190810121335 
1 0.4479 0.4370 5.6503 21.0106742 105.7147278 20190810121335 
1 0.9876 0.2058 3.5540 21.0106742 105.7147278 20190810121335 
1 -0.2264 0.7347 4.7503 21.0106742 105.7147278 20190810121335 
1 0.4732 -0.3501 1.3172 21.0106742 105.7147278 20190810121335 
1 0.3095 0.8484 0.7302 21.0106742 105.7147278 20190810121335 
1 0.4614 -0.6206 -1.0840 21.0106742 105.7147278 20190810121335 
1 0.4494 0.5201 -1.7084 21.0106742 105.7147278 20190810121335 
1 0.1371 -0.2061 -2.1568 21.0106742 105.7147278 20190810121335 
1 0.1034 0.1226 -2.4045 21.0106742 105.7147278 20190810121335 
1 0.2374 0.1943 -2.6833 21.0106742 105.7147278 20190810121335 
1 0.0615 0.0760 -2.5725 21.0106742 105.7147278 20190810121335 
1 -0.0296 0.1335 -2.1157 21.0106742 105.7147278 20190810121336 
1 0.1700 0.0862 -2.6146 21.0106742 105.7147278 20190810121336 
1 -0.0272 0.0808 -2.5741 21.0106742 105.7147278 20190810121336 
1 0.0559 0.2508 -1.9008 21.0106742 105.7147278 20190810121336 
1 0.1988 -0.0651 -1.8628 21.0106742 105.7147278 20190810121336 
1 0.0190 0.0576 -1.2984 21.0106742 105.7147278 20190810121336 
1 0.0778 0.2007 -0.8025 21.0106742 105.7147278 20190810121336 
1 0.1214 0.4476 -0.3397 21.0106742 105.7147278 20190810121336 
1 0.0838 -0.2131 0.0526 21.0106742 105.7147278 20190810121336 
1 0.0734 0.0485 0.3769 21.0106742 105.7147278 20190810121336 
1 0.0455 0.0600 0.1740 21.0106742 105.7147278 20190810121336 
1 0.2408 0.1185 0.2343 21.0106742 105.7147278 20190810121336 
1 0.1223 0.1693 0.6212 21.0106742 105.7147278 20190810121336 
1 0.0520 0.1821 0.9339 21.0106742 105.7147278 20190810121336 
1 0.0719 0.0624 1.1505 21.0106742 105.7147278 20190810121336 
1 0.0409 0.1047 1.0735 21.0106742 105.7147278 20190810121336 
1 0.0708 0.1689 0.9231 21.0106742 105.7147278 20190810121336 
1 0.0466 0.2033 1.1093 21.0106742 105.7147278 20190810121336 
1 0.1413 0.0267 1.0427 21.0106742 105.7147278 20190810121336 
1 -0.0079 0.1973 0.8252 21.0106742 105.7147278 20190810121336 
1 0.0180 0.1034 0.5628 21.0106742 105.7147278 20190810121336 
1 0.0744 0.0571 0.5779 21.0106742 105.7147278 20190810121336 
1 0.0165 0.2489 0.7049 21.0106742 105.7147278 20190810121336 
1 0.0275 0.2067 0.8163 21.0106742 105.7147278 20190810121336 
1 0.0525 -0.0700 0.6943 21.0106742 105.7147278 20190810121336 
1 0.0107 0.4644 0.5249 21.0106742 105.7147278 20190810121336 
1 -0.0721 0.2151 0.4991 21.0106742 105.7147278 20190810121336 
1 0.1355 0.1469 0.4487 21.0106742 105.7147278 20190810121336 
1 0.0275 0.2739 0.6160 21.0106742 105.7147278 20190810121336 
1 0.0861 0.1726 0.3914 21.0106742 105.7147278 20190810121336 
1 -0.0654 0.2930 0.7315 21.0106742 105.7147278 20190810121336 
1 0.1658 0.1303 0.3944 21.0106742 105.7147278 20190810121336 
1 0.3218 0.2999 0.0805 21.0106742 105.7147278 20190810121336 
1 -0.0122 0.2022 0.1532 21.0106742 105.7147278 20190810121336 
1 0.0549 0.1762 0.4102 21.0106742 105.7147278 20190810121336 
1 0.1305 0.1047 0.0729 21.010705 105.7149355 20190810121336 
1 0.0881 0.2407 -0.2783 21.010705 105.7149355 20190810121336 
1 0.2048 -0.1247 0.0781 21.010705 105.7149355 20190810121336 
1 -0.0266 0.3025 -0.0530 21.010705 105.7149355 20190810121336 
1 0.2091 -0.0516 -1.2984 21.010705 105.7149355 20190810121336 
1 -0.1211 -0.0957 0.1294 21.010705 105.7149355 20190810121336 
1 0.2343 0.0335 -0.0947 21.010705 105.7149355 20190810121336 
1 0.1780 -0.0832 -0.5470 21.010705 105.7149355 20190810121336 
1 -0.0417 -0.1831 -0.1520 21.010705 105.7149355 20190810121336 
1 0.0120 -0.1164 -0.7350 21.010705 105.7149355 20190810121336 
1 0.0029 0.1568 -1.6727 21.010705 105.7149355 20190810121336 
1 0.3080 -0.1394 0.0988 21.010705 105.7149355 20190810121336 
1 0.2872 -0.5545 1.7820 21.010705 105.7149355 20190810121336 
1 -0.3616 -0.0306 -0.1353 21.010705 105.7149355 20190810121336 
1 0.0067 0.5885 -2.1924 21.010705 105.7149355 20190810121336 
1 0.1929 -0.6276 -0.3534 21.010705 105.7149355 20190810121336 
