1 -0.2079 -0.0135 0.5364 21.0027195 105.6604321 20190810120748 
1 0.1525 -0.1143 0.2573 21.0027195 105.6604321 20190810120748 
1 -0.0996 0.0098 0.0932 21.0027195 105.6604321 20190810120748 
1 0.0134 -0.0416 0.0825 21.0027195 105.6604321 20190810120748 
1 -0.1233 -0.1305 0.2018 21.0027312 105.660583 20190810120748 
1 0.0194 0.0070 0.1453 21.0027312 105.660583 20190810120748 
1 -0.0492 0.0708 0.0212 21.0027312 105.660583 20190810120748 
1 0.0352 -0.2989 -0.2350 21.0027312 105.660583 20190810120748 
1 -0.0977 0.0857 -0.1749 21.0027312 105.660583 20190810120748 
1 -0.1657 -0.0281 0.1155 21.0027312 105.660583 20190810120748 
1 0.1456 0.0813 -0.2413 21.0027312 105.660583 20190810120748 
1 -0.0493 -0.2193 -0.2467 21.0027312 105.660583 20190810120748 
1 -0.0483 0.1055 0.1030 21.0027312 105.660583 20190810120748 
1 -0.1542 0.2164 -0.2017 21.0027312 105.660583 20190810120748 
1 -0.0150 -0.0571 -0.2050 21.0027312 105.660583 20190810120748 
1 0.0141 0.1145 -0.1338 21.0027312 105.660583 20190810120748 
1 -0.1264 0.0620 0.0599 21.0027312 105.660583 20190810120748 
1 0.0227 -0.0408 -0.1388 21.0027312 105.660583 20190810120748 
1 -0.0018 -0.1247 -0.2079 21.0027312 105.660583 20190810120748 
1 0.0636 -0.0886 -0.0549 21.0027312 105.660583 20190810120748 
1 -0.0551 0.3078 0.0467 21.0027312 105.660583 20190810120748 
1 0.0493 -0.1290 -0.1710 21.0027312 105.660583 20190810120748 
1 -0.1008 -0.0088 0.2431 21.0027312 105.660583 20190810120748 
1 0.0303 0.3749 -0.0533 21.0027312 105.660583 20190810120748 
1 -0.0923 0.0332 -0.0744 21.0027312 105.660583 20190810120748 
1 -0.0541 -0.0648 -0.1050 21.0027312 105.660583 20190810120748 
1 0.0055 0.0145 -0.2710 21.0027312 105.660583 20190810120748 
1 0.0084 0.2028 -0.3702 21.0027312 105.660583 20190810120748 
1 -0.0447 -0.1042 -0.2432 21.0027312 105.660583 20190810120748 
1 -0.1153 0.0174 0.0368 21.0027312 105.660583 20190810120748 
1 0.1944 -0.0642 -0.3099 21.0027312 105.660583 20190810120748 
1 -0.1050 0.0180 -0.2117 21.0027312 105.660583 20190810120748 
1 0.0283 -0.1379 -0.2528 21.0027312 105.660583 20190810120748 
1 -0.1082 -0.2356 0.2035 21.0027312 105.660583 20190810120748 
1 0.0803 0.1804 -0.2439 21.0027312 105.660583 20190810120749 
1 0.1658 -0.2815 -0.5916 21.0027312 105.660583 20190810120749 
1 -0.1029 -0.2103 -0.1604 21.0027312 105.660583 20190810120749 
1 -0.0493 -0.0906 -0.0557 21.0027312 105.660583 20190810120749 
1 -0.0531 0.1371 0.0031 21.0027312 105.660583 20190810120749 
1 0.2511 -0.2294 -0.3668 21.0027312 105.660583 20190810120749 
1 -0.0203 0.1458 -0.2927 21.0027312 105.660583 20190810120749 
1 -0.0996 -0.3145 -0.4041 21.0027312 105.660583 20190810120749 
1 -0.0804 0.2092 0.1952 21.0027312 105.660583 20190810120749 
1 0.1259 -0.1204 -0.4076 21.0027312 105.660583 20190810120749 
1 0.0720 0.2475 -0.0162 21.0027312 105.660583 20190810120749 
1 -0.2295 -0.2976 -0.0720 21.0027312 105.660583 20190810120749 
1 0.0983 -0.1250 -0.2860 21.0027312 105.660583 20190810120749 
1 -0.0469 0.4200 0.0908 21.0027312 105.660583 20190810120749 
1 0.1102 0.0159 0.0845 21.0027312 105.660583 20190810120749 
1 0.0965 0.0470 -0.2097 21.0027312 105.660583 20190810120749 
1 -0.0522 0.1786 -0.4445 21.0027312 105.660583 20190810120749 
1 -0.2014 0.1398 0.4144 21.0027312 105.660583 20190810120749 
1 0.0869 0.1158 0.1227 21.0027312 105.660583 20190810120749 
1 0.1716 0.1705 0.0511 21.0027312 105.660583 20190810120749 
1 -0.1102 0.0351 0.2659 21.0027312 105.660583 20190810120749 
1 -0.0331 0.1012 0.0768 21.0027327 105.6607291 20190810120749 
1 0.0339 -0.2510 -0.3448 21.0027327 105.6607291 20190810120749 
1 -0.0580 0.0492 0.2071 21.0027327 105.6607291 20190810120749 
1 -0.1058 0.0631 0.4551 21.0027327 105.6607291 20190810120749 
1 0.1516 0.0168 0.0708 21.0027327 105.6607291 20190810120749 
1 -0.0214 0.2030 0.5941 21.0027327 105.6607291 20190810120749 
1 -0.0410 0.0525 0.1034 21.0027327 105.6607291 20190810120749 
1 -0.1850 0.2806 0.2919 21.0027327 105.6607291 20190810120749 
1 -0.1959 0.0247 0.4146 21.0027327 105.6607291 20190810120749 
1 0.1035 0.1067 0.0788 21.0027327 105.6607291 20190810120749 
1 -0.3030 0.3178 0.0259 21.0027327 105.6607291 20190810120749 
1 -0.0272 -0.0667 -0.0663 21.0027327 105.6607291 20190810120749 
1 0.0297 0.1125 0.4413 21.0027327 105.6607291 20190810120749 
1 0.1821 0.1298 0.2657 21.0027327 105.6607291 20190810120749 
1 0.0726 0.3867 0.2643 21.0027327 105.6607291 20190810120749 
1 -0.2031 0.3616 0.0981 21.0027327 105.6607291 20190810120749 
1 0.1130 0.1014 -0.2049 21.0027327 105.6607291 20190810120749 
1 -0.0015 0.1161 -0.1164 21.0027327 105.6607291 20190810120749 
1 -0.0601 0.2185 0.0935 21.0027327 105.6607291 20190810120749 
1 -0.1734 0.1413 -0.3962 21.0027327 105.6607291 20190810120749 
1 0.1015 0.0653 -0.2555 21.0027327 105.6607291 20190810120749 
1 0.0411 0.0716 -0.1636 21.0027327 105.6607291 20190810120749 
1 -0.1445 0.2472 -0.2215 21.0027327 105.6607291 20190810120749 
1 -0.1129 0.2791 -0.2239 21.0027327 105.6607291 20190810120749 
1 -0.1320 -0.1346 -0.1317 21.0027327 105.6607291 20190810120749 
1 0.0764 0.2994 -0.1578 21.0027327 105.6607291 20190810120749 
1 -0.1251 0.0849 -0.3106 21.0027327 105.6607291 20190810120749 
1 -0.1976 0.1992 0.1911 21.0027327 105.6607291 20190810120750 
1 -0.1147 -0.0104 0.0633 21.0027327 105.6607291 20190810120750 
1 0.0044 0.4889 0.3522 21.0027327 105.6607291 20190810120750 
1 0.1062 0.0764 -0.0582 21.0027327 105.6607291 20190810120750 
1 -0.2465 0.2364 0.3052 21.0027327 105.6607291 20190810120750 
1 -0.1541 -0.0372 0.3440 21.0027327 105.6607291 20190810120750 
1 0.0174 0.6150 0.2933 21.0027327 105.6607291 20190810120750 
1 0.1373 0.0257 -0.0330 21.0027327 105.6607291 20190810120750 
1 -0.2270 0.2205 0.4244 21.0027327 105.6607291 20190810120750 
1 -0.2083 0.2217 0.3674 21.0027327 105.6607291 20190810120750 
1 0.0456 0.4442 0.3915 21.0027327 105.6607291 20190810120750 
1 0.1668 0.0595 0.3114 21.0027327 105.6607291 20190810120750 
1 -0.1079 0.2434 0.2258 21.0027327 105.6607291 20190810120750 
1 -0.1470 0.1208 -0.2203 21.0027327 105.6607291 20190810120750 
1 -0.1766 0.3726 0.2869 21.0027327 105.6607291 20190810120750 
1 0.0205 0.3215 0.1407 21.0027327 105.6607291 20190810120750 
1 0.0849 0.2016 -0.0745 21.0027327 105.6607291 20190810120750 
1 -0.2199 0.2802 0.2647 21.0027327 105.6607291 20190810120750 
1 0.0821 -0.1304 -0.2142 21.0027327 105.6607291 20190810120750 
1 -0.1236 0.5079 0.0101 21.0027327 105.6607291 20190810120750 
1 0.0716 -0.2477 -0.3978 21.0027327 105.6607291 20190810120750 
1 -0.0881 0.2559 0.0883 21.0027327 105.6607291 20190810120750 
1 -0.0883 0.0450 -0.2794 21.0027336 105.660871 20190810120750 
1 -0.0208 0.1571 -0.0404 21.0027336 105.660871 20190810120750 
1 -0.1774 0.1378 -0.1432 21.0027336 105.660871 20190810120750 
1 0.0372 0.1500 -0.1995 21.0027336 105.660871 20190810120750 
1 -0.0454 0.0919 -0.2448 21.0027336 105.660871 20190810120750 
1 0.0519 -0.0468 -0.3709 21.0027336 105.660871 20190810120750 
1 -0.2634 0.2549 -0.1510 21.0027336 105.660871 20190810120750 
1 -0.0146 0.0679 -0.3163 21.0027336 105.660871 20190810120750 
1 0.0616 0.1620 0.0753 21.0027336 105.660871 20190810120750 
1 -0.0279 -0.0713 -0.1809 21.0027336 105.660871 20190810120750 
1 -0.0113 0.3597 0.0254 21.0027336 105.660871 20190810120750 
1 -0.0062 -0.2567 -0.4224 21.0027336 105.660871 20190810120750 
1 -0.0079 0.3649 -0.0094 21.0027336 105.660871 20190810120750 
1 0.0729 -0.1531 -0.3290 21.0027336 105.660871 20190810120750 
1 -0.0314 0.3982 -0.0118 21.0027336 105.660871 20190810120750 
1 -0.1403 0.0162 -0.1979 21.0027336 105.660871 20190810120750 
1 -0.0378 0.2843 0.1651 21.0027336 105.660871 20190810120750 
1 0.0052 0.0070 0.0585 21.0027336 105.660871 20190810120750 
1 0.0426 0.4246 -0.3140 21.0027336 105.660871 20190810120750 
1 -0.0679 -0.0311 -0.2187 21.0027336 105.660871 20190810120750 
1 -0.1622 0.0673 -0.1782 21.0027336 105.660871 20190810120750 
1 0.0198 0.2164 0.0462 21.0027336 105.660871 20190810120750 
1 0.0196 -0.1375 -0.2726 21.0027336 105.660871 20190810120750 
1 -0.0817 0.3550 -0.0472 21.0027336 105.660871 20190810120750 
1 -0.1363 0.0401 -0.3517 21.0027336 105.660871 20190810120750 
1 0.0030 0.3268 -0.1022 21.0027336 105.660871 20190810120750 
1 0.0247 0.1359 0.1520 21.0027336 105.660871 20190810120750 
1 0.0685 0.0651 -0.3900 21.0027336 105.660871 20190810120750 
1 -0.0888 0.2703 0.0193 21.0027336 105.660871 20190810120751 
1 0.0070 -0.2127 -0.0784 21.0027336 105.660871 20190810120751 
1 -0.0213 0.0830 0.1667 21.0027336 105.660871 20190810120751 
1 0.0050 0.2126 -0.0944 21.0027336 105.660871 20190810120751 
1 0.0459 0.0173 -0.0671 21.0027336 105.660871 20190810120751 
1 -0.0697 0.2552 0.1256 21.0027336 105.660871 20190810120751 
1 -0.0519 0.0599 -0.0203 21.0027336 105.660871 20190810120751 
1 0.0280 0.1504 -0.0185 21.0027336 105.660871 20190810120751 
1 -0.0998 0.0617 0.0168 21.0027336 105.660871 20190810120751 
1 -0.0412 -0.0053 0.1336 21.0027336 105.660871 20190810120751 
1 0.0149 0.2049 -0.0922 21.0027336 105.660871 20190810120751 
1 -0.0516 -0.0488 0.0548 21.0027336 105.660871 20190810120751 
1 -0.0541 0.3209 0.1743 21.0027336 105.660871 20190810120751 
1 0.0373 0.2320 -0.1381 21.0027336 105.660871 20190810120751 
1 0.0372 -0.1481 -0.2989 21.0027336 105.660871 20190810120751 
1 -0.0282 -0.0058 0.0152 21.0027336 105.660871 20190810120751 
1 -0.0705 0.0967 -0.1007 21.0027336 105.660871 20190810120751 
1 0.0535 -0.1915 -0.1063 21.0027336 105.660871 20190810120751 
1 0.0507 0.2223 0.4707 21.0027336 105.660871 20190810120751 
1 0.0005 0.2340 0.0427 21.0027413 105.6610115 20190810120751 
1 -0.1119 0.0632 -0.0004 21.0027413 105.6610115 20190810120751 
1 -0.0735 0.2625 0.1335 21.0027413 105.6610115 20190810120751 
1 0.0364 -0.0017 -0.0535 21.0027413 105.6610115 20190810120751 
1 -0.0671 0.0763 -0.1140 21.0027413 105.6610115 20190810120751 
1 -0.1097 0.1618 -0.1737 21.0027413 105.6610115 20190810120751 
1 -0.0377 -0.0815 0.0076 21.0027413 105.6610115 20190810120751 
1 0.0563 0.1185 0.2230 21.0027413 105.6610115 20190810120751 
1 -0.0062 0.3146 0.3768 21.0027413 105.6610115 20190810120751 
1 0.0031 0.0261 -0.1337 21.0027413 105.6610115 20190810120751 
1 0.0255 0.0502 0.2139 21.0027413 105.6610115 20190810120751 
1 -0.0064 0.1222 -0.1467 21.0027413 105.6610115 20190810120751 
1 -0.0165 0.2646 -0.0388 21.0027413 105.6610115 20190810120751 
1 -0.0357 0.0461 -0.0017 21.0027413 105.6610115 20190810120751 
1 0.0553 0.2760 -0.0712 21.0027413 105.6610115 20190810120751 
1 -0.0484 -0.0300 -0.0053 21.0027413 105.6610115 20190810120751 
1 0.1553 0.0368 -0.3471 21.0027413 105.6610115 20190810120751 
1 -0.0083 0.1050 -0.1057 21.0027413 105.6610115 20190810120751 
1 -0.1234 0.0833 -0.3001 21.0027413 105.6610115 20190810120751 
1 0.1815 0.0832 -0.1302 21.0027413 105.6610115 20190810120751 
1 -0.0712 -0.0717 -0.3095 21.0027413 105.6610115 20190810120751 
1 -0.0983 0.2599 -0.1226 21.0027413 105.6610115 20190810120751 
1 -0.0165 0.1328 -0.3260 21.0027413 105.6610115 20190810120751 
1 0.0568 0.0273 -0.1726 21.0027413 105.6610115 20190810120751 
1 -0.0082 0.0507 -0.1149 21.0027413 105.6610115 20190810120751 
1 -0.1359 0.2332 -0.4287 21.0027413 105.6610115 20190810120751 
1 0.0189 -0.0162 -0.3141 21.0027413 105.6610115 20190810120751 
1 -0.1523 0.2090 0.1413 21.0027413 105.6610115 20190810120751 
1 0.0689 -0.0220 -0.1197 21.0027413 105.6610115 20190810120751 
1 -0.0917 0.1357 0.2613 21.0027413 105.6610115 20190810120751 
1 0.0001 0.0163 0.0176 21.0027413 105.6610115 20190810120751 
1 -0.0763 0.3285 0.1478 21.0027413 105.6610115 20190810120752 
1 0.0574 -0.1281 -0.2813 21.0027413 105.6610115 20190810120752 
1 -0.1507 0.3308 0.4342 21.0027413 105.6610115 20190810120752 
1 -0.0789 0.0876 0.0177 21.0027413 105.6610115 20190810120752 
1 0.0236 0.0814 0.1574 21.0027413 105.6610115 20190810120752 
1 -0.0031 -0.0096 0.0430 21.0027413 105.6610115 20190810120752 
1 -0.0797 0.0800 0.0030 21.0027413 105.6610115 20190810120752 
1 -0.1577 -0.0408 0.0435 21.0027413 105.6610115 20190810120752 
1 -0.0144 0.0485 -0.1735 21.0027413 105.6610115 20190810120752 
1 -0.0094 -0.0979 -0.2025 21.0027413 105.6610115 20190810120752 
1 -0.1667 0.3540 0.0636 21.0027413 105.6610115 20190810120752 
1 -0.1000 -0.1278 -0.0177 21.0027413 105.6610115 20190810120752 
1 -0.0892 0.1260 0.3586 21.0027413 105.6610115 20190810120752 
1 0.0437 0.0446 -0.0565 21.0027413 105.6610115 20190810120752 
1 -0.1432 0.3221 -0.1962 21.0027413 105.6610115 20190810120752 
1 -0.2027 -0.1935 0.1781 21.0027413 105.6610115 20190810120752 
1 -0.1447 0.0396 0.1385 21.0027413 105.6610115 20190810120752 
1 -0.1391 0.2277 0.1383 21.0027413 105.6610115 20190810120752 
1 -0.0944 0.0836 0.0052 21.0027534 105.6611463 20190810120752 
1 -0.2182 -0.0587 0.3510 21.0027534 105.6611463 20190810120752 
1 -0.1501 0.1552 0.0986 21.0027534 105.6611463 20190810120752 
1 -0.1540 0.2217 0.0859 21.0027534 105.6611463 20190810120752 
1 -0.0493 0.0963 0.2514 21.0027534 105.6611463 20190810120752 
1 -0.1447 0.0917 -0.0857 21.0027534 105.6611463 20190810120752 
1 -0.2504 0.2223 0.2833 21.0027534 105.6611463 20190810120752 
1 0.0121 -0.1772 -0.0274 21.0027534 105.6611463 20190810120752 
1 -0.1683 0.1863 0.3901 21.0027534 105.6611463 20190810120752 
1 -0.1238 0.0072 0.0214 21.0027534 105.6611463 20190810120752 
1 -0.0570 0.0486 0.0741 21.0027534 105.6611463 20190810120752 
1 -0.1363 0.0132 -0.0311 21.0027534 105.6611463 20190810120752 
1 -0.1737 0.2822 -0.0755 21.0027534 105.6611463 20190810120752 
1 -0.0021 -0.0628 -0.1836 21.0027534 105.6611463 20190810120752 
1 -0.1402 0.2326 -0.0477 21.0027534 105.6611463 20190810120752 
1 -0.0818 -0.1776 0.0790 21.0027534 105.6611463 20190810120752 
1 -0.1189 0.4056 -0.0815 21.0027534 105.6611463 20190810120752 
1 -0.0304 -0.1679 -0.5182 21.0027534 105.6611463 20190810120752 
1 -0.1901 0.1396 0.0610 21.0027534 105.6611463 20190810120752 
1 -0.1054 0.1994 -0.2807 21.0027534 105.6611463 20190810120752 
1 0.0350 0.0204 -0.5015 21.0027534 105.6611463 20190810120752 
1 -0.2728 0.0410 -0.0527 21.0027534 105.6611463 20190810120752 
1 -0.0224 0.3635 -0.3773 21.0027534 105.6611463 20190810120752 
1 -0.2361 -0.0031 -0.3359 21.0027534 105.6611463 20190810120752 
1 -0.0896 0.1021 -0.1956 21.0027534 105.6611463 20190810120752 
1 -0.2437 0.0153 -0.3794 21.0027534 105.6611463 20190810120752 
1 -0.0905 0.0526 -0.4823 21.0027534 105.6611463 20190810120752 
1 -0.1737 0.1487 0.0698 21.0027534 105.6611463 20190810120752 
1 -0.2027 -0.0977 -0.1744 21.0027534 105.6611463 20190810120752 
1 -0.0679 0.0286 -0.1785 21.0027534 105.6611463 20190810120752 
1 -0.2145 -0.0104 -0.0137 21.0027534 105.6611463 20190810120752 
1 -0.2020 0.0036 -0.0474 21.0027534 105.6611463 20190810120752 
1 -0.1413 -0.1026 -0.1132 21.0027534 105.6611463 20190810120753 
1 -0.1798 0.0265 0.0052 21.0027534 105.6611463 20190810120753 
1 -0.2000 -0.0333 0.0889 21.0027534 105.6611463 20190810120753 
1 -0.1910 -0.0470 0.0247 21.0027534 105.6611463 20190810120753 
1 -0.1797 -0.0919 0.1711 21.0027534 105.6611463 20190810120753 
1 -0.1606 -0.0827 -0.1655 21.0027534 105.6611463 20190810120753 
1 -0.1676 0.0617 -0.0497 21.0027534 105.6611463 20190810120753 
1 -0.1856 -0.3341 -0.1424 21.0027534 105.6611463 20190810120753 
1 -0.1248 -0.1257 0.0967 21.0027534 105.6611463 20190810120753 
1 -0.2385 -0.0316 0.1445 21.0027534 105.6611463 20190810120753 
1 -0.1485 -0.2322 -0.1370 21.0027534 105.6611463 20190810120753 
1 -0.2569 -0.2004 0.0134 21.0027534 105.6611463 20190810120753 
1 -0.3038 -0.0505 -0.0268 21.0027534 105.6611463 20190810120753 
1 -0.2297 -0.1055 -0.0538 21.0027534 105.6611463 20190810120753 
1 -0.1748 -0.1349 0.0679 21.0027534 105.6611463 20190810120753 
1 -0.0768 -0.1643 -0.1068 21.0027534 105.6611463 20190810120753 
1 -0.4518 0.0195 0.1190 21.0027534 105.6611463 20190810120753 
1 -0.2386 -0.2672 -0.2519 21.0027534 105.6611463 20190810120753 
1 -0.3069 -0.0527 0.0745 21.0027534 105.6611463 20190810120753 
1 -0.2363 -0.3780 -0.1526 21.0027632 105.6612868 20190810120753 
1 -0.3610 -0.1560 -0.0767 21.0027632 105.6612868 20190810120753 
1 -0.3417 -0.1353 0.0567 21.0027632 105.6612868 20190810120753 
1 -0.0782 -0.1419 -0.2973 21.0027632 105.6612868 20190810120753 
1 -0.1234 -0.2741 -0.0218 21.0027632 105.6612868 20190810120753 
1 -0.1913 -0.1168 -0.1115 21.0027632 105.6612868 20190810120753 
1 -0.4257 -0.1611 -0.1478 21.0027632 105.6612868 20190810120753 
1 -0.3100 -0.1348 0.0154 21.0027632 105.6612868 20190810120753 
1 -0.2514 -0.2873 -0.0262 21.0027632 105.6612868 20190810120753 
1 -0.3816 0.0705 0.1364 21.0027632 105.6612868 20190810120753 
1 -0.3117 -0.2101 0.3568 21.0027632 105.6612868 20190810120753 
1 -0.2350 -0.0034 0.0190 21.0027632 105.6612868 20190810120753 
1 -0.2971 -0.2332 -0.0348 21.0027632 105.6612868 20190810120753 
1 -0.1946 -0.1367 0.0254 21.0027632 105.6612868 20190810120753 
1 -0.3560 -0.2748 -0.1087 21.0027632 105.6612868 20190810120753 
1 -0.3902 -0.1705 0.0833 21.0027632 105.6612868 20190810120753 
1 -0.3443 -0.1749 0.2536 21.0027632 105.6612868 20190810120753 
1 -0.2995 0.0046 0.3069 21.0027632 105.6612868 20190810120753 
1 -0.2963 -0.0496 0.4128 21.0027632 105.6612868 20190810120753 
1 -0.3833 0.1107 0.5308 21.0027632 105.6612868 20190810120753 
1 -0.2708 -0.0921 0.0408 21.0027632 105.6612868 20190810120753 
1 -0.2858 0.0903 0.2117 21.0027632 105.6612868 20190810120753 
1 -0.2524 0.0150 -0.0480 21.0027632 105.6612868 20190810120753 
1 -0.2093 -0.2282 -0.1292 21.0027632 105.6612868 20190810120753 
1 -0.2291 0.1076 0.6000 21.0027632 105.6612868 20190810120753 
1 -0.0499 -0.1266 -0.0147 21.0027632 105.6612868 20190810120753 
1 -0.1297 -0.1434 0.2702 21.0027632 105.6612868 20190810120753 
1 -0.1058 -0.2239 0.1097 21.0027632 105.6612868 20190810120753 
1 -0.2124 0.2091 -0.0861 21.0027632 105.6612868 20190810120754 
1 -0.2260 -0.3304 -0.1864 21.0027632 105.6612868 20190810120754 
1 -0.3122 0.3447 0.3588 21.0027632 105.6612868 20190810120754 
1 -0.1099 -0.2264 0.1084 21.0027632 105.6612868 20190810120754 
1 -0.2286 0.2154 0.2316 21.0027632 105.6612868 20190810120754 
1 -0.4181 -0.0145 0.3628 21.0027632 105.6612868 20190810120754 
1 -0.1770 -0.1850 -0.3268 21.0027632 105.6612868 20190810120754 
1 -0.3278 0.0298 0.0146 21.0027632 105.6612868 20190810120754 
1 -0.2939 -0.0611 -0.0843 21.0027632 105.6612868 20190810120754 
1 -0.4156 -0.1526 0.1886 21.0027632 105.6612868 20190810120754 
1 -0.3645 -0.2949 0.5699 21.0027632 105.6612868 20190810120754 
1 -0.4545 -0.0827 0.9984 21.0027632 105.6612868 20190810120754 
1 -0.2491 0.1568 0.6325 21.0027632 105.6612868 20190810120754 
1 -0.6125 -0.0281 1.1155 21.0027632 105.6612868 20190810120754 
1 -0.3224 0.0676 1.1174 21.0027632 105.6612868 20190810120754 
1 0.0715 -0.2458 0.0309 21.0027632 105.6612868 20190810120754 
1 -0.3945 0.2205 0.8065 21.0027632 105.6612868 20190810120754 
1 -0.0247 -0.0693 -0.3964 21.0027632 105.6612868 20190810120754 
1 -0.0448 -0.0873 0.1694 21.0027632 105.6612868 20190810120754 
1 -0.0058 -0.4924 0.6613 21.0027632 105.6612868 20190810120754 
1 -0.0431 0.0885 0.0266 21.0027632 105.6612868 20190810120754 
1 -0.2140 -0.0426 0.3603 21.0027632 105.6612868 20190810120754 
1 0.0811 0.0250 -0.0267 21.0027705 105.6614243 20190810120754 
1 -0.3876 -0.0638 0.6306 21.0027705 105.6614243 20190810120754 
1 0.2837 -0.1243 -0.6098 21.0027705 105.6614243 20190810120754 
1 -0.1550 -0.1698 -1.1759 21.0027705 105.6614243 20190810120754 
1 -0.2447 -0.1125 -1.1414 21.0027705 105.6614243 20190810120754 
1 -0.1346 -0.0825 -1.2579 21.0027705 105.6614243 20190810120754 
1 -0.1283 -0.1246 -1.0549 21.0027705 105.6614243 20190810120754 
1 0.0334 -0.4143 -1.3518 21.0027705 105.6614243 20190810120754 
1 -0.2600 -0.2507 -0.9958 21.0027705 105.6614243 20190810120754 
1 -0.2133 0.0887 -0.7619 21.0027705 105.6614243 20190810120754 
1 -0.0545 -0.3167 -1.1035 21.0027705 105.6614243 20190810120754 
1 -0.2031 -0.1489 -0.5403 21.0027705 105.6614243 20190810120754 
1 -0.2054 -0.0417 -0.3630 21.0027705 105.6614243 20190810120754 
1 0.0987 -0.1575 -0.4747 21.0027705 105.6614243 20190810120754 
1 -0.4356 -0.3287 -0.0439 21.0027705 105.6614243 20190810120754 
1 0.0943 0.1898 0.0391 21.0027705 105.6614243 20190810120754 
1 -0.0206 -0.2328 -0.2657 21.0027705 105.6614243 20190810120754 
1 -0.2363 -0.1384 0.1349 21.0027705 105.6614243 20190810120754 
1 -0.2605 -0.1846 0.2622 21.0027705 105.6614243 20190810120754 
1 -0.2455 0.0127 0.2124 21.0027705 105.6614243 20190810120754 
1 -0.1270 -0.1408 0.4986 21.0027705 105.6614243 20190810120754 
1 -0.1942 0.1181 0.7870 21.0027705 105.6614243 20190810120754 
1 -0.1703 -0.1584 0.5541 21.0027705 105.6614243 20190810120754 
1 -0.1173 0.0488 0.4452 21.0027705 105.6614243 20190810120754 
1 -0.2348 -0.1889 0.6215 21.0027705 105.6614243 20190810120754 
1 0.0367 0.1538 0.4021 21.0027705 105.6614243 20190810120754 
1 -0.1851 -0.0241 0.3758 21.0027705 105.6614243 20190810120754 
1 -0.2014 0.0076 0.3486 21.0027705 105.6614243 20190810120754 
1 -0.0111 -0.0562 0.3780 21.0027705 105.6614243 20190810120755 
1 -0.0356 0.0210 0.1513 21.0027705 105.6614243 20190810120755 
1 -0.0819 0.1383 0.2694 21.0027705 105.6614243 20190810120755 
1 -0.0006 -0.0039 0.0232 21.0027705 105.6614243 20190810120755 
1 -0.0171 -0.0672 -0.1301 21.0027705 105.6614243 20190810120755 
1 -0.1044 -0.0964 -0.1087 21.0027705 105.6614243 20190810120755 
1 -0.0367 0.1621 -0.0158 21.0027705 105.6614243 20190810120755 
1 0.0810 -0.1676 -0.3319 21.0027705 105.6614243 20190810120755 
1 -0.1357 0.1352 -0.1550 21.0027705 105.6614243 20190810120755 
1 -0.0853 -0.0229 -0.2928 21.0027705 105.6614243 20190810120755 
1 -0.0298 -0.0387 -0.1852 21.0027705 105.6614243 20190810120755 
1 -0.0617 0.0922 -0.0835 21.0027705 105.6614243 20190810120755 
1 0.0010 -0.2230 -0.3699 21.0027705 105.6614243 20190810120755 
1 -0.1697 0.0592 -0.0625 21.0027705 105.6614243 20190810120755 
1 -0.0425 -0.1681 -0.1692 21.0027705 105.6614243 20190810120755 
1 -0.0532 -0.0975 -0.2131 21.0027705 105.6614243 20190810120755 
1 -0.0843 -0.1787 0.1043 21.0027705 105.6614243 20190810120755 
1 -0.0755 -0.0309 0.2813 21.0027705 105.6614243 20190810120755 
1 -0.0993 -0.2533 0.1969 21.0027705 105.6614243 20190810120755 
1 -0.0842 -0.2216 0.2106 21.0027705 105.6614243 20190810120755 
1 -0.0656 -0.0651 0.1493 21.0027791 105.6615604 20190810120755 
1 0.0451 -0.1422 0.2263 21.0027791 105.6615604 20190810120755 
1 -0.0345 -0.1494 0.2719 21.0027791 105.6615604 20190810120755 
1 0.0160 -0.1389 0.1268 21.0027791 105.6615604 20190810120755 
1 -0.1267 0.0022 0.6726 21.0027791 105.6615604 20190810120755 
1 0.0219 -0.2042 0.2985 21.0027791 105.6615604 20190810120755 
1 0.0878 -0.1634 0.1645 21.0027791 105.6615604 20190810120755 
1 -0.0989 -0.0559 0.3726 21.0027791 105.6615604 20190810120755 
1 0.1013 -0.0886 0.0996 21.0027791 105.6615604 20190810120755 
1 0.0639 -0.1276 -0.1238 21.0027791 105.6615604 20190810120755 
1 0.0449 -0.1747 0.0411 21.0027791 105.6615604 20190810120755 
1 -0.0215 0.2726 0.1273 21.0027791 105.6615604 20190810120755 
1 0.0135 -0.1806 -0.1104 21.0027791 105.6615604 20190810120755 
1 0.1645 -0.2200 -0.1464 21.0027791 105.6615604 20190810120755 
1 0.0162 0.0765 -0.1485 21.0027791 105.6615604 20190810120755 
1 -0.0259 0.1949 0.0520 21.0027791 105.6615604 20190810120755 
1 0.1632 -0.2897 -0.5124 21.0027791 105.6615604 20190810120755 
1 0.0650 0.0774 -0.2716 21.0027791 105.6615604 20190810120755 
1 0.0106 0.1108 -0.1525 21.0027791 105.6615604 20190810120755 
1 0.0373 -0.1691 -0.1578 21.0027791 105.6615604 20190810120755 
1 0.0516 -0.0373 -0.0600 21.0027791 105.6615604 20190810120755 
1 0.0731 -0.0341 -0.1131 21.0027791 105.6615604 20190810120755 
1 -0.0806 0.0779 0.1620 21.0027791 105.6615604 20190810120755 
1 0.1336 -0.0568 -0.0425 21.0027791 105.6615604 20190810120755 
1 0.1179 -0.2955 -0.5312 21.0027791 105.6615604 20190810120755 
1 -0.0515 0.4051 0.1330 21.0027791 105.6615604 20190810120755 
1 0.0583 -0.3252 -0.0647 21.0027791 105.6615604 20190810120755 
1 0.0614 -0.0181 0.2867 21.0027791 105.6615604 20190810120755 
1 0.1272 -0.0558 0.1942 21.0027791 105.6615604 20190810120755 
1 0.0664 0.1791 -0.0338 21.0027791 105.6615604 20190810120755 
1 0.0564 -0.2879 0.2277 21.0027791 105.6615604 20190810120755 
1 0.1341 -0.0209 0.0032 21.0027791 105.6615604 20190810120756 
1 0.0226 0.0492 -0.0265 21.0027791 105.6615604 20190810120756 
1 0.1873 -0.0980 0.0235 21.0027791 105.6615604 20190810120756 
1 0.0468 -0.1856 0.0074 21.0027791 105.6615604 20190810120756 
1 0.0505 -0.0394 0.1366 21.0027791 105.6615604 20190810120756 
1 0.1363 -0.0261 0.2121 21.0027791 105.6615604 20190810120756 
1 0.1296 0.0041 0.0355 21.0027791 105.6615604 20190810120756 
1 0.0787 0.0347 -0.1730 21.0027791 105.6615604 20190810120756 
1 0.1219 -0.0117 -0.2227 21.0027791 105.6615604 20190810120756 
1 0.0444 -0.1574 -0.0309 21.0027791 105.6615604 20190810120756 
1 0.1188 0.0403 -0.0868 21.0027791 105.6615604 20190810120756 
1 0.1470 -0.1896 -0.1850 21.0027791 105.6615604 20190810120756 
1 -0.0200 -0.0454 -0.0487 21.0027791 105.6615604 20190810120756 
1 0.0801 -0.1624 -0.0175 21.0027791 105.6615604 20190810120756 
1 0.2243 0.0798 -0.1287 21.0027791 105.6615604 20190810120756 
1 0.0606 -0.1285 -0.1065 21.0027791 105.6615604 20190810120756 
1 0.0468 0.2458 0.2657 21.0027791 105.6615604 20190810120756 
1 0.1932 -0.3039 -0.2789 21.0027791 105.6615604 20190810120756 
1 0.0054 0.1465 0.3338 21.0027791 105.6615604 20190810120756 
1 0.0614 0.1942 0.0869 21.002791 105.6616778 20190810120756 
1 0.1237 -0.0620 0.0588 21.002791 105.6616778 20190810120756 
1 0.0404 -0.2079 0.4453 21.002791 105.6616778 20190810120756 
1 0.0864 0.0702 0.2441 21.002791 105.6616778 20190810120756 
1 0.0820 -0.0025 -0.1575 21.002791 105.6616778 20190810120756 
1 -0.0673 -0.2099 0.4253 21.002791 105.6616778 20190810120756 
1 0.2646 -0.2587 0.1246 21.002791 105.6616778 20190810120756 
1 0.0703 0.2321 0.3280 21.002791 105.6616778 20190810120756 
1 0.0867 -0.2739 0.0279 21.002791 105.6616778 20190810120756 
1 0.1209 0.3698 0.4700 21.002791 105.6616778 20190810120756 
1 0.1553 -0.2366 -0.1100 21.002791 105.6616778 20190810120756 
1 0.1684 0.2825 0.4519 21.002791 105.6616778 20190810120756 
1 0.1154 0.0161 0.1685 21.002791 105.6616778 20190810120756 
1 0.0406 -0.1176 0.1361 21.002791 105.6616778 20190810120756 
1 0.2008 -0.0921 -0.0893 21.002791 105.6616778 20190810120756 
1 -0.0669 0.2262 -0.0137 21.002791 105.6616778 20190810120756 
1 0.1432 -0.3794 -0.2626 21.002791 105.6616778 20190810120756 
1 0.0009 0.0626 0.1155 21.002791 105.6616778 20190810120756 
1 0.0542 -0.2464 -0.1595 21.002791 105.6616778 20190810120756 
1 -0.0867 0.1731 0.6106 21.002791 105.6616778 20190810120756 
1 -0.2005 -0.1653 0.7235 21.002791 105.6616778 20190810120756 
1 0.1874 -0.0096 0.3466 21.002791 105.6616778 20190810120756 
1 -0.3399 -0.0083 0.9789 21.002791 105.6616778 20190810120756 
1 -0.1910 0.3315 0.7466 21.002791 105.6616778 20190810120756 
1 -0.0731 -0.1434 0.4281 21.002791 105.6616778 20190810120756 
1 -0.1547 -0.0858 0.7495 21.002791 105.6616778 20190810120756 
1 -0.1504 0.1948 0.9300 21.002791 105.6616778 20190810120756 
1 -0.2312 -0.2062 0.8218 21.002791 105.6616778 20190810120756 
1 0.0943 -0.0999 0.6628 21.002791 105.6616778 20190810120756 
1 -0.0308 0.0210 1.1695 21.002791 105.6616778 20190810120757 
1 0.0695 -0.0758 1.3224 21.002791 105.6616778 20190810120757 
1 0.2253 0.0111 0.8325 21.002791 105.6616778 20190810120757 
1 -0.0013 0.1133 0.6665 21.002791 105.6616778 20190810120757 
1 0.1610 0.1531 0.7403 21.002791 105.6616778 20190810120757 
1 0.1272 0.0898 0.7203 21.002791 105.6616778 20190810120757 
1 0.1345 -0.2118 0.1707 21.002791 105.6616778 20190810120757 
1 0.1135 0.0620 0.0466 21.002791 105.6616778 20190810120757 
1 -0.0222 -0.1265 -0.3327 21.002791 105.6616778 20190810120757 
1 0.1238 -0.0042 -0.5135 21.002791 105.6616778 20190810120757 
1 0.2102 -0.2650 -0.9370 21.002791 105.6616778 20190810120757 
1 0.3584 -0.0554 -1.9931 21.002791 105.6616778 20190810120757 
1 -0.7886 0.5321 1.1022 21.002791 105.6616778 20190810120757 
1 1.1523 -0.1154 -2.9902 21.002791 105.6616778 20190810120757 
1 0.4004 -0.3714 -1.7564 21.002791 105.6616778 20190810120757 
1 -0.4324 0.3695 -0.1172 21.002791 105.6616778 20190810120757 
1 0.6476 -0.0110 -2.9322 21.002791 105.6616778 20190810120757 
1 0.1446 -0.2349 -1.3030 21.002791 105.6616778 20190810120757 
1 0.1072 -0.5576 -0.7528 21.002791 105.6616778 20190810120757 
1 0.1298 0.2195 -1.2168 21.002791 105.6616778 20190810120757 
1 0.1763 -0.3163 -2.0213 21.002791 105.6616778 20190810120757 
1 0.4060 -0.2423 -1.6132 21.002791 105.6616778 20190810120757 
1 -0.4289 0.1162 1.1966 21.002791 105.6616778 20190810120757 
1 0.7224 0.0821 -2.5176 21.0028015 105.6618121 20190810120757 
1 -0.1631 0.0189 -1.6001 21.0028015 105.6618121 20190810120757 
1 -0.0939 -0.2809 -0.5115 21.0028015 105.6618121 20190810120757 
1 0.5423 -0.0231 -2.3655 21.0028015 105.6618121 20190810120757 
1 -0.5190 0.1976 -0.3499 21.0028015 105.6618121 20190810120757 
1 0.4312 -0.5305 0.2467 21.0028015 105.6618121 20190810120757 
1 0.2651 -0.1246 0.1402 21.0028015 105.6618121 20190810120757 
1 -0.1279 0.2144 -0.1409 21.0028015 105.6618121 20190810120757 
1 0.2025 -0.1451 0.1996 21.0028015 105.6618121 20190810120757 
1 0.0636 -0.1231 0.5641 21.0028015 105.6618121 20190810120757 
1 0.4051 0.2383 -0.0268 21.0028015 105.6618121 20190810120757 
1 -0.0655 0.0658 0.6672 21.0028015 105.6618121 20190810120757 
1 0.2168 -0.0480 0.5782 21.0028015 105.6618121 20190810120757 
1 0.3063 0.1827 0.2239 21.0028015 105.6618121 20190810120757 
1 0.1292 0.2952 0.5079 21.0028015 105.6618121 20190810120757 
1 0.2895 -0.0562 0.7057 21.0028015 105.6618121 20190810120757 
1 0.1914 0.2308 0.2209 21.0028015 105.6618121 20190810120757 
1 0.0640 0.0677 -0.0070 21.0028015 105.6618121 20190810120757 
1 0.2710 0.2414 0.3303 21.0028015 105.6618121 20190810120757 
1 0.2849 -0.3441 -0.0279 21.0028015 105.6618121 20190810120757 
1 0.3482 0.2438 0.0364 21.0028015 105.6618121 20190810120757 
1 0.0657 -0.1214 -0.0656 21.0028015 105.6618121 20190810120757 
1 0.2363 0.1295 -0.3030 21.0028015 105.6618121 20190810120757 
1 0.2607 -0.1976 -0.1247 21.0028015 105.6618121 20190810120757 
1 0.1829 0.3596 0.1111 21.0028015 105.6618121 20190810120757 
1 0.2597 0.1542 -0.1181 21.0028015 105.6618121 20190810120757 
1 0.1859 0.1094 -0.0944 21.0028015 105.6618121 20190810120758 
1 0.2388 -0.0165 0.0710 21.0028015 105.6618121 20190810120758 
1 0.2222 0.0369 -0.0776 21.0028015 105.6618121 20190810120758 
1 0.3567 -0.0586 -0.4627 21.0028015 105.6618121 20190810120758 
1 0.0878 0.1154 0.1209 21.0028015 105.6618121 20190810120758 
1 0.2293 0.1016 -0.0570 21.0028015 105.6618121 20190810120758 
1 0.2855 0.1687 -0.0933 21.0028015 105.6618121 20190810120758 
1 0.1560 0.2824 0.1777 21.0028015 105.6618121 20190810120758 
1 0.1666 0.1558 0.1889 21.0028015 105.6618121 20190810120758 
1 0.4830 0.3310 -0.3697 21.0028015 105.6618121 20190810120758 
1 0.5849 -0.0986 -2.7367 21.0028015 105.6618121 20190810120758 
1 0.7752 0.6469 -2.8376 21.0028015 105.6618121 20190810120758 
1 -2.2486 -0.6356 4.9110 21.0028015 105.6618121 20190810120758 
1 2.3325 0.3041 -2.0496 21.0028015 105.6618121 20190810120758 
1 1.5685 0.0759 -4.4079 21.0028015 105.6618121 20190810120758 
1 -1.2798 0.5383 1.1148 21.0028015 105.6618121 20190810120758 
1 -0.2195 0.5721 1.6949 21.0028015 105.6618121 20190810120758 
1 1.4553 -0.3987 -2.7044 21.0028015 105.6618121 20190810120758 
1 1.2993 -0.9305 -1.2857 21.0028015 105.6618121 20190810120758 
1 -0.6672 2.2498 1.0002 21.0028015 105.6618121 20190810120758 
1 0.0669 -1.0179 -5.9358 21.0028015 105.6618121 20190810120758 
1 0.7856 -0.8170 -4.9967 21.0028205 105.6619485 20190810120758 
1 -0.5689 2.0789 7.6560 21.0028205 105.6619485 20190810120758 
1 1.1672 -1.1688 -1.1021 21.0028205 105.6619485 20190810120758 
1 0.6821 1.7242 -4.2554 21.0028205 105.6619485 20190810120758 
1 -0.7731 -0.4459 -0.6338 21.0028205 105.6619485 20190810120758 
1 0.6168 -0.2747 1.3001 21.0028205 105.6619485 20190810120758 
1 0.3730 1.2228 -1.6366 21.0028205 105.6619485 20190810120758 
1 0.5859 0.3478 -1.1106 21.0028205 105.6619485 20190810120758 
1 0.4837 -0.2544 0.6831 21.0028205 105.6619485 20190810120758 
1 -0.4691 0.5066 1.0414 21.0028205 105.6619485 20190810120758 
1 0.3497 0.6157 0.2920 21.0028205 105.6619485 20190810120758 
1 0.5572 0.2701 0.8519 21.0028205 105.6619485 20190810120758 
1 0.2347 0.0740 1.1853 21.0028205 105.6619485 20190810120758 
1 -0.0134 0.3931 1.3191 21.0028205 105.6619485 20190810120758 
1 0.0006 0.6913 1.8449 21.0028205 105.6619485 20190810120758 
1 0.1261 0.0175 1.6670 21.0028205 105.6619485 20190810120758 
1 0.2089 0.2236 1.1635 21.0028205 105.6619485 20190810120758 
1 0.2632 0.3901 1.4862 21.0028205 105.6619485 20190810120758 
1 0.4082 0.4396 1.5636 21.0028205 105.6619485 20190810120758 
1 0.1366 0.2596 1.4073 21.0028205 105.6619485 20190810120758 
1 0.2335 0.0025 0.8557 21.0028205 105.6619485 20190810120758 
1 0.2357 0.5129 1.5854 21.0028205 105.6619485 20190810120758 
1 0.4473 0.4478 1.7571 21.0028205 105.6619485 20190810120758 
1 0.6133 0.1076 1.0508 21.0028205 105.6619485 20190810120758 
1 0.2412 0.0727 1.0585 21.0028205 105.6619485 20190810120758 
1 0.1081 0.0934 1.0064 21.0028205 105.6619485 20190810120758 
1 0.4016 0.4388 0.6127 21.0028205 105.6619485 20190810120758 
1 0.4338 0.0317 -0.1367 21.0028205 105.6619485 20190810120758 
1 0.2320 -0.0065 0.1283 21.0028205 105.6619485 20190810120759 
1 0.1748 0.4327 0.1153 21.0028205 105.6619485 20190810120759 
1 0.2365 0.0701 -0.6242 21.0028205 105.6619485 20190810120759 
1 0.1045 0.3547 -0.0328 21.0028205 105.6619485 20190810120759 
1 0.3049 0.1009 -0.2466 21.0028205 105.6619485 20190810120759 
1 0.3669 0.2498 -0.5169 21.0028205 105.6619485 20190810120759 
1 0.0924 0.1727 -0.2938 21.0028205 105.6619485 20190810120759 
1 0.0836 0.0326 -0.4009 21.0028205 105.6619485 20190810120759 
1 0.2174 0.2008 -0.0004 21.0028205 105.6619485 20190810120759 
1 0.2746 0.1505 -0.2814 21.0028205 105.6619485 20190810120759 
1 0.2154 0.1456 -0.0785 21.0028205 105.6619485 20190810120759 
1 0.1587 0.1786 -0.2034 21.0028205 105.6619485 20190810120759 
1 0.1311 0.1105 -0.3227 21.0028205 105.6619485 20190810120759 
1 0.1340 0.2688 -0.0916 21.0028205 105.6619485 20190810120759 
1 0.3951 0.1191 -0.3553 21.0028205 105.6619485 20190810120759 
1 0.1664 0.2405 0.0966 21.0028205 105.6619485 20190810120759 
1 0.0170 -0.0001 0.0250 21.0028205 105.6619485 20190810120759 
1 0.1248 0.1972 0.3157 21.0028205 105.6619485 20190810120759 
1 0.3651 0.0068 -0.1581 21.0028205 105.6619485 20190810120759 
1 0.2321 0.0921 -0.3221 21.0028205 105.6619485 20190810120759 
1 0.0697 0.1304 0.2432 21.0028205 105.6619485 20190810120759 
1 0.2521 0.0186 -0.0144 21.0028205 105.6619485 20190810120759 
1 0.2005 0.2195 0.0220 21.0028205 105.6619485 20190810120759 
1 0.2509 -0.0845 -0.4161 21.0028205 105.6619485 20190810120759 
1 0.2024 0.2977 -0.2020 21.0028391 105.6620738 20190810120759 
1 0.1141 -0.1187 0.0018 21.0028391 105.6620738 20190810120759 
1 0.2430 0.1999 -0.2163 21.0028391 105.6620738 20190810120759 
1 0.2687 -0.1244 -0.2012 21.0028391 105.6620738 20190810120759 
1 0.2161 0.2812 -0.1590 21.0028391 105.6620738 20190810120759 
1 0.1783 -0.2883 -0.3811 21.0028391 105.6620738 20190810120759 
1 0.1551 0.1114 0.2432 21.0028391 105.6620738 20190810120759 
1 0.3811 -0.2124 -0.5814 21.0028391 105.6620738 20190810120759 
1 0.0867 0.0135 0.0698 21.0028391 105.6620738 20190810120759 
1 0.0911 0.2601 -0.0369 21.0028391 105.6620738 20190810120759 
1 0.4049 0.0393 -0.4803 21.0028391 105.6620738 20190810120759 
1 0.2517 -0.3998 -0.4224 21.0028391 105.6620738 20190810120759 
1 0.0578 0.3589 0.1649 21.0028391 105.6620738 20190810120759 
1 0.3515 -0.1785 -0.5115 21.0028391 105.6620738 20190810120759 
1 0.2012 0.0657 -0.0727 21.0028391 105.6620738 20190810120759 
1 0.1029 -0.1011 0.3805 21.0028391 105.6620738 20190810120759 
1 0.2671 0.0024 -0.1989 21.0028391 105.6620738 20190810120759 
1 0.2054 0.3043 0.0115 21.0028391 105.6620738 20190810120759 
1 -0.0011 -0.2398 0.3119 21.0028391 105.6620738 20190810120759 
1 0.2686 0.3126 0.3114 21.0028391 105.6620738 20190810120759 
1 0.3818 -0.1688 -0.4883 21.0028391 105.6620738 20190810120759 
1 0.0968 0.5097 0.1006 21.0028391 105.6620738 20190810120759 
1 0.0092 -0.5108 0.3096 21.0028391 105.6620738 20190810120759 
1 0.3236 0.0769 0.4651 21.0028391 105.6620738 20190810120759 
1 0.3126 0.0486 0.1979 21.0028391 105.6620738 20190810120759 
1 0.0533 -0.1909 0.2064 21.0028391 105.6620738 20190810120759 
1 0.2427 0.2856 -0.0176 21.0028391 105.6620738 20190810120800 
1 0.0758 0.0146 0.4352 21.0028391 105.6620738 20190810120800 
1 0.3720 0.0048 0.1291 21.0028391 105.6620738 20190810120800 
1 0.2498 0.0258 0.5244 21.0028391 105.6620738 20190810120800 
1 0.0804 -0.1182 0.0038 21.0028391 105.6620738 20190810120800 
1 0.2186 0.0300 -0.0386 21.0028391 105.6620738 20190810120800 
1 0.2739 -0.1291 0.1796 21.0028391 105.6620738 20190810120800 
1 0.2125 0.0996 -0.0798 21.0028391 105.6620738 20190810120800 
1 0.0808 -0.1096 -0.4404 21.0028391 105.6620738 20190810120800 
1 0.0668 -0.2963 0.1843 21.0028391 105.6620738 20190810120800 
1 0.4210 -0.0297 0.9439 21.0028391 105.6620738 20190810120800 
1 0.0565 -0.0729 0.5330 21.0028391 105.6620738 20190810120800 
1 0.2943 -0.2745 -0.9734 21.0028391 105.6620738 20190810120800 
1 0.0187 0.0725 -0.7051 21.0028391 105.6620738 20190810120800 
1 0.1263 -0.2616 0.7331 21.0028391 105.6620738 20190810120800 
1 0.0270 0.0590 0.5674 21.0028391 105.6620738 20190810120800 
1 0.3740 -0.1099 -1.0290 21.0028391 105.6620738 20190810120800 
1 0.0902 -0.1087 0.2443 21.0028391 105.6620738 20190810120800 
1 0.1235 -0.2037 0.7166 21.0028391 105.6620738 20190810120800 
1 0.3125 -0.3024 -0.3781 21.0028391 105.6620738 20190810120800 
1 0.0792 0.2031 -0.0182 21.0028391 105.6620738 20190810120800 
1 0.0476 -0.1535 0.0521 21.0028391 105.6620738 20190810120800 
1 0.1214 -0.1594 -0.1535 21.0028391 105.6620738 20190810120800 
1 0.0896 -0.1644 0.2840 21.0028391 105.6620738 20190810120800 
1 0.2385 -0.0448 0.3110 21.0028391 105.6620738 20190810120800 
1 0.1354 0.0588 0.1690 21.0028391 105.6620738 20190810120800 
1 0.2140 -0.4579 0.0803 21.0028477 105.6622087 20190810120800 
1 0.0976 0.1245 0.4487 21.0028477 105.6622087 20190810120800 
1 0.0955 -0.0721 -0.1561 21.0028477 105.6622087 20190810120800 
1 0.3269 -0.2652 0.1676 21.0028477 105.6622087 20190810120800 
1 0.0234 0.0193 0.2760 21.0028477 105.6622087 20190810120800 
1 0.0102 -0.0354 -0.0057 21.0028477 105.6622087 20190810120800 
1 0.2917 0.0149 0.1006 21.0028477 105.6622087 20190810120800 
1 0.1502 -0.0075 0.0777 21.0028477 105.6622087 20190810120800 
1 0.2028 -0.1066 -0.3008 21.0028477 105.6622087 20190810120800 
1 -0.0302 0.0573 0.1247 21.0028477 105.6622087 20190810120800 
1 0.1674 -0.1265 -0.2779 21.0028477 105.6622087 20190810120800 
1 0.1493 0.0983 0.2511 21.0028477 105.6622087 20190810120800 
1 0.1932 0.2469 -0.0341 21.0028477 105.6622087 20190810120800 
1 0.1241 -0.2984 -0.1120 21.0028477 105.6622087 20190810120800 
1 0.0171 0.0436 0.1434 21.0028477 105.6622087 20190810120800 
1 0.3168 -0.1675 -0.3592 21.0028477 105.6622087 20190810120800 
1 0.1098 0.3434 0.1033 21.0028477 105.6622087 20190810120800 
1 0.0519 -0.4247 0.0577 21.0028477 105.6622087 20190810120800 
1 0.1276 0.2790 0.3139 21.0028477 105.6622087 20190810120800 
1 0.0629 -0.3186 -0.2884 21.0028477 105.6622087 20190810120800 
1 0.2017 0.1558 0.0457 21.0028477 105.6622087 20190810120800 
1 0.1040 -0.2395 -0.0080 21.0028477 105.6622087 20190810120800 
1 -0.0129 0.1122 0.2617 21.0028477 105.6622087 20190810120800 
1 0.0756 -0.0255 0.3127 21.0028477 105.6622087 20190810120800 
1 0.1188 0.0443 -0.0197 21.0028477 105.6622087 20190810120800 
1 0.0552 0.1256 0.0828 21.0028477 105.6622087 20190810120801 
1 0.0669 -0.0135 0.2036 21.0028477 105.6622087 20190810120801 
1 0.1159 -0.2728 0.2042 21.0028477 105.6622087 20190810120801 
1 0.1262 0.0150 0.2297 21.0028477 105.6622087 20190810120801 
1 0.1523 -0.2114 0.0641 21.0028477 105.6622087 20190810120801 
1 -0.1096 0.0314 0.3971 21.0028477 105.6622087 20190810120801 
1 0.1967 -0.1673 0.2491 21.0028477 105.6622087 20190810120801 
1 0.1235 -0.0526 0.1155 21.0028477 105.6622087 20190810120801 
1 0.1442 0.0358 0.3465 21.0028477 105.6622087 20190810120801 
1 0.0995 -0.2143 0.1680 21.0028477 105.6622087 20190810120801 
1 0.1041 0.0601 -0.1712 21.0028477 105.6622087 20190810120801 
1 0.1312 -0.1468 0.0084 21.0028477 105.6622087 20190810120801 
1 0.0752 -0.0326 0.1757 21.0028477 105.6622087 20190810120801 
1 0.0115 -0.0893 0.1803 21.0028477 105.6622087 20190810120801 
1 0.0697 -0.1865 0.0316 21.0028477 105.6622087 20190810120801 
1 0.0263 0.1057 0.0780 21.0028477 105.6622087 20190810120801 
1 0.1749 -0.3805 -0.4667 21.0028477 105.6622087 20190810120801 
1 -0.0730 0.2978 0.0751 21.0028477 105.6622087 20190810120801 
1 0.0436 -0.4444 0.0760 21.0028477 105.6622087 20190810120801 
1 0.0237 0.2073 0.1819 21.0028477 105.6622087 20190810120801 
1 0.0826 -0.1764 -0.1561 21.0028477 105.6622087 20190810120801 
1 -0.0587 0.0918 0.3388 21.0028697 105.6623353 20190810120801 
1 -0.0623 -0.3541 0.1631 21.0028697 105.6623353 20190810120801 
1 -0.0711 0.1125 0.5952 21.0028697 105.6623353 20190810120801 
1 0.2129 -0.1027 -0.1239 21.0028697 105.6623353 20190810120801 
1 0.0610 -0.0260 0.1118 21.0028697 105.6623353 20190810120801 
1 -0.2412 -0.1536 0.4650 21.0028697 105.6623353 20190810120801 
1 0.0842 0.1422 0.3206 21.0028697 105.6623353 20190810120801 
1 0.1282 -0.2337 0.2914 21.0028697 105.6623353 20190810120801 
1 0.0076 0.3152 0.2933 21.0028697 105.6623353 20190810120801 
1 -0.1856 -0.1729 0.0874 21.0028697 105.6623353 20190810120801 
1 -0.0052 -0.0591 0.2326 21.0028697 105.6623353 20190810120801 
1 0.1264 -0.0123 0.1818 21.0028697 105.6623353 20190810120801 
1 -0.1044 -0.0085 0.3816 21.0028697 105.6623353 20190810120801 
1 0.0971 -0.2055 0.1490 21.0028697 105.6623353 20190810120801 
1 -0.2333 0.0623 0.3924 21.0028697 105.6623353 20190810120801 
1 0.2381 -0.3336 -0.1499 21.0028697 105.6623353 20190810120801 
1 0.0989 0.1769 0.0515 21.0028697 105.6623353 20190810120801 
1 -0.2493 -0.1646 0.2873 21.0028697 105.6623353 20190810120801 
1 0.0608 -0.0896 0.0183 21.0028697 105.6623353 20190810120801 
1 0.1039 -0.0584 -0.1366 21.0028697 105.6623353 20190810120801 
1 -0.0028 -0.1541 -0.3550 21.0028697 105.6623353 20190810120801 
1 -0.1212 0.1060 -0.0584 21.0028697 105.6623353 20190810120801 
1 0.1625 -0.0791 -0.6190 21.0028697 105.6623353 20190810120801 
1 -0.0235 -0.0007 0.4241 21.0028697 105.6623353 20190810120801 
1 0.0612 -0.1704 0.1369 21.0028697 105.6623353 20190810120801 
1 0.0354 0.2032 -0.6034 21.0028697 105.6623353 20190810120801 
1 -0.0854 -0.2126 -0.7497 21.0028697 105.6623353 20190810120802 
1 0.0563 -0.2588 0.2701 21.0028697 105.6623353 20190810120802 
1 -0.0888 0.2053 0.2864 21.0028697 105.6623353 20190810120802 
1 0.1709 -0.2621 -0.4941 21.0028697 105.6623353 20190810120802 
1 -0.0079 0.0620 -0.0950 21.0028697 105.6623353 20190810120802 
1 -0.3316 0.0508 0.1112 21.0028697 105.6623353 20190810120802 
1 0.2307 -0.1072 -0.4249 21.0028697 105.6623353 20190810120802 
1 -0.0909 0.1886 -0.0734 21.0028697 105.6623353 20190810120802 
1 -0.0998 -0.0227 0.3363 21.0028697 105.6623353 20190810120802 
1 0.0982 0.0193 -0.1699 21.0028697 105.6623353 20190810120802 
1 -0.0880 -0.1505 0.0779 21.0028697 105.6623353 20190810120802 
1 0.0742 0.0331 0.3569 21.0028697 105.6623353 20190810120802 
1 0.2040 0.0165 -0.0493 21.0028697 105.6623353 20190810120802 
1 -0.0877 -0.0193 0.2921 21.0028697 105.6623353 20190810120802 
1 -0.1798 0.0523 0.2008 21.0028697 105.6623353 20190810120802 
1 0.0747 -0.0515 -0.0455 21.0028697 105.6623353 20190810120802 
1 0.0975 -0.1505 -0.1513 21.0028697 105.6623353 20190810120802 
1 -0.1306 0.3200 0.4124 21.0028697 105.6623353 20190810120802 
1 0.1192 -0.1446 -0.5269 21.0028697 105.6623353 20190810120802 
1 0.0277 0.0786 -0.0997 21.0028697 105.6623353 20190810120802 
1 0.0837 -0.2338 -0.0967 21.0028697 105.6623353 20190810120802 
1 -0.0202 0.3147 -0.3707 21.0028822 105.6624603 20190810120802 
1 -0.0940 -0.1264 -0.1972 21.0028822 105.6624603 20190810120802 
1 0.0286 0.0661 0.0743 21.0028822 105.6624603 20190810120802 
1 0.1078 -0.1613 -0.2742 21.0028822 105.6624603 20190810120802 
1 0.0496 0.1673 -0.1520 21.0028822 105.6624603 20190810120802 
1 -0.0645 -0.2294 -0.2504 21.0028822 105.6624603 20190810120802 
1 0.1009 -0.0801 -0.0733 21.0028822 105.6624603 20190810120802 
1 -0.0336 -0.0986 -0.3824 21.0028822 105.6624603 20190810120802 
1 -0.0198 0.0453 -0.1887 21.0028822 105.6624603 20190810120802 
1 0.0027 -0.1338 -0.2472 21.0028822 105.6624603 20190810120802 
1 -0.0186 -0.0121 -0.0499 21.0028822 105.6624603 20190810120802 
1 -0.0052 -0.0534 0.1344 21.0028822 105.6624603 20190810120802 
1 -0.0275 0.0486 0.0860 21.0028822 105.6624603 20190810120802 
1 -0.0141 -0.0353 -0.0723 21.0028822 105.6624603 20190810120802 
1 -0.1158 -0.0372 0.0834 21.0028822 105.6624603 20190810120802 
1 -0.0411 -0.1481 0.2235 21.0028822 105.6624603 20190810120802 
1 0.0796 0.0033 0.2406 21.0028822 105.6624603 20190810120802 
1 0.0351 -0.2136 0.0898 21.0028822 105.6624603 20190810120802 
1 -0.1269 -0.0621 0.2786 21.0028822 105.6624603 20190810120802 
1 -0.0230 -0.2073 0.2699 21.0028822 105.6624603 20190810120802 
1 0.0954 -0.1533 0.1903 21.0028822 105.6624603 20190810120802 
1 0.0292 0.1429 0.0410 21.0028822 105.6624603 20190810120802 
1 0.0668 -0.1405 0.0500 21.0028822 105.6624603 20190810120802 
1 -0.0314 0.0202 0.2907 21.0028822 105.6624603 20190810120802 
1 0.1067 -0.3096 -0.2122 21.0028822 105.6624603 20190810120802 
1 0.0340 0.3640 -0.0545 21.0028822 105.6624603 20190810120802 
1 0.1040 -0.3620 -0.3446 21.0028822 105.6624603 20190810120802 
1 -0.0619 0.2695 0.0877 21.0028822 105.6624603 20190810120802 
1 -0.0218 -0.2113 -0.2644 21.0028822 105.6624603 20190810120802 
1 0.1853 0.0453 -0.1355 21.0028822 105.6624603 20190810120802 
1 0.1104 -0.0362 -0.4555 21.0028822 105.6624603 20190810120802 
1 -0.0760 -0.0883 -0.3327 21.0028822 105.6624603 20190810120803 
1 -0.0167 -0.1227 -0.3665 21.0028822 105.6624603 20190810120803 
1 0.1605 0.1888 -0.3688 21.0028822 105.6624603 20190810120803 
1 -0.0310 -0.0919 -0.3119 21.0028822 105.6624603 20190810120803 
1 -0.0952 0.3094 -0.1649 21.0028822 105.6624603 20190810120803 
1 0.0832 -0.1296 -0.3927 21.0028822 105.6624603 20190810120803 
1 0.0191 0.1983 -0.0675 21.0028822 105.6624603 20190810120803 
1 0.0340 -0.1059 -0.0181 21.0028822 105.6624603 20190810120803 
1 0.0038 -0.0094 0.0319 21.0028822 105.6624603 20190810120803 
1 0.0591 -0.1078 -0.0671 21.0028822 105.6624603 20190810120803 
1 0.0392 0.1064 0.0493 21.0028822 105.6624603 20190810120803 
1 -0.0145 0.0561 -0.0367 21.0028822 105.6624603 20190810120803 
1 0.0447 -0.0021 0.2260 21.0028822 105.6624603 20190810120803 
1 0.0690 -0.0832 0.2393 21.0028822 105.6624603 20190810120803 
1 0.0680 0.2118 0.1106 21.0028822 105.6624603 20190810120803 
1 0.0593 -0.0691 -0.0859 21.0028822 105.6624603 20190810120803 
1 0.0515 0.0167 -0.1551 21.0028822 105.6624603 20190810120803 
1 0.0391 -0.1240 -0.1573 21.0028822 105.6624603 20190810120803 
1 -0.0533 0.1518 0.3159 21.0029009 105.6626064 20190810120803 
1 0.2727 -0.1216 -0.2366 21.0029009 105.6626064 20190810120803 
1 0.0007 0.0349 -0.1109 21.0029009 105.6626064 20190810120803 
1 0.0415 -0.0578 -0.0208 21.0029009 105.6626064 20190810120803 
1 -0.0556 0.0547 -0.0682 21.0029009 105.6626064 20190810120803 
1 0.1393 -0.0914 -0.2608 21.0029009 105.6626064 20190810120803 
1 0.0781 0.0952 -0.0640 21.0029009 105.6626064 20190810120803 
1 -0.0753 0.2029 -0.0266 21.0029009 105.6626064 20190810120803 
1 0.0823 -0.1695 -0.2671 21.0029009 105.6626064 20190810120803 
1 0.0542 0.0951 -0.1556 21.0029009 105.6626064 20190810120803 
1 0.0428 0.0380 -0.0094 21.0029009 105.6626064 20190810120803 
1 -0.0401 0.0289 0.1591 21.0029009 105.6626064 20190810120803 
1 -0.0285 0.0216 -0.0192 21.0029009 105.6626064 20190810120803 
1 0.0613 -0.0231 -0.1389 21.0029009 105.6626064 20190810120803 
1 -0.0186 0.1429 0.2178 21.0029009 105.6626064 20190810120803 
1 0.0580 0.0309 0.3399 21.0029009 105.6626064 20190810120803 
1 0.0200 -0.1059 0.1475 21.0029009 105.6626064 20190810120803 
1 0.0747 0.1903 0.1776 21.0029009 105.6626064 20190810120803 
1 0.0863 -0.1586 -0.0425 21.0029009 105.6626064 20190810120803 
1 0.0169 -0.0306 0.1237 21.0029009 105.6626064 20190810120803 
1 -0.0392 0.0538 0.1694 21.0029009 105.6626064 20190810120803 
1 0.1024 -0.1495 0.1298 21.0029009 105.6626064 20190810120803 
1 0.0724 0.0907 0.3810 21.0029009 105.6626064 20190810120803 
1 0.0782 -0.1813 -0.1806 21.0029009 105.6626064 20190810120803 
1 -0.0259 0.0261 0.0788 21.0029009 105.6626064 20190810120803 
1 0.0010 0.0717 0.0709 21.0029009 105.6626064 20190810120803 
1 0.2113 -0.1383 -0.2962 21.0029009 105.6626064 20190810120803 
1 0.1041 -0.0746 -0.1589 21.0029009 105.6626064 20190810120803 
1 -0.1119 0.0191 0.0036 21.0029009 105.6626064 20190810120803 
1 0.0667 -0.0189 -0.1190 21.0029009 105.6626064 20190810120804 
1 0.0884 -0.2523 -0.3380 21.0029009 105.6626064 20190810120804 
1 0.0518 0.0596 0.0503 21.0029009 105.6626064 20190810120804 
1 -0.0828 -0.0192 -0.2980 21.0029009 105.6626064 20190810120804 
1 0.0108 -0.1917 -0.0995 21.0029009 105.6626064 20190810120804 
1 -0.0153 0.1058 0.1023 21.0029009 105.6626064 20190810120804 
1 0.0202 -0.0810 -0.2036 21.0029009 105.6626064 20190810120804 
1 0.0076 -0.1303 0.1022 21.0029009 105.6626064 20190810120804 
1 -0.0853 -0.0220 0.1058 21.0029009 105.6626064 20190810120804 
1 0.0354 -0.2230 -0.0801 21.0029009 105.6626064 20190810120804 
1 0.0538 -0.0689 0.2112 21.0029009 105.6626064 20190810120804 
1 0.0874 -0.0057 0.1618 21.0029009 105.6626064 20190810120804 
1 -0.0939 -0.2708 0.1865 21.0029009 105.6626064 20190810120804 
1 -0.0249 -0.1217 0.5676 21.0029009 105.6626064 20190810120804 
1 0.1220 -0.0197 0.0280 21.0029009 105.6626064 20190810120804 
1 -0.0378 -0.0569 0.3767 21.0029009 105.6626064 20190810120804 
1 0.0989 -0.0540 0.4538 21.0029009 105.6626064 20190810120804 
1 -0.0014 0.0257 0.1305 21.0029009 105.6626064 20190810120804 
1 0.0696 -0.2810 0.0351 21.0029009 105.6626064 20190810120804 
1 0.0383 0.1330 0.1765 21.0029009 105.6626064 20190810120804 
1 0.0626 -0.1250 -0.1363 21.0029009 105.6626064 20190810120804 
1 0.1027 -0.0855 0.1888 21.0029009 105.6626064 20190810120804 
1 -0.0341 -0.1039 0.1658 21.0029136 105.6627382 20190810120804 
1 0.1241 0.1741 -0.1898 21.0029136 105.6627382 20190810120804 
1 -0.0247 -0.1241 -0.1461 21.0029136 105.6627382 20190810120804 
1 -0.0282 0.2423 0.2853 21.0029136 105.6627382 20190810120804 
1 0.1489 -0.0857 -0.5015 21.0029136 105.6627382 20190810120804 
1 -0.0397 0.0334 0.1220 21.0029136 105.6627382 20190810120804 
1 -0.0298 0.2064 0.0643 21.0029136 105.6627382 20190810120804 
1 0.0100 -0.0668 -0.3170 21.0029136 105.6627382 20190810120804 
1 -0.0100 -0.0184 0.3222 21.0029136 105.6627382 20190810120804 
1 0.1008 0.0343 -0.2881 21.0029136 105.6627382 20190810120804 
1 -0.0465 -0.0486 0.0605 21.0029136 105.6627382 20190810120804 
1 0.0133 0.0607 0.1066 21.0029136 105.6627382 20190810120804 
1 0.0299 0.0914 0.0631 21.0029136 105.6627382 20190810120804 
1 -0.0173 -0.2258 0.0972 21.0029136 105.6627382 20190810120804 
1 0.0824 0.1432 0.1567 21.0029136 105.6627382 20190810120804 
1 -0.0715 0.0911 0.2369 21.0029136 105.6627382 20190810120804 
1 -0.0500 -0.0383 0.1474 21.0029136 105.6627382 20190810120804 
1 0.0667 -0.0820 0.3871 21.0029136 105.6627382 20190810120804 
1 -0.0342 0.0963 0.0416 21.0029136 105.6627382 20190810120804 
1 -0.0517 -0.0592 0.1901 21.0029136 105.6627382 20190810120804 
1 -0.0410 -0.0791 0.2671 21.0029136 105.6627382 20190810120804 
1 0.1178 -0.0016 -0.0004 21.0029136 105.6627382 20190810120804 
1 -0.0565 -0.1772 0.3687 21.0029136 105.6627382 20190810120804 
1 -0.0201 0.3751 0.1924 21.0029136 105.6627382 20190810120804 
1 0.0754 -0.3847 -0.2451 21.0029136 105.6627382 20190810120804 
1 -0.1898 0.2008 0.4510 21.0029136 105.6627382 20190810120804 
1 0.1009 -0.1835 -0.0074 21.0029136 105.6627382 20190810120804 
1 -0.1061 -0.0338 0.1891 21.0029136 105.6627382 20190810120804 
1 0.1044 -0.3420 0.0886 21.0029136 105.6627382 20190810120804 
1 -0.0719 0.1476 0.1096 21.0029136 105.6627382 20190810120805 
1 -0.0862 -0.0736 -0.1059 21.0029136 105.6627382 20190810120805 
1 0.1543 0.0679 -0.0722 21.0029136 105.6627382 20190810120805 
1 -0.0512 -0.0633 0.0319 21.0029136 105.6627382 20190810120805 
1 0.0026 -0.0922 0.1513 21.0029136 105.6627382 20190810120805 
1 -0.0314 0.2188 0.1940 21.0029136 105.6627382 20190810120805 
1 0.0742 -0.3152 -0.1345 21.0029136 105.6627382 20190810120805 
1 0.0549 0.0852 0.3503 21.0029136 105.6627382 20190810120805 
1 -0.0072 -0.1845 -0.3732 21.0029136 105.6627382 20190810120805 
1 0.0088 0.0147 -0.2016 21.0029136 105.6627382 20190810120805 
1 -0.1641 -0.2445 0.1240 21.0029136 105.6627382 20190810120805 
1 0.0436 0.0596 0.2865 21.0029136 105.6627382 20190810120805 
1 -0.0569 -0.0124 0.0136 21.0029136 105.6627382 20190810120805 
1 0.0067 -0.1152 -0.0735 21.0029136 105.6627382 20190810120805 
1 -0.1847 0.1698 0.0454 21.0029136 105.6627382 20190810120805 
1 -0.0681 -0.2635 0.0076 21.0029136 105.6627382 20190810120805 
1 0.0506 0.0783 0.2134 21.0029136 105.6627382 20190810120805 
1 -0.0871 -0.2171 0.0009 21.0029136 105.6627382 20190810120805 
1 -0.0880 -0.1149 0.2937 21.0029136 105.6627382 20190810120805 
1 -0.1548 -0.2041 0.4600 21.0029136 105.6627382 20190810120805 
1 0.0081 -0.2733 0.4907 21.0029136 105.6627382 20190810120805 
1 0.0139 -0.0002 0.3713 21.0029038 105.6628696 20190810120805 
1 -0.1561 -0.2325 0.1847 21.0029038 105.6628696 20190810120805 
1 -0.0649 -0.1686 0.2419 21.0029038 105.6628696 20190810120805 
1 -0.0489 -0.1862 0.2322 21.0029038 105.6628696 20190810120805 
1 0.0358 -0.2152 0.2380 21.0029038 105.6628696 20190810120805 
1 -0.0451 -0.1074 0.2790 21.0029038 105.6628696 20190810120805 
1 -0.0957 -0.2251 0.1763 21.0029038 105.6628696 20190810120805 
1 0.0431 -0.1932 0.0634 21.0029038 105.6628696 20190810120805 
1 0.0373 -0.2510 -0.2234 21.0029038 105.6628696 20190810120805 
1 -0.0504 0.0015 -0.1125 21.0029038 105.6628696 20190810120805 
1 -0.0091 -0.2635 -0.2619 21.0029038 105.6628696 20190810120805 
1 -0.1763 -0.0711 0.1892 21.0029038 105.6628696 20190810120805 
1 0.0102 -0.2334 -0.2017 21.0029038 105.6628696 20190810120805 
1 -0.0131 -0.1500 -0.4133 21.0029038 105.6628696 20190810120805 
1 -0.1662 -0.1062 -0.1074 21.0029038 105.6628696 20190810120805 
1 -0.0843 -0.2324 -0.1842 21.0029038 105.6628696 20190810120805 
1 -0.0506 -0.0886 -0.2173 21.0029038 105.6628696 20190810120805 
1 -0.1353 -0.1307 -0.6754 21.0029038 105.6628696 20190810120805 
1 -0.1194 -0.1024 0.0462 21.0029038 105.6628696 20190810120805 
1 -0.0684 -0.1200 0.1208 21.0029038 105.6628696 20190810120805 
1 0.1284 -0.2582 0.0438 21.0029038 105.6628696 20190810120805 
1 -0.0084 -0.0771 0.3210 21.0029038 105.6628696 20190810120805 
1 -0.0124 -0.1391 0.0198 21.0029038 105.6628696 20190810120805 
1 -0.1890 -0.0020 0.1131 21.0029038 105.6628696 20190810120805 
1 0.0550 -0.2012 0.1495 21.0029038 105.6628696 20190810120805 
1 0.1730 -0.0294 0.1403 21.0029038 105.6628696 20190810120805 
1 -0.2792 -0.0248 0.0908 21.0029038 105.6628696 20190810120805 
1 -1.4275 -0.2430 2.4012 21.0029038 105.6628696 20190810120806 
1 -0.7742 0.2551 2.4645 21.0029038 105.6628696 20190810120806 
1 1.8787 0.4358 -2.3137 21.0029038 105.6628696 20190810120806 
1 -1.4204 -0.7604 0.7998 21.0029038 105.6628696 20190810120806 
1 -1.0126 0.2888 1.8172 21.0029038 105.6628696 20190810120806 
1 0.8623 0.8522 -1.1999 21.0029038 105.6628696 20190810120806 
1 0.5014 -0.7954 0.0176 21.0029038 105.6628696 20190810120806 
1 -0.4782 0.2711 1.7897 21.0029038 105.6628696 20190810120806 
1 -0.4186 0.2833 -0.8511 21.0029038 105.6628696 20190810120806 
1 -0.0872 -0.2562 1.4962 21.0029038 105.6628696 20190810120806 
1 -0.6204 -0.1511 5.6454 21.0029038 105.6628696 20190810120806 
1 1.7694 0.1973 -0.5025 21.0029038 105.6628696 20190810120806 
1 -0.5612 -0.1472 -2.4189 21.0029038 105.6628696 20190810120806 
1 -0.9149 -0.3404 0.2540 21.0029038 105.6628696 20190810120806 
1 0.9788 -0.4080 -0.9690 21.0029038 105.6628696 20190810120806 
1 -0.4725 0.8573 -0.9430 21.0029038 105.6628696 20190810120806 
1 0.3348 -0.3037 -0.3960 21.0029038 105.6628696 20190810120806 
1 0.2508 -0.6910 -0.0921 21.0029038 105.6628696 20190810120806 
1 -0.5379 0.0145 -1.1697 21.0029038 105.6628696 20190810120806 
1 -0.1635 0.8239 -1.0171 21.0029038 105.6628696 20190810120806 
1 -0.1802 -0.4979 -0.8410 21.0029038 105.6628696 20190810120806 
1 0.0082 -0.9336 0.3714 21.0029038 105.6628696 20190810120806 
1 0.1292 0.2155 -0.3742 21.0029055 105.6629993 20190810120806 
1 -0.2197 -0.3309 -2.1170 21.0029055 105.6629993 20190810120806 
1 -0.7079 0.1660 -0.8063 21.0029055 105.6629993 20190810120806 
1 -0.0201 -0.6476 -0.4409 21.0029055 105.6629993 20190810120806 
1 0.3692 0.4199 0.3221 21.0029055 105.6629993 20190810120806 
1 -0.0701 -0.6317 0.4448 21.0029055 105.6629993 20190810120806 
1 -0.4655 0.0243 0.8741 21.0029055 105.6629993 20190810120806 
1 -0.3329 -0.1638 -0.3963 21.0029055 105.6629993 20190810120806 
1 0.0464 0.2824 0.8053 21.0029055 105.6629993 20190810120806 
1 0.0461 -0.2025 0.8274 21.0029055 105.6629993 20190810120806 
1 -0.1251 0.3319 0.0589 21.0029055 105.6629993 20190810120806 
1 -0.2320 0.4598 0.2728 21.0029055 105.6629993 20190810120806 
1 0.0154 -0.5188 -0.0759 21.0029055 105.6629993 20190810120806 
1 -0.1821 -0.1691 0.9039 21.0029055 105.6629993 20190810120806 
1 -0.1826 -0.0075 0.5823 21.0029055 105.6629993 20190810120806 
1 0.0134 -0.6858 0.5343 21.0029055 105.6629993 20190810120806 
1 -0.3557 0.1412 0.8923 21.0029055 105.6629993 20190810120806 
1 -0.5968 0.6665 0.2939 21.0029055 105.6629993 20190810120806 
1 0.1115 0.2133 -0.6300 21.0029055 105.6629993 20190810120806 
1 -0.2247 -0.2017 1.3359 21.0029055 105.6629993 20190810120806 
1 -0.3127 0.3394 1.5696 21.0029055 105.6629993 20190810120806 
1 -0.3115 0.1878 -0.1682 21.0029055 105.6629993 20190810120806 
1 -0.1599 -0.7356 -0.6052 21.0029055 105.6629993 20190810120806 
1 -0.3769 -0.7312 1.0647 21.0029055 105.6629993 20190810120806 
1 -0.3433 0.3121 1.7074 21.0029055 105.6629993 20190810120806 
1 0.3867 0.1768 0.0824 21.0029055 105.6629993 20190810120806 
1 -0.0765 -0.3540 0.9734 21.0029055 105.6629993 20190810120806 
1 0.5101 0.6558 -1.3973 21.0029055 105.6629993 20190810120806 
1 -0.4059 0.1916 -1.2961 21.0029055 105.6629993 20190810120807 
1 -0.3011 -0.0080 1.3316 21.0029055 105.6629993 20190810120807 
1 1.2909 -0.3137 -2.1075 21.0029055 105.6629993 20190810120807 
1 0.0598 -0.1994 -0.9291 21.0029055 105.6629993 20190810120807 
1 -0.4544 -0.3668 0.7922 21.0029055 105.6629993 20190810120807 
1 0.5347 -0.2634 -2.0003 21.0029055 105.6629993 20190810120807 
1 0.4773 -0.2727 -2.7240 21.0029055 105.6629993 20190810120807 
1 -0.1324 0.1552 -0.6734 21.0029055 105.6629993 20190810120807 
1 0.0103 0.6748 -2.0544 21.0029055 105.6629993 20190810120807 
1 0.4727 -0.3042 -4.3413 21.0029055 105.6629993 20190810120807 
1 -0.3784 -0.6688 0.4459 21.0029055 105.6629993 20190810120807 
1 -0.0844 0.6868 -1.4410 21.0029055 105.6629993 20190810120807 
1 0.2389 -0.4404 -5.9272 21.0029055 105.6629993 20190810120807 
1 0.1650 0.5941 -2.0646 21.0029055 105.6629993 20190810120807 
1 -0.2359 -0.5806 1.0856 21.0029055 105.6629993 20190810120807 
1 -0.1316 0.4592 -2.0474 21.0029055 105.6629993 20190810120807 
1 0.3114 0.5381 -1.5343 21.0029055 105.6629993 20190810120807 
1 -0.2079 -0.2679 0.1984 21.0029055 105.6629993 20190810120807 
1 -0.0512 0.1634 0.3014 21.0029055 105.6629993 20190810120807 
1 0.2520 0.5832 -0.0877 21.0029055 105.6629993 20190810120807 
1 -0.1020 -0.3575 0.2053 21.0029055 105.6629993 20190810120807 
1 -0.0356 0.1109 0.9071 21.0029161 105.6631374 20190810120807 
1 0.0908 0.1677 0.2783 21.0029161 105.6631374 20190810120807 
1 0.0384 -0.1996 0.5476 21.0029161 105.6631374 20190810120807 
1 0.2633 0.1833 0.8318 21.0029161 105.6631374 20190810120807 
1 -0.1046 -0.1611 0.5007 21.0029161 105.6631374 20190810120807 
1 0.0121 -0.3024 0.7729 21.0029161 105.6631374 20190810120807 
1 0.2657 0.0079 1.1104 21.0029161 105.6631374 20190810120807 
1 0.0745 -0.1887 0.4455 21.0029161 105.6631374 20190810120807 
1 -0.1210 -0.3328 0.5496 21.0029161 105.6631374 20190810120807 
1 0.0172 -0.3268 0.4811 21.0029161 105.6631374 20190810120807 
1 0.2535 -0.0376 0.2063 21.0029161 105.6631374 20190810120807 
1 0.0810 -0.2143 -0.0313 21.0029161 105.6631374 20190810120807 
1 -0.0048 0.0440 -0.0094 21.0029161 105.6631374 20190810120807 
1 0.1161 -0.3802 -0.2030 21.0029161 105.6631374 20190810120807 
1 0.0828 0.1567 0.1580 21.0029161 105.6631374 20190810120807 
1 0.1558 -0.0130 -0.1300 21.0029161 105.6631374 20190810120807 
1 -0.0267 0.0026 -0.1968 21.0029161 105.6631374 20190810120807 
1 0.1201 -0.1685 0.2785 21.0029161 105.6631374 20190810120807 
1 0.0280 0.2628 0.2394 21.0029161 105.6631374 20190810120807 
1 0.1201 -0.0282 -0.2414 21.0029161 105.6631374 20190810120807 
1 0.0926 -0.1633 -0.0058 21.0029161 105.6631374 20190810120807 
1 0.0733 0.0312 0.0346 21.0029161 105.6631374 20190810120807 
1 0.0557 0.1011 0.0866 21.0029161 105.6631374 20190810120807 
1 0.1867 0.0385 0.1604 21.0029161 105.6631374 20190810120807 
1 0.1175 0.1866 0.2494 21.0029161 105.6631374 20190810120807 
1 0.0860 0.1223 0.1118 21.0029161 105.6631374 20190810120807 
1 0.0327 -0.0020 0.3363 21.0029161 105.6631374 20190810120807 
1 0.1689 0.1203 -0.0037 21.0029161 105.6631374 20190810120808 
1 -0.0877 0.1735 -0.0089 21.0029161 105.6631374 20190810120808 
1 0.2125 -0.4479 0.0510 21.0029161 105.6631374 20190810120808 
1 0.0566 -0.0498 0.1281 21.0029161 105.6631374 20190810120808 
1 0.0460 -0.3382 0.0645 21.0029161 105.6631374 20190810120808 
1 0.1604 0.1926 0.1855 21.0029161 105.6631374 20190810120808 
1 0.0445 -0.1088 -0.2157 21.0029161 105.6631374 20190810120808 
1 0.1101 0.1254 0.0833 21.0029161 105.6631374 20190810120808 
1 -0.0570 -0.0859 -0.2279 21.0029161 105.6631374 20190810120808 
1 0.0410 0.2671 0.2586 21.0029161 105.6631374 20190810120808 
1 0.0749 -0.1837 -0.0058 21.0029161 105.6631374 20190810120808 
1 0.1877 0.1302 0.1217 21.0029161 105.6631374 20190810120808 
1 0.0281 -0.2105 -0.2193 21.0029161 105.6631374 20190810120808 
1 0.0809 0.2948 -0.0082 21.0029161 105.6631374 20190810120808 
1 0.1038 -0.1251 -0.1950 21.0029161 105.6631374 20190810120808 
1 0.1369 0.0961 -0.0278 21.0029161 105.6631374 20190810120808 
1 0.0225 -0.1072 -0.0014 21.0029161 105.6631374 20190810120808 
1 -0.1531 0.0806 0.4680 21.0029161 105.6631374 20190810120808 
1 0.2117 -0.0179 -0.2282 21.0029161 105.6631374 20190810120808 
1 -0.0812 0.1750 -0.1537 21.0029161 105.6631374 20190810120808 
1 0.1416 -0.1797 -0.0177 21.0029161 105.6631374 20190810120808 
1 0.0493 0.0715 0.0212 21.0029233 105.6632726 20190810120808 
1 0.1760 -0.1475 -0.4470 21.0029233 105.6632726 20190810120808 
1 0.1113 0.3002 -0.0344 21.0029233 105.6632726 20190810120808 
1 0.0176 -0.3189 -0.2996 21.0029233 105.6632726 20190810120808 
1 0.1435 -0.0509 0.1069 21.0029233 105.6632726 20190810120808 
1 0.0187 -0.0517 -0.3512 21.0029233 105.6632726 20190810120808 
1 0.3330 -0.0503 0.0320 21.0029233 105.6632726 20190810120808 
1 0.1607 -0.3677 0.5765 21.0029233 105.6632726 20190810120808 
1 -0.2424 0.0230 -0.3109 21.0029233 105.6632726 20190810120808 
