1 0.3693 -0.0200 -0.1202 21.0084699 105.7035711 20190810030002 
1 0.3066 0.0819 -0.4155 21.0084699 105.7035711 20190810030002 
1 0.1457 -0.0285 0.1237 21.0084699 105.7035711 20190810030002 
1 0.0003 0.0335 0.8544 21.0084699 105.7035711 20190810030002 
1 0.4191 0.1540 0.6458 21.0084699 105.7035711 20190810030002 
1 0.0165 0.0056 0.8636 21.0084699 105.7035711 20190810030002 
1 0.1462 0.0377 0.4209 21.0084699 105.7035711 20190810030002 
1 -0.0706 0.0263 0.0887 21.0084699 105.7035711 20190810030002 
1 0.2962 0.0207 0.6480 21.0084107 105.703339 20190810030002 
1 -0.0414 0.0522 0.3237 21.0084107 105.703339 20190810030002 
1 0.3253 0.1812 -0.1517 21.0084107 105.703339 20190810030002 
1 -0.0572 -0.0052 0.0891 21.0084107 105.703339 20190810030002 
1 0.1145 0.0814 0.0727 21.0084107 105.703339 20190810030002 
1 0.0928 0.2426 -0.4040 21.0084107 105.703339 20190810030002 
1 -0.2452 0.0806 -0.6916 21.0084107 105.703339 20190810030002 
1 0.1811 0.0114 -0.7012 21.0084107 105.703339 20190810030002 
1 0.0450 0.0294 -0.8058 21.0084107 105.703339 20190810030002 
1 0.1703 0.1492 -0.8278 21.0084107 105.703339 20190810030002 
1 -0.3029 -0.0069 -0.4005 21.0084107 105.703339 20190810030002 
1 -0.0305 -0.0676 -0.7088 21.0084107 105.703339 20190810030002 
1 -0.1673 0.0109 -0.8463 21.0084107 105.703339 20190810030002 
1 0.2655 0.1362 -0.6358 21.0084107 105.703339 20190810030002 
1 0.0969 0.0699 -0.0507 21.0084107 105.703339 20190810030002 
1 -0.1229 -0.1376 0.4285 21.0084107 105.703339 20190810030002 
1 -0.3043 0.0930 -0.0940 21.0084107 105.703339 20190810030002 
1 -0.1442 0.0789 -0.1157 21.0084107 105.703339 20190810030003 
1 0.3311 -0.0720 0.0680 21.0084107 105.703339 20190810030003 
1 -0.2080 -0.0704 0.1277 21.0084107 105.703339 20190810030003 
1 0.0289 0.0173 0.7479 21.0084107 105.703339 20190810030003 
1 0.2559 0.0837 0.7905 21.0084107 105.703339 20190810030003 
1 -0.3472 -0.0218 0.5540 21.0084107 105.703339 20190810030003 
1 0.2144 -0.0268 0.4163 21.0084107 105.703339 20190810030003 
1 0.3686 0.0278 0.7539 21.0084107 105.703339 20190810030003 
1 0.1003 0.0410 1.0826 21.0084107 105.703339 20190810030003 
1 0.1098 -0.0203 0.9516 21.0084107 105.703339 20190810030003 
1 0.1854 0.0703 0.2958 21.0084107 105.703339 20190810030003 
1 0.0241 -0.0977 0.6721 21.0084107 105.703339 20190810030003 
1 0.1636 -0.0135 0.6896 21.0084107 105.703339 20190810030003 
1 -0.0261 0.1215 0.1733 21.0084107 105.703339 20190810030003 
1 -0.1568 -0.0368 0.1553 21.0084107 105.703339 20190810030003 
1 0.2059 -0.0401 0.4915 21.0084107 105.703339 20190810030003 
1 -0.1927 -0.1521 0.6233 21.0084107 105.703339 20190810030003 
1 -0.4947 -0.1965 0.1493 21.0084107 105.703339 20190810030003 
1 -0.0694 -0.1250 -0.6306 21.0084107 105.703339 20190810030003 
1 -0.1134 -0.3236 -0.5547 21.0084107 105.703339 20190810030003 
1 -0.3204 -0.2924 -0.2680 21.0084107 105.703339 20190810030003 
1 0.0540 -0.0200 -0.4842 21.0084107 105.703339 20190810030003 
1 -0.3401 -0.1529 -0.3068 21.0084107 105.703339 20190810030003 
1 -0.0143 -0.1350 -0.5391 21.0084107 105.703339 20190810030003 
1 0.0504 -0.2836 -1.1231 21.0084107 105.703339 20190810030003 
1 -0.1763 -0.3905 -0.4341 21.0084107 105.703339 20190810030003 
1 -0.1641 -0.3090 -0.2534 21.0084107 105.703339 20190810030003 
1 0.0525 -0.4282 -0.6918 21.0084107 105.703339 20190810030003 
1 -0.1489 -0.2047 -0.8307 21.0084107 105.703339 20190810030003 
1 0.1578 -0.5089 -0.8899 21.0084107 105.703339 20190810030003 
1 0.0623 -0.2902 -0.2288 21.0084107 105.703339 20190810030003 
1 -0.0277 -0.1767 -0.4500 21.0084107 105.703339 20190810030003 
1 -0.0408 -0.5270 -0.0955 21.0084107 105.703339 20190810030003 
1 0.0940 -0.3932 0.1175 21.0083548 105.7031034 20190810030003 
1 0.1754 -0.3057 -0.3998 21.0083548 105.7031034 20190810030003 
1 0.1464 -0.3516 -0.1276 21.0083548 105.7031034 20190810030003 
1 -0.2381 -0.4758 -0.0059 21.0083548 105.7031034 20190810030003 
1 0.0144 -0.4332 0.2115 21.0083548 105.7031034 20190810030003 
1 0.0902 -0.1904 0.3208 21.0083548 105.7031034 20190810030003 
1 -0.2182 -0.4258 0.2318 21.0083548 105.7031034 20190810030003 
1 -0.1898 -0.5528 0.3555 21.0083548 105.7031034 20190810030003 
1 0.3085 -0.5650 0.2329 21.0083548 105.7031034 20190810030003 
1 -0.6311 -0.6710 0.1179 21.0083548 105.7031034 20190810030003 
1 -0.0702 -0.2317 0.0123 21.0083548 105.7031034 20190810030003 
1 -0.3009 -0.5571 -0.0721 21.0083548 105.7031034 20190810030003 
1 -0.2915 -0.5815 0.3355 21.0083548 105.7031034 20190810030003 
1 -0.2224 -0.3074 0.4821 21.0083548 105.7031034 20190810030003 
1 0.1724 -0.4480 0.6580 21.0083548 105.7031034 20190810030003 
1 -0.3839 -0.5753 0.2433 21.0083548 105.7031034 20190810030003 
1 0.0912 -0.8020 0.7862 21.0083548 105.7031034 20190810030003 
1 0.1247 -0.3669 0.6689 21.0083548 105.7031034 20190810030003 
1 0.0220 -0.1425 0.4273 21.0083548 105.7031034 20190810030004 
1 0.0770 -0.5807 0.8324 21.0083548 105.7031034 20190810030004 
1 0.3148 -0.3647 0.7973 21.0083548 105.7031034 20190810030004 
1 -0.2273 -0.3180 0.2894 21.0083548 105.7031034 20190810030004 
1 0.3194 -0.3939 0.0539 21.0083548 105.7031034 20190810030004 
1 0.0305 -0.4043 -0.1618 21.0083548 105.7031034 20190810030004 
1 -0.1310 -0.5772 -0.2547 21.0083548 105.7031034 20190810030004 
1 0.3024 -0.4329 0.1254 21.0083548 105.7031034 20190810030004 
1 -0.1766 -0.5425 0.4288 21.0083548 105.7031034 20190810030004 
1 -0.1711 -0.3781 -0.0477 21.0083548 105.7031034 20190810030004 
1 -0.0350 -0.3987 -0.1888 21.0083548 105.7031034 20190810030004 
1 -0.0684 -0.5580 0.0079 21.0083548 105.7031034 20190810030004 
1 -0.3221 -0.4337 -0.1867 21.0083548 105.7031034 20190810030004 
1 -0.0328 -0.2907 -0.3117 21.0083548 105.7031034 20190810030004 
1 -0.0423 -0.5428 -0.0145 21.0083548 105.7031034 20190810030004 
1 -0.0860 -0.6619 0.1100 21.0083548 105.7031034 20190810030004 
1 0.2486 -0.3864 -0.3968 21.0083548 105.7031034 20190810030004 
1 -0.0729 -0.5411 -0.5318 21.0083548 105.7031034 20190810030004 
1 -0.0692 -0.6084 -0.3170 21.0083548 105.7031034 20190810030004 
1 0.3489 -0.4724 -0.3830 21.0083548 105.7031034 20190810030004 
1 -0.1442 -0.4692 -0.5101 21.0083548 105.7031034 20190810030004 
1 -0.0534 -0.4068 -0.1507 21.0083548 105.7031034 20190810030004 
1 0.3015 -0.4567 -0.4432 21.0083548 105.7031034 20190810030004 
1 -0.4338 -0.5756 -0.6564 21.0083548 105.7031034 20190810030004 
1 0.3621 -0.3697 -0.4078 21.0083548 105.7031034 20190810030004 
1 -0.2785 -0.5158 -0.4997 21.0083548 105.7031034 20190810030004 
1 -0.0664 -0.3864 -0.3627 21.0083548 105.7031034 20190810030004 
1 -0.3028 -0.5954 -0.1476 21.0083548 105.7031034 20190810030004 
1 0.0015 -0.3362 -0.8096 21.0083548 105.7031034 20190810030004 
1 -0.3435 -0.5521 -0.9782 21.0083548 105.7031034 20190810030004 
1 -0.1693 -0.6023 0.1140 21.0083548 105.7031034 20190810030004 
1 -0.1545 -0.3472 -0.3425 21.0083067 105.7028738 20190810030004 
1 0.0405 -0.3911 -0.6591 21.0083067 105.7028738 20190810030004 
1 0.0766 -0.6759 0.1746 21.0083067 105.7028738 20190810030004 
1 -0.0888 -0.3641 -0.1657 21.0083067 105.7028738 20190810030004 
1 -0.5194 -0.5661 0.0053 21.0083067 105.7028738 20190810030004 
1 0.4527 -0.4615 0.0858 21.0083067 105.7028738 20190810030004 
1 -0.1628 -0.5694 -0.0936 21.0083067 105.7028738 20190810030004 
1 -0.1955 -0.4749 0.4034 21.0083067 105.7028738 20190810030004 
1 0.1470 -0.2612 0.4717 21.0083067 105.7028738 20190810030004 
1 0.1060 -0.5220 0.3738 21.0083067 105.7028738 20190810030004 
1 -0.1998 -0.5697 0.5244 21.0083067 105.7028738 20190810030004 
1 0.0717 -0.4492 0.3383 21.0083067 105.7028738 20190810030004 
1 -0.1452 -0.3986 0.5763 21.0083067 105.7028738 20190810030004 
1 0.0302 -0.4239 0.4349 21.0083067 105.7028738 20190810030004 
1 -0.0670 -0.6228 0.3595 21.0083067 105.7028738 20190810030004 
1 0.2857 -0.3621 0.2108 21.0083067 105.7028738 20190810030004 
1 0.0448 -0.2516 0.1470 21.0083067 105.7028738 20190810030004 
1 -0.0312 -0.4144 0.2691 21.0083067 105.7028738 20190810030005 
1 0.4012 -0.3945 0.0365 21.0083067 105.7028738 20190810030005 
1 -0.1709 -0.4344 0.0921 21.0083067 105.7028738 20190810030005 
1 0.2286 -0.3989 -0.0864 21.0083067 105.7028738 20190810030005 
1 0.0568 -0.1242 -0.6560 21.0083067 105.7028738 20190810030005 
1 0.0523 -0.4467 -0.3280 21.0083067 105.7028738 20190810030005 
1 0.1309 -0.2263 -0.3250 21.0083067 105.7028738 20190810030005 
1 0.2571 -0.1764 -0.4332 21.0083067 105.7028738 20190810030005 
1 -0.5512 -0.4077 -0.0747 21.0083067 105.7028738 20190810030005 
1 0.0624 -0.2839 -0.3502 21.0083067 105.7028738 20190810030005 
1 0.1914 -0.1999 -0.6392 21.0083067 105.7028738 20190810030005 
1 -0.0252 -0.5554 -0.0509 21.0083067 105.7028738 20190810030005 
1 -0.0214 -0.3053 0.4709 21.0083067 105.7028738 20190810030005 
1 0.3511 -0.0812 0.2276 21.0083067 105.7028738 20190810030005 
1 -0.6495 -0.2233 -0.1817 21.0083067 105.7028738 20190810030005 
1 -0.1576 -0.3928 0.0100 21.0083067 105.7028738 20190810030005 
1 0.1429 -0.1310 -0.1473 21.0083067 105.7028738 20190810030005 
1 -0.1653 -0.3015 0.4206 21.0083067 105.7028738 20190810030005 
1 -0.2243 -0.1907 0.5907 21.0083067 105.7028738 20190810030005 
1 -0.1398 -0.1876 -0.1183 21.0083067 105.7028738 20190810030005 
1 -0.3007 -0.4085 -0.3351 21.0083067 105.7028738 20190810030005 
1 0.0615 -0.1205 -0.3235 21.0083067 105.7028738 20190810030005 
1 -0.2006 -0.3711 -0.5486 21.0083067 105.7028738 20190810030005 
1 -0.3790 -0.5614 0.4480 21.0083067 105.7028738 20190810030005 
1 0.1144 -0.1324 0.3160 21.0083067 105.7028738 20190810030005 
1 0.0375 -0.1621 -0.2137 21.0083067 105.7028738 20190810030005 
1 0.0778 -0.2851 0.1964 21.0083067 105.7028738 20190810030005 
1 -0.0839 -0.3524 0.4784 21.0083067 105.7028738 20190810030005 
1 0.1930 -0.1481 0.5314 21.0083067 105.7028738 20190810030005 
1 -0.0572 -0.1204 0.6005 21.0083067 105.7028738 20190810030005 
1 0.3323 -0.1711 0.1452 21.0083067 105.7028738 20190810030005 
1 0.2790 -0.2628 -0.4587 21.0083067 105.7028738 20190810030005 
1 -0.4459 -0.3901 -0.0150 21.0083067 105.7028738 20190810030005 
1 0.3799 -0.0363 0.0783 21.008252 105.7026408 20190810030005 
1 -0.0902 -0.1588 -0.3761 21.008252 105.7026408 20190810030005 
1 -0.0261 -0.4308 0.1368 21.008252 105.7026408 20190810030005 
1 0.1464 -0.2021 -0.3593 21.008252 105.7026408 20190810030005 
1 -0.0034 -0.2196 -0.4118 21.008252 105.7026408 20190810030005 
1 -0.1475 -0.2942 0.6614 21.008252 105.7026408 20190810030005 
1 0.2149 -0.0517 -0.0255 21.008252 105.7026408 20190810030005 
1 -0.2947 -0.3014 -0.5061 21.008252 105.7026408 20190810030005 
1 0.3038 -0.1955 0.1250 21.008252 105.7026408 20190810030005 
1 -0.1976 -0.1374 0.1246 21.008252 105.7026408 20190810030005 
1 0.1433 -0.1481 0.2389 21.008252 105.7026408 20190810030005 
1 -0.2511 -0.1850 0.1884 21.008252 105.7026408 20190810030005 
1 0.3718 -0.1594 -0.4702 21.008252 105.7026408 20190810030005 
1 -0.3464 -0.3648 -0.0642 21.008252 105.7026408 20190810030005 
1 0.0770 0.0953 -0.3589 21.008252 105.7026408 20190810030005 
1 -0.0590 -0.3288 -0.2065 21.008252 105.7026408 20190810030005 
1 0.0423 -0.1446 0.4059 21.008252 105.7026408 20190810030005 
1 -0.0701 -0.1364 -0.1995 21.008252 105.7026408 20190810030006 
1 0.3021 -0.1997 0.1477 21.008252 105.7026408 20190810030006 
1 -0.5990 -0.2237 0.3603 21.008252 105.7026408 20190810030006 
1 0.2241 0.0537 -0.0945 21.008252 105.7026408 20190810030006 
1 0.0622 -0.1751 -0.1089 21.008252 105.7026408 20190810030006 
1 -0.2848 -0.1227 0.1242 21.008252 105.7026408 20190810030006 
1 0.3832 -0.0527 -0.1435 21.008252 105.7026408 20190810030006 
1 -0.2170 -0.0639 -0.0789 21.008252 105.7026408 20190810030006 
1 0.0080 0.0458 0.0492 21.008252 105.7026408 20190810030006 
1 -0.1508 -0.2101 -0.4581 21.008252 105.7026408 20190810030006 
1 0.2567 -0.2348 -0.2223 21.008252 105.7026408 20190810030006 
1 -0.2657 -0.0919 -0.2039 21.008252 105.7026408 20190810030006 
1 0.2554 0.0396 -0.3117 21.008252 105.7026408 20190810030006 
1 -0.0488 -0.3031 -0.2862 21.008252 105.7026408 20190810030006 
1 -0.0174 -0.1301 -0.1767 21.008252 105.7026408 20190810030006 
1 0.0871 0.1622 -0.4438 21.008252 105.7026408 20190810030006 
1 0.0819 -0.2210 0.4345 21.008252 105.7026408 20190810030006 
1 -0.0623 -0.1223 0.4135 21.008252 105.7026408 20190810030006 
1 0.1886 -0.0127 -0.1249 21.008252 105.7026408 20190810030006 
1 0.0121 -0.2691 -0.1539 21.008252 105.7026408 20190810030006 
1 -0.1400 -0.0291 -0.4573 21.008252 105.7026408 20190810030006 
1 0.0782 -0.1595 -0.4717 21.008252 105.7026408 20190810030006 
1 0.3718 -0.1737 0.2720 21.008252 105.7026408 20190810030006 
1 -0.1838 -0.0376 0.4720 21.008252 105.7026408 20190810030006 
1 0.2186 -0.0780 0.2754 21.008252 105.7026408 20190810030006 
1 0.0851 -0.1499 0.2257 21.008252 105.7026408 20190810030006 
1 -0.0905 0.0457 0.0045 21.008252 105.7026408 20190810030006 
1 0.1681 -0.1686 -0.1239 21.008252 105.7026408 20190810030006 
1 -0.1349 -0.2113 0.3809 21.008252 105.7026408 20190810030006 
1 0.1823 0.1503 0.1270 21.008252 105.7026408 20190810030006 
1 0.0437 0.0545 0.0048 21.0081962 105.7024192 20190810030006 
1 -0.0205 -0.2541 0.4573 21.0081962 105.7024192 20190810030006 
1 0.0716 0.0048 0.1254 21.0081962 105.7024192 20190810030006 
1 0.1620 -0.1527 0.2215 21.0081962 105.7024192 20190810030006 
1 -0.1198 0.0136 0.4537 21.0081962 105.7024192 20190810030006 
1 -0.1252 -0.2336 0.3088 21.0081962 105.7024192 20190810030006 
1 0.0648 -0.0730 0.1785 21.0081962 105.7024192 20190810030006 
1 0.5024 0.0753 0.1946 21.0081962 105.7024192 20190810030006 
1 -0.6727 0.1342 0.1775 21.0081962 105.7024192 20190810030006 
1 0.2664 -0.0239 0.1876 21.0081962 105.7024192 20190810030006 
1 -0.0660 -0.0002 -0.3434 21.0081962 105.7024192 20190810030006 
1 -0.2403 -0.1806 0.0905 21.0081962 105.7024192 20190810030006 
1 -0.2677 0.0109 -0.3061 21.0081962 105.7024192 20190810030006 
1 0.3196 -0.0075 -0.3254 21.0081962 105.7024192 20190810030006 
1 -0.5475 -0.2855 0.1517 21.0081962 105.7024192 20190810030006 
1 -0.0207 -0.0464 -0.0939 21.0081962 105.7024192 20190810030006 
1 -0.2259 0.1062 -0.9002 21.0081962 105.7024192 20190810030006 
1 -0.0731 -0.2682 -0.0808 21.0081962 105.7024192 20190810030007 
1 -0.6326 -0.2026 0.0675 21.0081962 105.7024192 20190810030007 
1 0.2471 0.0079 -0.0270 21.0081962 105.7024192 20190810030007 
1 -0.2734 -0.2226 0.2080 21.0081962 105.7024192 20190810030007 
1 -0.3382 -0.0573 0.2081 21.0081962 105.7024192 20190810030007 
1 -0.4991 -0.1441 0.1477 21.0081962 105.7024192 20190810030007 
1 0.3680 0.0555 0.1853 21.0081962 105.7024192 20190810030007 
1 -0.3534 -0.0812 0.0672 21.0081962 105.7024192 20190810030007 
1 0.2055 0.0252 0.2720 21.0081962 105.7024192 20190810030007 
1 -0.2359 -0.0482 0.0613 21.0081962 105.7024192 20190810030007 
1 0.1794 0.0875 -0.1827 21.0081962 105.7024192 20190810030007 
1 0.0397 -0.0725 -0.2564 21.0081962 105.7024192 20190810030007 
1 0.2138 -0.1048 -0.0968 21.0081962 105.7024192 20190810030007 
1 0.0983 0.0003 -0.5497 21.0081962 105.7024192 20190810030007 
1 0.2429 -0.0751 -0.1091 21.0081962 105.7024192 20190810030007 
1 0.2958 0.0366 0.0546 21.0081962 105.7024192 20190810030007 
1 -0.0805 -0.1354 -0.6467 21.0081962 105.7024192 20190810030007 
1 0.5045 -0.1700 -0.0621 21.0081962 105.7024192 20190810030007 
1 -0.3783 -0.0060 0.1375 21.0081962 105.7024192 20190810030007 
1 0.5353 -0.0063 0.2269 21.0081962 105.7024192 20190810030007 
1 -0.3131 -0.1354 0.3171 21.0081962 105.7024192 20190810030007 
1 0.4463 0.0194 0.1172 21.0081962 105.7024192 20190810030007 
1 -0.4140 -0.1268 -0.0003 21.0081962 105.7024192 20190810030007 
1 0.0178 0.1317 0.2441 21.0081962 105.7024192 20190810030007 
1 -0.2531 -0.1448 0.0817 21.0081962 105.7024192 20190810030007 
1 -0.0820 -0.1318 0.4593 21.0081962 105.7024192 20190810030007 
1 -0.2764 -0.0956 0.2331 21.0081962 105.7024192 20190810030007 
1 -0.0124 0.0715 -0.2618 21.0081962 105.7024192 20190810030007 
1 -0.0829 -0.0736 -0.4513 21.0081962 105.7024192 20190810030007 
1 -0.1099 -0.0812 -0.1145 21.0081962 105.7024192 20190810030007 
1 -0.1890 -0.1018 -0.0209 21.0081962 105.7024192 20190810030007 
1 -0.1196 0.0885 -0.2691 21.0081962 105.7024192 20190810030007 
1 0.1047 -0.0587 -0.0079 21.0081459 105.7021968 20190810030007 
1 -0.2207 -0.1915 -0.0179 21.0081459 105.7021968 20190810030007 
1 0.3303 -0.0044 -0.3050 21.0081459 105.7021968 20190810030007 
1 -0.0746 0.0995 -0.5124 21.0081459 105.7021968 20190810030007 
1 0.2213 -0.0812 0.0238 21.0081459 105.7021968 20190810030007 
1 -0.2363 -0.1742 0.1821 21.0081459 105.7021968 20190810030007 
1 0.6346 -0.0828 0.2435 21.0081459 105.7021968 20190810030007 
1 -0.5237 -0.0760 0.1147 21.0081459 105.7021968 20190810030007 
1 0.5370 -0.0065 0.4490 21.0081459 105.7021968 20190810030007 
1 0.2182 -0.2142 -0.2459 21.0081459 105.7021968 20190810030007 
1 0.0412 -0.1950 0.2930 21.0081459 105.7021968 20190810030007 
1 0.0076 -0.0869 0.8318 21.0081459 105.7021968 20190810030007 
1 0.0683 0.0168 1.0535 21.0081459 105.7021968 20190810030007 
1 -0.3545 -0.1179 0.5784 21.0081459 105.7021968 20190810030007 
1 -0.0329 -0.1867 0.4248 21.0081459 105.7021968 20190810030007 
1 -0.0762 -0.1082 0.5862 21.0081459 105.7021968 20190810030007 
1 -0.2716 0.0130 0.0835 21.0081459 105.7021968 20190810030007 
1 -0.0747 -0.1048 0.1471 21.0081459 105.7021968 20190810030007 
1 0.0932 -0.0595 0.2368 21.0081459 105.7021968 20190810030007 
1 -0.5560 -0.2968 0.9356 21.0081459 105.7021968 20190810030007 
1 -0.0013 0.0363 0.4838 21.0081459 105.7021968 20190810030008 
1 -0.0472 0.0543 -0.4512 21.0081459 105.7021968 20190810030008 
1 -0.1646 -0.1804 -0.0222 21.0081459 105.7021968 20190810030008 
1 0.0000 -0.1407 -0.0372 21.0081459 105.7021968 20190810030008 
1 0.0965 0.0641 -0.3170 21.0081459 105.7021968 20190810030008 
1 -0.1635 -0.0298 0.2022 21.0081459 105.7021968 20190810030008 
1 0.1517 0.0022 0.2571 21.0081459 105.7021968 20190810030008 
1 -0.1837 -0.0742 -0.5108 21.0081459 105.7021968 20190810030008 
1 -0.1399 -0.0310 -0.2835 21.0081459 105.7021968 20190810030008 
1 0.3689 0.1382 -0.1321 21.0081459 105.7021968 20190810030008 
1 -0.2002 -0.1759 -0.1825 21.0081459 105.7021968 20190810030008 
1 -0.0175 -0.1366 -0.3582 21.0081459 105.7021968 20190810030008 
1 -0.0785 -0.0049 -0.6733 21.0081459 105.7021968 20190810030008 
1 0.6393 0.1798 -0.7419 21.0081459 105.7021968 20190810030008 
1 -0.2421 -0.2474 -0.0126 21.0081459 105.7021968 20190810030008 
1 0.3804 0.0599 0.0015 21.0081459 105.7021968 20190810030008 
1 -0.1105 0.0517 -0.3966 21.0081459 105.7021968 20190810030008 
1 0.1413 0.0597 -0.5018 21.0081459 105.7021968 20190810030008 
1 0.0363 -0.0303 -0.8478 21.0081459 105.7021968 20190810030008 
1 0.2514 -0.0512 -0.6142 21.0081459 105.7021968 20190810030008 
1 -0.1383 0.1556 -0.6376 21.0081459 105.7021968 20190810030008 
1 0.0504 -0.0335 -0.4960 21.0081459 105.7021968 20190810030008 
1 -0.1416 -0.0971 -0.7165 21.0081459 105.7021968 20190810030008 
1 -0.3887 0.1045 -0.8420 21.0081459 105.7021968 20190810030008 
1 -0.2074 0.0039 -0.8570 21.0081459 105.7021968 20190810030008 
1 0.0020 -0.0140 -0.8708 21.0081459 105.7021968 20190810030008 
1 0.0416 0.0464 -0.7962 21.0081459 105.7021968 20190810030008 
1 -0.0074 -0.1434 -0.6001 21.0081459 105.7021968 20190810030008 
1 -0.1364 -0.0809 -0.3776 21.0081459 105.7021968 20190810030008 
1 -0.4997 -0.0195 -0.2786 21.0081459 105.7021968 20190810030008 
1 0.1385 -0.0441 -0.2322 21.0081459 105.7021968 20190810030008 
1 -0.0708 -0.1317 -0.0395 21.0081459 105.7021968 20190810030008 
1 -0.2097 0.0322 -0.1361 21.008095 105.7019743 20190810030008 
1 0.3240 0.0054 0.5287 21.008095 105.7019743 20190810030008 
1 -0.0424 -0.1345 0.9991 21.008095 105.7019743 20190810030008 
1 -0.4960 0.0457 0.2766 21.008095 105.7019743 20190810030008 
1 -0.0959 -0.0170 0.0829 21.008095 105.7019743 20190810030008 
1 0.1506 -0.2099 1.3693 21.008095 105.7019743 20190810030008 
1 0.2434 0.2394 0.3425 21.008095 105.7019743 20190810030008 
1 -0.3895 -0.2001 0.3479 21.008095 105.7019743 20190810030008 
1 0.1986 -0.1748 1.4505 21.008095 105.7019743 20190810030008 
1 -0.1312 0.0140 0.5810 21.008095 105.7019743 20190810030008 
1 -0.2157 -0.3132 0.3810 21.008095 105.7019743 20190810030008 
1 0.2392 -0.1623 1.1402 21.008095 105.7019743 20190810030008 
1 0.2518 0.1420 0.2571 21.008095 105.7019743 20190810030008 
1 -0.2136 -0.2611 0.9345 21.008095 105.7019743 20190810030008 
1 -0.0685 -0.1271 0.9196 21.008095 105.7019743 20190810030008 
1 0.2515 0.3121 -0.0310 21.008095 105.7019743 20190810030009 
1 -0.1701 -0.0810 1.0540 21.008095 105.7019743 20190810030009 
1 -0.3121 0.0811 0.5220 21.008095 105.7019743 20190810030009 
1 -0.0705 0.1560 -0.8431 21.008095 105.7019743 20190810030009 
1 0.1732 -0.0006 -0.7774 21.008095 105.7019743 20190810030009 
1 -0.1876 0.0196 -0.3634 21.008095 105.7019743 20190810030009 
1 0.1211 -0.0556 -0.3263 21.008095 105.7019743 20190810030009 
1 -0.5696 -0.0992 -0.5840 21.008095 105.7019743 20190810030009 
1 0.4930 0.1271 -1.2764 21.008095 105.7019743 20190810030009 
1 -0.3035 -0.1068 -0.7485 21.008095 105.7019743 20190810030009 
1 -0.0780 0.0347 -0.0230 21.008095 105.7019743 20190810030009 
1 0.0083 0.0333 -0.8979 21.008095 105.7019743 20190810030009 
1 -0.0809 0.0126 -0.7135 21.008095 105.7019743 20190810030009 
1 0.0297 -0.1903 0.2282 21.008095 105.7019743 20190810030009 
1 -0.2112 -0.0725 0.1267 21.008095 105.7019743 20190810030009 
1 -0.1234 -0.0281 0.1423 21.008095 105.7019743 20190810030009 
1 -0.2986 0.0792 -0.1144 21.008095 105.7019743 20190810030009 
1 0.6957 0.2636 -0.2686 21.008095 105.7019743 20190810030009 
1 -0.2552 -0.5635 1.2568 21.008095 105.7019743 20190810030009 
1 -0.5042 0.1593 0.6914 21.008095 105.7019743 20190810030009 
1 -0.1656 -0.1023 0.2463 21.008095 105.7019743 20190810030009 
1 0.1252 -0.2862 1.2830 21.008095 105.7019743 20190810030009 
1 -0.0809 0.0741 -0.1242 21.008095 105.7019743 20190810030009 
1 -0.1279 -0.3019 -0.0017 21.008095 105.7019743 20190810030009 
1 0.8540 -0.1796 2.0561 21.008095 105.7019743 20190810030009 
1 -0.5973 0.2719 0.8928 21.008095 105.7019743 20190810030009 
1 -0.2540 -0.2761 0.6208 21.008095 105.7019743 20190810030009 
1 0.8730 -0.1588 1.0924 21.008095 105.7019743 20190810030009 
1 0.6614 0.2823 -0.0195 21.008095 105.7019743 20190810030009 
1 0.1157 -0.2754 0.9783 21.008095 105.7019743 20190810030009 
1 0.2115 0.0877 1.1274 21.008095 105.7019743 20190810030009 
1 0.2293 0.4125 -0.6647 21.008095 105.7019743 20190810030009 
1 0.0642 -0.1947 -0.0924 21.008095 105.7019743 20190810030009 
1 0.2953 0.0717 0.3247 21.008095 105.7019743 20190810030009 
1 0.1908 0.2063 -0.7388 21.008043 105.701752 20190810030009 
1 0.3022 0.0118 0.0590 21.008043 105.701752 20190810030009 
1 -0.0528 0.1180 -0.7530 21.008043 105.701752 20190810030009 
1 -0.3647 -0.0514 -1.3482 21.008043 105.701752 20190810030009 
1 0.1758 -0.1202 -0.6825 21.008043 105.701752 20190810030009 
1 -0.0617 0.0597 -0.5999 21.008043 105.701752 20190810030009 
1 -0.5247 -0.0027 -0.7212 21.008043 105.701752 20190810030009 
1 0.1847 -0.0935 -0.6084 21.008043 105.701752 20190810030009 
1 0.3855 0.1147 -1.1622 21.008043 105.701752 20190810030009 
1 -0.3482 0.0332 -0.8968 21.008043 105.701752 20190810030009 
1 -0.1110 0.0107 -0.2305 21.008043 105.701752 20190810030009 
1 -0.2286 -0.1143 -0.3547 21.008043 105.701752 20190810030009 
1 -0.0156 0.0415 -0.8089 21.008043 105.701752 20190810030009 
1 -0.3000 -0.1170 -0.6369 21.008043 105.701752 20190810030009 
1 0.2452 -0.0417 0.1154 21.008043 105.701752 20190810030009 
1 -0.5806 -0.0526 -0.0670 21.008043 105.701752 20190810030009 
1 -0.0444 -0.0302 -0.0730 21.008043 105.701752 20190810030010 
1 -0.0473 0.0602 -0.2037 21.008043 105.701752 20190810030010 
1 -0.3260 0.1044 -0.0948 21.008043 105.701752 20190810030010 
1 0.0534 -0.1385 -0.1250 21.008043 105.701752 20190810030010 
1 0.0662 0.0387 -0.0575 21.008043 105.701752 20190810030010 
1 0.1891 0.1478 0.0909 21.008043 105.701752 20190810030010 
1 -0.5311 -0.2409 0.2276 21.008043 105.701752 20190810030010 
1 0.2625 -0.0191 -0.1172 21.008043 105.701752 20190810030010 
1 0.2791 0.1194 -0.6478 21.008043 105.701752 20190810030010 
1 0.1960 -0.1478 -0.0310 21.008043 105.701752 20190810030010 
1 0.2569 0.0659 0.4893 21.008043 105.701752 20190810030010 
1 0.2907 -0.0129 0.6734 21.008043 105.701752 20190810030010 
1 -0.2937 0.0037 0.4129 21.008043 105.701752 20190810030010 
1 0.5362 0.1229 -0.2232 21.008043 105.701752 20190810030010 
1 0.2446 0.0482 0.0099 21.008043 105.701752 20190810030010 
1 0.2336 0.0077 0.5893 21.008043 105.701752 20190810030010 
1 0.1268 0.1192 0.0295 21.008043 105.701752 20190810030010 
1 0.3654 -0.0515 0.4269 21.008043 105.701752 20190810030010 
1 0.0398 0.1687 0.3425 21.008043 105.701752 20190810030010 
1 -0.2385 0.1223 -0.4386 21.008043 105.701752 20190810030010 
1 0.6691 0.0970 -0.6252 21.008043 105.701752 20190810030010 
1 0.1090 -0.0025 0.0507 21.008043 105.701752 20190810030010 
1 -0.0081 -0.1210 0.5302 21.008043 105.701752 20190810030010 
1 -0.6507 -0.0747 0.3533 21.008043 105.701752 20190810030010 
1 0.2664 0.1540 0.1456 21.008043 105.701752 20190810030010 
1 -0.3943 -0.1414 0.2127 21.008043 105.701752 20190810030010 
1 0.2400 0.2709 -0.6851 21.008043 105.701752 20190810030010 
1 -0.0901 -0.1516 -0.2694 21.008043 105.701752 20190810030010 
1 0.2050 0.0280 0.8827 21.008043 105.701752 20190810030010 
1 -1.0270 -0.1161 0.7335 21.008043 105.701752 20190810030010 
1 0.2780 0.2460 0.1486 21.008043 105.701752 20190810030010 
1 -0.1826 -0.1842 0.1691 21.008043 105.701752 20190810030010 
1 0.2273 0.2436 -0.3627 21.008043 105.701752 20190810030010 
1 -0.1647 -0.0649 -0.0747 21.0079907 105.7015321 20190810030010 
1 -0.0293 -0.0417 0.5375 21.0079907 105.7015321 20190810030010 
1 -0.1227 0.1719 -0.2208 21.0079907 105.7015321 20190810030010 
1 -0.2081 -0.0001 -0.1410 21.0079907 105.7015321 20190810030010 
1 -0.0533 -0.0775 0.2733 21.0079907 105.7015321 20190810030010 
1 0.1895 0.2297 -0.3085 21.0079907 105.7015321 20190810030010 
1 -0.0452 0.2327 -0.3645 21.0079907 105.7015321 20190810030010 
1 0.2472 -0.1631 0.2921 21.0079907 105.7015321 20190810030010 
1 -0.0228 0.1469 -0.0690 21.0079907 105.7015321 20190810030010 
1 -0.5274 0.1703 -0.7615 21.0079907 105.7015321 20190810030010 
1 0.5973 0.1691 -0.6623 21.0079907 105.7015321 20190810030010 
1 -0.0949 -0.1739 -0.0699 21.0079907 105.7015321 20190810030010 
1 0.1067 0.3103 -0.2601 21.0079907 105.7015321 20190810030010 
1 -0.0025 0.2009 -0.6965 21.0079907 105.7015321 20190810030010 
1 -0.1777 -0.1523 0.0173 21.0079907 105.7015321 20190810030010 
1 0.2419 0.4224 -0.7478 21.0079907 105.7015321 20190810030010 
1 -0.5515 0.0077 -1.0744 21.0079907 105.7015321 20190810030010 
1 0.3748 0.0196 0.3852 21.0079907 105.7015321 20190810030011 
1 -0.1993 0.1410 -0.2620 21.0079907 105.7015321 20190810030011 
1 -0.0061 0.0931 -0.5659 21.0079907 105.7015321 20190810030011 
1 -0.4218 -0.0583 0.3619 21.0079907 105.7015321 20190810030011 
1 0.2463 0.2803 -0.1617 21.0079907 105.7015321 20190810030011 
1 -0.4429 0.0075 -0.3575 21.0079907 105.7015321 20190810030011 
1 0.1893 -0.0310 0.3858 21.0079907 105.7015321 20190810030011 
1 0.1906 0.0903 0.0268 21.0079907 105.7015321 20190810030011 
1 -0.2116 0.1527 0.4177 21.0079907 105.7015321 20190810030011 
1 0.0481 0.0372 0.5636 21.0079907 105.7015321 20190810030011 
1 0.1034 0.0121 0.2176 21.0079907 105.7015321 20190810030011 
1 0.0536 0.0794 0.2617 21.0079907 105.7015321 20190810030011 
1 -0.1704 0.1016 0.3025 21.0079907 105.7015321 20190810030011 
1 0.5830 0.2240 0.2728 21.0079907 105.7015321 20190810030011 
1 -0.0576 -0.0844 0.6384 21.0079907 105.7015321 20190810030011 
1 0.0714 0.1480 0.2499 21.0079907 105.7015321 20190810030011 
1 -0.0513 0.2307 -0.6322 21.0079907 105.7015321 20190810030011 
1 0.6909 0.0649 0.2703 21.0079907 105.7015321 20190810030011 
1 -0.5185 -0.1389 0.5642 21.0079907 105.7015321 20190810030011 
1 0.5330 0.3380 -0.5132 21.0079907 105.7015321 20190810030011 
1 -0.3282 0.0264 -0.1988 21.0079907 105.7015321 20190810030011 
1 -0.1598 -0.0680 0.9899 21.0079907 105.7015321 20190810030011 
1 0.0154 0.1794 -0.3809 21.0079907 105.7015321 20190810030011 
1 -0.1250 0.0152 -0.3577 21.0079907 105.7015321 20190810030011 
1 0.1313 -0.0633 0.6155 21.0079907 105.7015321 20190810030011 
1 -0.3826 -0.0086 0.1120 21.0079907 105.7015321 20190810030011 
1 -0.2511 0.0430 0.0549 21.0079907 105.7015321 20190810030011 
1 0.0446 0.2467 -0.1906 21.0079907 105.7015321 20190810030011 
1 -0.0188 0.0547 0.3393 21.0079907 105.7015321 20190810030011 
1 -0.2252 0.1323 0.4687 21.0079907 105.7015321 20190810030011 
1 0.4183 0.1577 -0.2588 21.0079907 105.7015321 20190810030011 
1 -0.0860 -0.0010 0.3021 21.0079907 105.7015321 20190810030011 
1 0.1968 0.1911 0.4641 21.0079347 105.7013188 20190810030011 
1 0.0446 -0.0661 -0.6116 21.0079347 105.7013188 20190810030011 
1 -0.2442 -0.1230 -0.3560 21.0079347 105.7013188 20190810030011 
1 0.7065 0.1183 0.0082 21.0079347 105.7013188 20190810030011 
1 -0.1896 0.0867 -0.2509 21.0079347 105.7013188 20190810030011 
1 0.2566 0.0653 0.6746 21.0079347 105.7013188 20190810030011 
1 0.5585 0.1926 0.3509 21.0079347 105.7013188 20190810030011 
1 -0.1177 0.0114 0.3704 21.0079347 105.7013188 20190810030011 
1 0.0620 0.0800 0.4164 21.0079347 105.7013188 20190810030011 
1 0.4283 0.1563 0.3919 21.0079347 105.7013188 20190810030011 
1 -0.2288 0.1281 0.0383 21.0079347 105.7013188 20190810030011 
1 0.8198 0.0278 -0.5153 21.0079347 105.7013188 20190810030011 
1 0.3911 0.0338 -0.6140 21.0079347 105.7013188 20190810030011 
1 -0.2761 0.2419 0.0153 21.0079347 105.7013188 20190810030011 
1 0.0716 -0.0932 0.2645 21.0079347 105.7013188 20190810030011 
1 -0.4149 0.1183 -0.0206 21.0079347 105.7013188 20190810030011 
1 0.0775 0.0183 -0.0583 21.0079347 105.7013188 20190810030011 
1 0.2556 0.0515 0.0919 21.0079347 105.7013188 20190810030012 
1 -0.0604 0.1021 -0.0016 21.0079347 105.7013188 20190810030012 
1 0.0609 0.3047 -0.9308 21.0079347 105.7013188 20190810030012 
1 -0.3768 -0.5946 0.6412 21.0079347 105.7013188 20190810030012 
1 -0.3332 0.1129 0.0947 21.0079347 105.7013188 20190810030012 
1 -0.4741 0.3876 -0.8693 21.0079347 105.7013188 20190810030012 
1 0.5225 -0.2312 1.1962 21.0079347 105.7013188 20190810030012 
1 -0.3226 0.0738 0.7165 21.0079347 105.7013188 20190810030012 
1 -0.2654 0.4695 -1.3964 21.0079347 105.7013188 20190810030012 
1 0.2029 -0.4342 1.0174 21.0079347 105.7013188 20190810030012 
1 -0.5145 0.1150 1.1925 21.0079347 105.7013188 20190810030012 
1 -0.1117 0.3770 -0.8229 21.0079347 105.7013188 20190810030012 
1 0.2941 -0.0266 -0.5035 21.0079347 105.7013188 20190810030012 
1 0.7384 0.1356 -0.0113 21.0079347 105.7013188 20190810030012 
1 -0.2641 -0.0365 -0.2209 21.0079347 105.7013188 20190810030012 
1 -0.4076 0.0303 0.7350 21.0079347 105.7013188 20190810030012 
1 -0.0453 0.2702 0.0787 21.0079347 105.7013188 20190810030012 
1 0.1991 -0.0873 -0.3745 21.0079347 105.7013188 20190810030012 
1 0.1117 -0.0538 -0.2192 21.0079347 105.7013188 20190810030012 
1 0.6868 0.2875 0.0233 21.0079347 105.7013188 20190810030012 
1 -0.1225 0.0158 0.6273 21.0079347 105.7013188 20190810030012 
1 -0.2892 0.0685 0.2264 21.0079347 105.7013188 20190810030012 
1 0.3582 0.1936 -0.6458 21.0079347 105.7013188 20190810030012 
1 0.1942 0.0902 -0.2693 21.0079347 105.7013188 20190810030012 
1 -0.1297 0.1777 -0.0729 21.0079347 105.7013188 20190810030012 
1 -0.3681 -0.0550 -0.0833 21.0079347 105.7013188 20190810030012 
1 0.7478 0.3691 -0.5709 21.0079347 105.7013188 20190810030012 
1 -0.8234 -0.0083 -0.2295 21.0079347 105.7013188 20190810030012 
1 0.5792 -0.0492 0.5737 21.0079347 105.7013188 20190810030012 
1 -0.5347 0.1122 -0.4648 21.0079347 105.7013188 20190810030012 
1 0.1593 0.1497 -1.0440 21.0079347 105.7013188 20190810030012 
1 0.4004 0.2089 -0.6910 21.0079347 105.7013188 20190810030012 
1 0.2151 0.2901 -1.1649 21.0079347 105.7013188 20190810030012 
1 -0.7259 -0.5421 0.7116 21.0079347 105.7013188 20190810030012 
1 0.0024 0.2222 1.1060 21.0078828 105.7011006 20190810030012 
1 -0.3966 0.3396 -0.1443 21.0078828 105.7011006 20190810030012 
1 0.4208 -0.2360 0.5065 21.0078828 105.7011006 20190810030012 
1 -0.2496 -0.3950 -0.1095 21.0078828 105.7011006 20190810030012 
1 0.9667 0.4999 -1.2916 21.0078828 105.7011006 20190810030012 
1 0.0322 -0.2267 1.1179 21.0078828 105.7011006 20190810030012 
1 -0.9587 0.0655 1.8057 21.0078828 105.7011006 20190810030012 
1 0.5471 0.3787 -0.2807 21.0078828 105.7011006 20190810030012 
1 0.3132 -0.2919 0.9501 21.0078828 105.7011006 20190810030012 
1 -0.2691 -0.0100 1.6741 21.0078828 105.7011006 20190810030012 
1 0.0724 0.4106 -0.6483 21.0078828 105.7011006 20190810030012 
1 0.6643 -0.1202 0.0659 21.0078828 105.7011006 20190810030012 
1 -0.3335 0.1080 -0.3399 21.0078828 105.7011006 20190810030012 
1 0.3935 0.2042 -0.6170 21.0078828 105.7011006 20190810030012 
1 0.0762 -0.2288 1.4013 21.0078828 105.7011006 20190810030012 
1 -0.7226 0.2901 0.5882 21.0078828 105.7011006 20190810030013 
1 0.3674 0.2861 -1.1785 21.0078828 105.7011006 20190810030013 
1 0.2123 -0.1402 -0.1759 21.0078828 105.7011006 20190810030013 
1 0.3121 0.1394 -0.2948 21.0078828 105.7011006 20190810030013 
1 -0.5863 0.0845 -1.3483 21.0078828 105.7011006 20190810030013 
1 0.2330 0.0962 0.2101 21.0078828 105.7011006 20190810030013 
1 -0.4196 0.0577 0.4778 21.0078828 105.7011006 20190810030013 
1 -0.5977 0.0942 -0.6775 21.0078828 105.7011006 20190810030013 
1 0.1558 0.0648 -0.7720 21.0078828 105.7011006 20190810030013 
1 0.3106 0.0972 -0.1360 21.0078828 105.7011006 20190810030013 
1 -1.1437 -0.0670 -0.2383 21.0078828 105.7011006 20190810030013 
1 -0.0082 0.1889 -0.8692 21.0078828 105.7011006 20190810030013 
1 -0.1576 0.0782 -0.8895 21.0078828 105.7011006 20190810030013 
1 -0.3141 -0.0222 0.3113 21.0078828 105.7011006 20190810030013 
1 -0.2044 -0.0409 0.2425 21.0078828 105.7011006 20190810030013 
1 0.2161 0.3127 -0.4686 21.0078828 105.7011006 20190810030013 
1 -0.2112 0.1320 -0.4529 21.0078828 105.7011006 20190810030013 
1 -0.0754 -0.0615 -0.2719 21.0078828 105.7011006 20190810030013 
1 0.4303 0.0639 -0.0154 21.0078828 105.7011006 20190810030013 
1 -0.4218 0.1673 -0.2311 21.0078828 105.7011006 20190810030013 
1 0.6547 0.2310 0.0934 21.0078828 105.7011006 20190810030013 
1 -0.2398 0.0303 -0.0371 21.0078828 105.7011006 20190810030013 
1 0.0179 0.0814 -0.3254 21.0078828 105.7011006 20190810030013 
1 0.0667 0.1208 -0.5956 21.0078828 105.7011006 20190810030013 
1 0.1333 0.0796 -0.0801 21.0078828 105.7011006 20190810030013 
1 -0.2427 0.0002 0.2417 21.0078828 105.7011006 20190810030013 
1 -0.0254 0.1085 0.0702 21.0078828 105.7011006 20190810030013 
1 -0.1016 0.0777 -0.2751 21.0078828 105.7011006 20190810030013 
1 -0.4724 0.1172 -0.3363 21.0078828 105.7011006 20190810030013 
1 0.1008 -0.1118 0.1027 21.0078828 105.7011006 20190810030013 
1 -0.2081 -0.0521 0.5004 21.0078828 105.7011006 20190810030013 
1 -0.3531 0.2734 -0.0465 21.0078828 105.7011006 20190810030013 
1 -0.0864 -0.0310 0.1110 21.0078828 105.7011006 20190810030013 
1 0.2032 -0.0948 0.8513 21.0078347 105.7008855 20190810030013 
1 -0.4643 0.1005 0.0050 21.0078347 105.7008855 20190810030013 
1 0.5734 0.1371 0.4617 21.0078347 105.7008855 20190810030013 
1 -0.2116 0.0465 1.1219 21.0078347 105.7008855 20190810030013 
1 0.4867 -0.0258 0.5236 21.0078347 105.7008855 20190810030013 
1 -0.0945 0.0554 -0.0337 21.0078347 105.7008855 20190810030013 
1 0.4004 0.1589 0.5146 21.0078347 105.7008855 20190810030013 
1 0.0583 -0.0681 0.8584 21.0078347 105.7008855 20190810030013 
1 0.0327 0.0604 0.8175 21.0078347 105.7008855 20190810030013 
1 0.4217 0.2835 -0.1160 21.0078347 105.7008855 20190810030013 
1 -0.1008 0.0023 -0.0047 21.0078347 105.7008855 20190810030013 
1 0.0530 -0.0093 0.5694 21.0078347 105.7008855 20190810030013 
1 -0.3197 0.0377 0.4945 21.0078347 105.7008855 20190810030013 
1 0.3529 0.3769 -0.2097 21.0078347 105.7008855 20190810030013 
1 -0.6093 0.0884 -0.4130 21.0078347 105.7008855 20190810030013 
1 0.1459 -0.1563 0.1453 21.0078347 105.7008855 20190810030013 
1 -0.3733 0.2199 -0.8202 21.0078347 105.7008855 20190810030013 
1 0.1604 0.1629 -0.9697 21.0078347 105.7008855 20190810030013 
1 -0.2263 -0.0925 0.4199 21.0078347 105.7008855 20190810030014 
1 -0.2101 0.1888 -0.2821 21.0078347 105.7008855 20190810030014 
1 -0.2283 0.0098 -0.9285 21.0078347 105.7008855 20190810030014 
1 0.2363 0.1072 -0.4582 21.0078347 105.7008855 20190810030014 
1 -0.2310 0.1268 -0.6051 21.0078347 105.7008855 20190810030014 
1 -0.1548 -0.0818 -0.4718 21.0078347 105.7008855 20190810030014 
1 0.2628 -0.0027 -0.6051 21.0078347 105.7008855 20190810030014 
1 -0.2153 0.0550 -0.4101 21.0078347 105.7008855 20190810030014 
1 0.1722 0.0386 0.3332 21.0078347 105.7008855 20190810030014 
1 -0.0878 -0.0444 0.1747 21.0078347 105.7008855 20190810030014 
1 0.0265 -0.0206 -0.3882 21.0078347 105.7008855 20190810030014 
1 -0.1657 -0.0923 -0.3872 21.0078347 105.7008855 20190810030014 
1 0.5330 -0.1071 -0.0459 21.0078347 105.7008855 20190810030014 
1 -0.5849 -0.2413 0.1867 21.0078347 105.7008855 20190810030014 
1 0.5512 0.1241 0.2851 21.0078347 105.7008855 20190810030014 
1 -0.4092 -0.2313 0.0070 21.0078347 105.7008855 20190810030014 
1 0.3788 -0.0570 0.1274 21.0078347 105.7008855 20190810030014 
1 -0.2105 -0.3822 0.2914 21.0078347 105.7008855 20190810030014 
1 0.2907 -0.3046 0.7078 21.0078347 105.7008855 20190810030014 
1 0.2190 -0.1940 0.1857 21.0078347 105.7008855 20190810030014 
1 0.0020 -0.6130 1.2036 21.0078347 105.7008855 20190810030014 
1 0.0192 -0.0204 0.4660 21.0078347 105.7008855 20190810030014 
1 0.0189 -0.1709 -0.0221 21.0078347 105.7008855 20190810030014 
1 0.2442 -0.3919 1.2332 21.0078347 105.7008855 20190810030014 
1 -0.5983 -0.1587 1.4115 21.0078347 105.7008855 20190810030014 
1 0.5595 -0.0085 1.2632 21.0078347 105.7008855 20190810030014 
1 -0.2546 -0.1296 1.1169 21.0078347 105.7008855 20190810030014 
1 0.2416 0.0870 -0.0983 21.0078347 105.7008855 20190810030014 
1 -0.2573 -0.3330 0.0378 21.0078347 105.7008855 20190810030014 
1 0.0112 -0.2671 0.0576 21.0078347 105.7008855 20190810030014 
1 -0.0408 -0.1987 -0.3555 21.0078347 105.7008855 20190810030014 
1 -0.2436 -0.0426 -0.0819 21.0078347 105.7008855 20190810030014 
1 0.2391 -0.0837 -0.3316 21.0077847 105.700675 20190810030014 
1 -0.3317 -0.5169 -0.6379 21.0077847 105.700675 20190810030014 
1 0.2530 0.0644 -0.9503 21.0077847 105.700675 20190810030014 
1 -0.2133 0.0060 -0.8803 21.0077847 105.700675 20190810030014 
1 0.1761 -0.2829 -0.5845 21.0077847 105.700675 20190810030014 
1 -0.0047 -0.3896 -0.8773 21.0077847 105.700675 20190810030014 
1 0.3463 0.2358 -1.4756 21.0077847 105.700675 20190810030014 
1 -0.4297 -0.3028 -0.1540 21.0077847 105.700675 20190810030014 
1 0.5404 -0.0875 0.0118 21.0077847 105.700675 20190810030014 
1 -0.0635 -0.1442 -1.1837 21.0077847 105.700675 20190810030014 
1 -0.1012 -0.3985 -0.5340 21.0077847 105.700675 20190810030014 
1 -0.3759 -0.0477 -0.9659 21.0077847 105.700675 20190810030014 
1 0.3445 0.3139 -2.2159 21.0077847 105.700675 20190810030014 
1 0.3943 -0.5622 -0.6291 21.0077847 105.700675 20190810030014 
1 -0.4441 -0.1238 -0.2109 21.0077847 105.700675 20190810030014 
1 0.6017 0.6388 -1.7083 21.0077847 105.700675 20190810030014 
1 -0.2940 -0.6247 0.2465 21.0077847 105.700675 20190810030014 
1 -0.4521 -0.0902 -0.6153 21.0077847 105.700675 20190810030015 
1 -0.0453 -0.0974 -2.7020 21.0077847 105.700675 20190810030015 
1 0.9428 -0.0730 -1.4390 21.0077847 105.700675 20190810030015 
1 -0.1414 -0.1668 0.0300 21.0077847 105.700675 20190810030015 
1 -0.1190 -0.2778 -0.8762 21.0077847 105.700675 20190810030015 
1 0.3336 -0.1610 -0.5859 21.0077847 105.700675 20190810030015 
1 0.0570 -0.2301 -0.0932 21.0077847 105.700675 20190810030015 
1 0.1076 -0.2703 0.6008 21.0077847 105.700675 20190810030015 
1 0.0918 -0.2006 0.7669 21.0077847 105.700675 20190810030015 
1 0.2881 -0.2610 0.8246 21.0077847 105.700675 20190810030015 
1 -0.1673 -0.3989 1.3782 21.0077847 105.700675 20190810030015 
1 0.3223 -0.2367 1.9134 21.0077847 105.700675 20190810030015 
1 -0.6401 -0.2714 2.1616 21.0077847 105.700675 20190810030015 
1 0.3716 -0.1067 1.7721 21.0077847 105.700675 20190810030015 
1 -0.1264 -0.3676 1.7629 21.0077847 105.700675 20190810030015 
1 0.0651 -0.1601 2.0415 21.0077847 105.700675 20190810030015 
1 -0.1609 0.0032 0.7545 21.0077847 105.700675 20190810030015 
1 0.3142 -0.2193 1.0943 21.0077847 105.700675 20190810030015 
1 -0.1268 -0.0815 1.1284 21.0077847 105.700675 20190810030015 
1 -0.1489 0.0013 0.3121 21.0077847 105.700675 20190810030015 
1 0.0524 -0.1125 0.0347 21.0077847 105.700675 20190810030015 
1 -0.0564 -0.1059 -0.1880 21.0077847 105.700675 20190810030015 
1 0.0793 -0.0190 -0.8096 21.0077847 105.700675 20190810030015 
1 -0.1525 -0.2270 -0.6293 21.0077847 105.700675 20190810030015 
1 0.0974 0.0007 -0.6022 21.0077847 105.700675 20190810030015 
1 -0.0473 -0.1015 -0.9419 21.0077847 105.700675 20190810030015 
1 -0.1323 -0.1592 -0.6446 21.0077847 105.700675 20190810030015 
1 -0.1318 -0.1105 -0.9050 21.0077847 105.700675 20190810030015 
1 0.2070 -0.1150 -1.0348 21.0077847 105.700675 20190810030015 
1 -0.0905 -0.2294 -0.8830 21.0077847 105.700675 20190810030015 
1 0.1622 -0.1549 -0.6665 21.0077847 105.700675 20190810030015 
1 0.0453 -0.1992 -0.4969 21.0077343 105.7004683 20190810030015 
1 -0.1372 -0.2085 -0.2481 21.0077343 105.7004683 20190810030015 
1 0.3363 -0.1072 -0.2055 21.0077343 105.7004683 20190810030015 
1 0.0660 -0.2485 -0.0019 21.0077343 105.7004683 20190810030015 
1 0.1143 -0.2251 0.4733 21.0077343 105.7004683 20190810030015 
1 0.0723 -0.2229 0.7798 21.0077343 105.7004683 20190810030015 
1 0.3667 -0.0866 0.4784 21.0077343 105.7004683 20190810030015 
1 -0.0077 -0.1565 0.4521 21.0077343 105.7004683 20190810030015 
1 0.3717 -0.3758 1.4131 21.0077343 105.7004683 20190810030015 
1 0.1140 -0.1542 0.8697 21.0077343 105.7004683 20190810030015 
1 0.1271 -0.0587 0.6059 21.0077343 105.7004683 20190810030015 
1 0.3394 -0.3261 1.4590 21.0077343 105.7004683 20190810030015 
1 -0.0035 -0.2375 0.8931 21.0077343 105.7004683 20190810030015 
1 0.4608 0.0565 -0.1697 21.0077343 105.7004683 20190810030015 
1 -0.2293 -0.2716 0.5972 21.0077343 105.7004683 20190810030015 
1 0.7066 0.0470 0.8348 21.0077343 105.7004683 20190810030015 
1 -0.1864 -0.1722 -0.1302 21.0077343 105.7004683 20190810030015 
1 0.4232 -0.0432 -0.0085 21.0077343 105.7004683 20190810030015 
1 0.0070 -0.0200 -0.0958 21.0077343 105.7004683 20190810030015 
1 -0.0455 -0.2797 -0.1577 21.0077343 105.7004683 20190810030016 
1 0.1863 -0.2806 -0.3233 21.0077343 105.7004683 20190810030016 
1 0.3016 0.0669 -0.9923 21.0077343 105.7004683 20190810030016 
1 0.0109 -0.1494 -0.6569 21.0077343 105.7004683 20190810030016 
1 -0.0191 -0.3966 0.1696 21.0077343 105.7004683 20190810030016 
1 0.5452 -0.0642 -0.2118 21.0077343 105.7004683 20190810030016 
1 0.1352 0.1007 -0.2254 21.0077343 105.7004683 20190810030016 
1 0.0608 -0.1489 0.5052 21.0077343 105.7004683 20190810030016 
1 0.4455 -0.3215 0.4397 21.0077343 105.7004683 20190810030016 
1 0.5779 0.0578 -0.6731 21.0077343 105.7004683 20190810030016 
1 -0.1919 -0.1373 0.0468 21.0077343 105.7004683 20190810030016 
1 0.5761 -0.0966 0.7956 21.0077343 105.7004683 20190810030016 
1 -0.1695 -0.2286 -0.0386 21.0077343 105.7004683 20190810030016 
1 0.3435 -0.0857 -0.1392 21.0077343 105.7004683 20190810030016 
1 0.2161 -0.0832 0.3901 21.0077343 105.7004683 20190810030016 
1 0.3768 -0.1000 0.3722 21.0077343 105.7004683 20190810030016 
1 -0.0376 -0.1267 -0.1556 21.0077343 105.7004683 20190810030016 
1 -0.2660 -0.2299 -0.3551 21.0077343 105.7004683 20190810030016 
1 0.0519 -0.1577 -0.2586 21.0077343 105.7004683 20190810030016 
1 -0.1102 -0.1739 -0.1157 21.0077343 105.7004683 20190810030016 
1 -0.2149 -0.2938 0.1508 21.0077343 105.7004683 20190810030016 
1 -0.1780 -0.1854 0.1299 21.0077343 105.7004683 20190810030016 
1 0.0304 -0.0944 -0.1306 21.0077343 105.7004683 20190810030016 
1 -0.1984 -0.1367 -0.1908 21.0077343 105.7004683 20190810030016 
1 -0.1441 -0.3675 0.4814 21.0077343 105.7004683 20190810030016 
1 0.0171 -0.0095 0.0656 21.0077343 105.7004683 20190810030016 
1 -0.0419 0.0012 -0.2169 21.0077343 105.7004683 20190810030016 
1 -0.1612 -0.1189 0.1973 21.0077343 105.7004683 20190810030016 
1 0.3272 -0.0963 0.0732 21.0077343 105.7004683 20190810030016 
1 0.1000 0.1220 -0.9274 21.0077343 105.7004683 20190810030016 
1 0.1645 0.0109 -0.4831 21.0077343 105.7004683 20190810030016 
1 0.0677 -0.0968 -0.2949 21.0077343 105.7004683 20190810030016 
1 0.4965 0.0037 -1.0101 21.0076828 105.7002602 20190810030016 
1 0.0468 -0.0910 -1.2224 21.0076828 105.7002602 20190810030016 
1 0.1642 0.0702 -0.9556 21.0076828 105.7002602 20190810030016 
1 0.2500 -0.0718 -1.3149 21.0076828 105.7002602 20190810030016 
1 0.2120 0.0258 -1.2967 21.0076828 105.7002602 20190810030016 
1 0.1488 -0.0350 -1.0421 21.0076828 105.7002602 20190810030016 
1 0.0768 0.0474 -1.0795 21.0076828 105.7002602 20190810030016 
1 -0.2052 -0.0225 -1.0660 21.0076828 105.7002602 20190810030016 
1 0.5688 -0.0770 -0.8656 21.0076828 105.7002602 20190810030016 
1 0.2006 -0.1813 -0.2525 21.0076828 105.7002602 20190810030016 
1 -0.0477 -0.3787 -0.1704 21.0076828 105.7002602 20190810030016 
1 0.1554 -0.3309 0.1130 21.0076828 105.7002602 20190810030016 
1 -0.2412 -0.6504 1.0066 21.0076828 105.7002602 20190810030016 
1 0.6133 -0.4102 0.9480 21.0076828 105.7002602 20190810030016 
1 -0.3267 -0.3674 1.3058 21.0076828 105.7002602 20190810030016 
1 0.6724 -0.7263 3.9655 21.0076828 105.7002602 20190810030016 
1 0.0043 -0.4350 3.7900 21.0076828 105.7002602 20190810030017 
1 -0.3594 -0.3953 3.7191 21.0076828 105.7002602 20190810030017 
1 0.3350 -0.4213 4.0665 21.0076828 105.7002602 20190810030017 
1 -0.2402 -0.2801 3.7827 21.0076828 105.7002602 20190810030017 
1 -0.1747 0.0257 3.0502 21.0076828 105.7002602 20190810030017 
1 -0.0704 0.3298 2.3308 21.0076828 105.7002602 20190810030017 
1 0.0261 -0.9433 5.1629 21.0076828 105.7002602 20190810030017 
1 -0.3973 1.4418 0.0825 21.0076828 105.7002602 20190810030017 
1 -0.0502 -0.2200 -0.2193 21.0076828 105.7002602 20190810030017 
1 -0.2916 -0.4526 0.8711 21.0076828 105.7002602 20190810030017 
1 0.1103 0.4174 -2.0674 21.0076828 105.7002602 20190810030017 
1 0.0385 0.5392 -4.2935 21.0076828 105.7002602 20190810030017 
1 -0.1280 -0.5948 -0.7795 21.0076828 105.7002602 20190810030017 
1 0.2960 0.6546 -3.0767 21.0076828 105.7002602 20190810030017 
1 -0.8182 -0.6353 -4.9757 21.0076828 105.7002602 20190810030017 
1 0.4503 0.2728 -3.4620 21.0076828 105.7002602 20190810030017 
1 -0.3595 0.1188 -3.6502 21.0076828 105.7002602 20190810030017 
1 -0.3689 -0.5474 -4.1544 21.0076828 105.7002602 20190810030017 
1 -0.1366 0.1847 -4.0507 21.0076828 105.7002602 20190810030017 
1 -0.1663 -0.0264 -3.5186 21.0076828 105.7002602 20190810030017 
1 -0.1388 -0.3460 -2.6631 21.0076828 105.7002602 20190810030017 
1 -0.7371 -0.1218 -2.9606 21.0076828 105.7002602 20190810030017 
1 -0.0601 -0.1268 -2.2834 21.0076828 105.7002602 20190810030017 
1 -0.4222 -0.1894 -1.5342 21.0076828 105.7002602 20190810030017 
1 -0.2471 -0.0241 -1.0750 21.0076828 105.7002602 20190810030017 
1 -0.4283 -0.2298 -0.5360 21.0076828 105.7002602 20190810030017 
1 -0.1653 -0.2295 0.2241 21.0076828 105.7002602 20190810030017 
1 -0.6128 -0.0512 0.1927 21.0076828 105.7002602 20190810030017 
1 -0.1204 0.0166 0.3938 21.0076828 105.7002602 20190810030017 
1 -0.4518 -0.3411 1.1814 21.0076828 105.7002602 20190810030017 
1 -0.3846 -0.1808 1.3037 21.0076828 105.7002602 20190810030017 
1 -0.1326 0.0232 1.0441 21.0076828 105.7002602 20190810030017 
1 -0.1426 -0.1733 1.8182 21.0076828 105.7002602 20190810030017 
1 -0.3519 -0.1472 2.0217 21.0076828 105.7002602 20190810030017 
1 -0.0875 -0.0935 1.8012 21.0076329 105.700054 20190810030017 
1 -0.1221 1.2574 -1.8093 21.0076329 105.700054 20190810030017 
1 -0.4358 -1.1982 1.3800 21.0076329 105.700054 20190810030017 
1 0.4210 0.0022 1.7195 21.0076329 105.700054 20190810030017 
1 0.0098 1.4952 -1.8584 21.0076329 105.700054 20190810030017 
1 0.2676 0.3072 -1.2183 21.0076329 105.700054 20190810030017 
1 -0.5105 -0.7071 1.3533 21.0076329 105.700054 20190810030017 
1 -0.5997 0.8168 -3.9469 21.0076329 105.700054 20190810030017 
1 1.0363 0.6043 -3.7664 21.0076329 105.700054 20190810030017 
1 -0.0726 -0.2925 0.5239 21.0076329 105.700054 20190810030017 
1 -1.3741 0.6570 -1.9361 21.0076329 105.700054 20190810030017 
1 0.9469 0.1178 -2.9532 21.0076329 105.700054 20190810030017 
1 -0.2948 0.1584 -2.2097 21.0076329 105.700054 20190810030017 
1 -0.4404 0.2790 -1.1943 21.0076329 105.700054 20190810030017 
1 -0.2680 0.1111 -1.7740 21.0076329 105.700054 20190810030018 
1 -0.4181 0.1519 -1.3566 21.0076329 105.700054 20190810030018 
1 -0.5698 -0.7949 0.4456 21.0076329 105.700054 20190810030018 
1 -0.2334 -0.2729 1.5807 21.0076329 105.700054 20190810030018 
1 -0.1910 0.5079 0.6115 21.0076329 105.700054 20190810030018 
1 -0.4353 -0.3693 0.9489 21.0076329 105.700054 20190810030018 
1 -0.8344 -0.6844 2.4673 21.0076329 105.700054 20190810030018 
1 0.2791 0.2532 2.2055 21.0076329 105.700054 20190810030018 
1 -0.2143 0.0018 3.5376 21.0076329 105.700054 20190810030018 
1 -0.2556 -0.2284 5.1809 21.0076329 105.700054 20190810030018 
1 0.5510 0.5190 3.3420 21.0076329 105.700054 20190810030018 
1 0.2107 -0.1201 3.0155 21.0076329 105.700054 20190810030018 
1 -0.4740 0.0281 4.1391 21.0076329 105.700054 20190810030018 
1 0.6471 0.4821 3.1020 21.0076329 105.700054 20190810030018 
1 0.2742 -0.0648 2.4960 21.0076329 105.700054 20190810030018 
1 0.3710 0.1368 2.7198 21.0076329 105.700054 20190810030018 
1 -0.1981 -0.0444 1.7946 21.0076329 105.700054 20190810030018 
1 -0.0382 0.2631 0.6581 21.0076329 105.700054 20190810030018 
1 0.5129 0.3089 -0.1316 21.0076329 105.700054 20190810030018 
1 -0.6937 -0.0604 0.0292 21.0076329 105.700054 20190810030018 
1 -0.1815 0.0172 0.1797 21.0076329 105.700054 20190810030018 
1 0.3914 0.3381 -1.1842 21.0076329 105.700054 20190810030018 
1 -0.4446 0.0547 -0.9219 21.0076329 105.700054 20190810030018 
1 -0.0170 0.0651 -0.4768 21.0076329 105.700054 20190810030018 
1 -0.0342 0.2028 -1.7100 21.0076329 105.700054 20190810030018 
1 0.0385 0.3429 -1.9524 21.0076329 105.700054 20190810030018 
1 -0.2514 0.0388 -1.6740 21.0076329 105.700054 20190810030018 
1 0.0472 0.0763 -1.7739 21.0076329 105.700054 20190810030018 
1 -0.2485 0.1256 -2.0425 21.0076329 105.700054 20190810030018 
1 0.0253 0.1858 -1.7757 21.0076329 105.700054 20190810030018 
1 -0.2005 -0.0091 -1.6150 21.0076329 105.700054 20190810030018 
1 0.1542 -0.0329 -1.5835 21.0076329 105.700054 20190810030018 
1 -0.1090 0.0743 -1.9275 21.0076329 105.700054 20190810030018 
1 -0.2489 0.1433 -1.8529 21.0076329 105.700054 20190810030018 
1 -0.0778 -0.0958 -0.9653 21.0076329 105.700054 20190810030018 
1 0.0303 -0.0563 -0.6867 21.0076329 105.700054 20190810030018 
1 -0.0913 0.0867 -0.6976 21.0075886 105.6998462 20190810030018 
1 0.0743 -0.1362 -0.0035 21.0075886 105.6998462 20190810030018 
1 -0.2746 -0.2362 1.1985 21.0075886 105.6998462 20190810030018 
1 0.1236 -0.0489 1.2246 21.0075886 105.6998462 20190810030018 
1 0.1763 -0.0680 0.4834 21.0075886 105.6998462 20190810030018 
1 -0.0030 -0.2837 0.9788 21.0075886 105.6998462 20190810030018 
1 0.1431 -0.2128 2.3152 21.0075886 105.6998462 20190810030018 
1 -0.0094 -0.0622 2.1065 21.0075886 105.6998462 20190810030018 
1 0.1673 -0.0585 1.5963 21.0075886 105.6998462 20190810030018 
1 -0.2962 -0.2938 2.2496 21.0075886 105.6998462 20190810030018 
1 0.0358 0.1293 1.8681 21.0075886 105.6998462 20190810030018 
1 -0.2044 -0.0285 1.3716 21.0075886 105.6998462 20190810030018 
1 -0.0512 -0.2430 1.3607 21.0075886 105.6998462 20190810030018 
1 -0.2797 -0.0097 0.6813 21.0075886 105.6998462 20190810030018 
1 -0.0376 0.0709 0.2149 21.0075886 105.6998462 20190810030018 
1 -0.6303 -0.0355 -0.2852 21.0075886 105.6998462 20190810030018 
1 -0.3769 -0.1298 -0.5653 21.0075886 105.6998462 20190810030018 
1 0.0966 0.0006 -0.6592 21.0075886 105.6998462 20190810030019 
1 -0.2618 -0.1837 -0.6642 21.0075886 105.6998462 20190810030019 
1 -0.3038 -0.1691 -0.7288 21.0075886 105.6998462 20190810030019 
1 0.0541 0.1445 -1.3877 21.0075886 105.6998462 20190810030019 
1 -0.0667 -0.3563 -0.8651 21.0075886 105.6998462 20190810030019 
1 -0.1667 -0.5138 -0.2498 21.0075886 105.6998462 20190810030019 
1 0.0772 0.1224 -0.9443 21.0075886 105.6998462 20190810030019 
1 0.0404 0.1922 -0.5115 21.0075886 105.6998462 20190810030019 
1 -0.0061 -0.6473 0.6663 21.0075886 105.6998462 20190810030019 
1 0.0015 -0.1795 -0.4980 21.0075886 105.6998462 20190810030019 
1 0.3494 0.0972 -0.3115 21.0075886 105.6998462 20190810030019 
1 0.2146 -0.0686 1.2350 21.0075886 105.6998462 20190810030019 
1 -0.1933 -0.0495 0.7376 21.0075886 105.6998462 20190810030019 
1 0.2946 -0.2175 -0.2182 21.0075886 105.6998462 20190810030019 
1 0.2833 0.0351 -0.1108 21.0075886 105.6998462 20190810030019 
1 -0.1447 0.0648 -0.0839 21.0075886 105.6998462 20190810030019 
1 0.0057 -0.0908 0.2401 21.0075886 105.6998462 20190810030019 
1 0.0957 -0.0547 0.1356 21.0075886 105.6998462 20190810030019 
1 0.0542 -0.0655 -0.3237 21.0075886 105.6998462 20190810030019 
1 0.3033 0.0026 -0.6459 21.0075886 105.6998462 20190810030019 
1 -0.0618 -0.2405 -0.6523 21.0075886 105.6998462 20190810030019 
1 0.1314 -0.0380 -0.7794 21.0075886 105.6998462 20190810030019 
1 0.0120 -0.2060 -0.6295 21.0075886 105.6998462 20190810030019 
1 -0.0008 -0.2288 -0.1111 21.0075886 105.6998462 20190810030019 
1 0.1057 -0.0360 -0.3855 21.0075886 105.6998462 20190810030019 
1 0.3357 -0.1931 -0.2330 21.0075886 105.6998462 20190810030019 
1 0.3005 -0.1749 0.5502 21.0075886 105.6998462 20190810030019 
1 0.4985 -0.0504 0.3681 21.0075886 105.6998462 20190810030019 
1 0.3237 -0.1208 0.2322 21.0075886 105.6998462 20190810030019 
1 0.0996 -0.1506 0.9843 21.0075431 105.6996467 20190810030019 
1 0.6794 0.0442 0.5543 21.0075431 105.6996467 20190810030019 
1 -0.0408 -0.1255 0.2317 21.0075431 105.6996467 20190810030019 
1 0.4427 -0.0040 0.5592 21.0075431 105.6996467 20190810030019 
1 0.4427 0.0432 0.3634 21.0075431 105.6996467 20190810030019 
1 0.1856 0.0928 0.0100 21.0075431 105.6996467 20190810030019 
1 -0.0631 0.0167 0.1243 21.0075431 105.6996467 20190810030019 
1 0.0923 0.2488 -0.3826 21.0075431 105.6996467 20190810030019 
1 0.0641 0.0596 -0.4566 21.0075431 105.6996467 20190810030019 
1 -0.0529 0.2205 -0.7614 21.0075431 105.6996467 20190810030019 
1 0.0736 0.2057 -0.8239 21.0075431 105.6996467 20190810030019 
1 -0.1181 -0.0134 -0.8089 21.0075431 105.6996467 20190810030019 
1 0.3162 0.1208 -0.9658 21.0075431 105.6996467 20190810030019 
1 -0.0791 0.0689 -0.8755 21.0075431 105.6996467 20190810030019 
1 -0.0648 0.1339 -0.8317 21.0075431 105.6996467 20190810030019 
1 0.3088 0.1313 -0.6724 21.0075431 105.6996467 20190810030019 
1 -0.0411 -0.0299 -0.2942 21.0075431 105.6996467 20190810030019 
1 0.1888 0.0779 0.0639 21.0075431 105.6996467 20190810030019 
1 0.4356 0.0773 0.0784 21.0075431 105.6996467 20190810030019 
1 0.1652 -0.1301 0.7410 21.0075431 105.6996467 20190810030020 
1 0.3261 -0.0037 0.6182 21.0075431 105.6996467 20190810030020 
1 0.1774 0.2512 0.1347 21.0075431 105.6996467 20190810030020 
1 0.3851 0.0794 0.9031 21.0075431 105.6996467 20190810030020 
1 -0.0818 -0.0449 1.2568 21.0075431 105.6996467 20190810030020 
1 0.2209 0.2508 1.0044 21.0075431 105.6996467 20190810030020 
1 -0.0154 0.1394 1.0757 21.0075431 105.6996467 20190810030020 
1 -0.2670 0.0546 1.2029 21.0075431 105.6996467 20190810030020 
1 -0.0727 0.0414 0.4342 21.0075431 105.6996467 20190810030020 
1 0.0771 0.0953 -0.1366 21.0075431 105.6996467 20190810030020 
1 -0.3086 -0.0012 0.1399 21.0075431 105.6996467 20190810030020 
1 -0.5366 0.0611 0.1685 21.0075431 105.6996467 20190810030020 
1 -0.0661 0.0214 -0.0896 21.0075431 105.6996467 20190810030020 
1 -0.5236 0.0145 -0.1197 21.0075431 105.6996467 20190810030020 
1 -0.1103 0.1500 -0.2802 21.0075431 105.6996467 20190810030020 
1 -0.1847 0.0008 -0.1185 21.0075431 105.6996467 20190810030020 
1 0.2066 0.1891 -0.0303 21.0075431 105.6996467 20190810030020 
1 -0.2201 0.1467 -0.5070 21.0075431 105.6996467 20190810030020 
1 -0.2506 -0.1241 -0.0319 21.0075431 105.6996467 20190810030020 
1 0.1535 0.1770 0.0962 21.0075431 105.6996467 20190810030020 
1 -0.1881 0.1247 -0.5588 21.0075431 105.6996467 20190810030020 
1 0.0659 -0.0520 -0.0592 21.0075431 105.6996467 20190810030020 
1 0.2157 0.1292 0.2821 21.0075431 105.6996467 20190810030020 
1 0.0352 0.1076 0.0380 21.0075431 105.6996467 20190810030020 
1 0.2228 0.0100 0.2834 21.0075431 105.6996467 20190810030020 
1 -0.1318 -0.1515 0.9352 21.0075431 105.6996467 20190810030020 
1 0.2117 0.4756 0.3875 21.0075431 105.6996467 20190810030020 
1 -0.1630 0.2384 0.0601 21.0075431 105.6996467 20190810030020 
1 -0.1694 -0.0766 0.8003 21.0075431 105.6996467 20190810030020 
1 0.2186 0.2934 0.1842 21.0075431 105.6996467 20190810030020 
1 0.0321 0.2573 -0.1081 21.0075431 105.6996467 20190810030020 
1 -0.2988 0.0831 0.4850 21.0074951 105.6994466 20190810030020 
1 -0.1693 0.1625 0.1433 21.0074951 105.6994466 20190810030020 
1 0.1080 0.2637 -0.4976 21.0074951 105.6994466 20190810030020 
1 -0.6624 0.1550 -0.8272 21.0074951 105.6994466 20190810030020 
1 0.1134 0.3038 -0.7379 21.0074951 105.6994466 20190810030020 
1 -0.2081 0.1188 -0.7293 21.0074951 105.6994466 20190810030020 
1 -0.0947 -0.0949 -0.5730 21.0074951 105.6994466 20190810030020 
1 -0.0958 0.0951 -0.8421 21.0074951 105.6994466 20190810030020 
1 -0.0244 0.0615 -0.6268 21.0074951 105.6994466 20190810030020 
1 0.1131 0.0513 -0.4040 21.0074951 105.6994466 20190810030020 
1 -0.1189 -0.1589 0.2452 21.0074951 105.6994466 20190810030020 
1 0.2420 -0.0860 0.9201 21.0074951 105.6994466 20190810030020 
1 -0.3070 -0.1390 1.2413 21.0074951 105.6994466 20190810030020 
1 0.2324 -0.4976 2.4393 21.0074951 105.6994466 20190810030020 
1 -0.1437 -0.6210 3.1630 21.0074951 105.6994466 20190810030020 
1 0.6572 -0.2097 2.9851 21.0074951 105.6994466 20190810030020 
1 0.2026 -0.2678 2.9724 21.0074951 105.6994466 20190810030020 
1 0.1035 -0.5449 3.9236 21.0074951 105.6994466 20190810030020 
1 0.6506 -0.0196 3.6045 21.0074951 105.6994466 20190810030020 
1 -0.2210 0.0819 3.8452 21.0074951 105.6994466 20190810030021 
1 -0.2306 -1.3782 7.3953 21.0074951 105.6994466 20190810030021 
1 -1.8140 -0.5323 6.0943 21.0074951 105.6994466 20190810030021 
1 2.9649 3.5096 -1.6913 21.0074951 105.6994466 20190810030021 
1 -1.6871 -1.9563 1.5641 21.0074951 105.6994466 20190810030021 
1 0.0190 0.1717 3.8313 21.0074951 105.6994466 20190810030021 
1 0.1389 1.7792 -2.8179 21.0074951 105.6994466 20190810030021 
1 0.5621 0.6356 -1.0603 21.0074951 105.6994466 20190810030021 
1 -1.6572 -0.9797 4.7590 21.0074951 105.6994466 20190810030021 
1 -0.3687 2.2425 -5.2358 21.0074951 105.6994466 20190810030021 
1 1.4039 -1.2029 -8.5850 21.0074951 105.6994466 20190810030021 
1 0.3243 0.2248 -5.1576 21.0074951 105.6994466 20190810030021 
1 -0.8365 1.3374 -3.8912 21.0074951 105.6994466 20190810030021 
1 -0.4357 -0.9316 -5.8212 21.0074951 105.6994466 20190810030021 
1 1.0428 0.9519 -4.4557 21.0074951 105.6994466 20190810030021 
1 -0.0503 0.0636 -4.7752 21.0074951 105.6994466 20190810030021 
1 -0.7594 -0.3319 -5.0582 21.0074951 105.6994466 20190810030021 
1 0.6950 0.9412 -3.7948 21.0074951 105.6994466 20190810030021 
1 -0.2047 0.3411 -3.8797 21.0074951 105.6994466 20190810030021 
1 -0.1901 -0.2897 -3.4184 21.0074951 105.6994466 20190810030021 
1 -0.0229 0.0241 -1.8924 21.0074951 105.6994466 20190810030021 
1 -0.2397 0.3253 -1.8473 21.0074951 105.6994466 20190810030021 
1 -0.1618 0.2946 -1.7049 21.0074951 105.6994466 20190810030021 
1 -0.0080 0.1289 -0.7607 21.0074951 105.6994466 20190810030021 
1 -0.3653 0.0282 -0.1979 21.0074951 105.6994466 20190810030021 
1 -0.1672 0.2428 -0.2115 21.0074951 105.6994466 20190810030021 
1 -0.1875 0.0899 0.2374 21.0074951 105.6994466 20190810030021 
1 -0.2251 0.0297 1.0814 21.0074951 105.6994466 20190810030021 
1 -0.4125 0.1804 1.4907 21.0074951 105.6994466 20190810030021 
1 -0.1396 0.1364 1.3685 21.0074951 105.6994466 20190810030021 
1 0.0395 -0.1567 2.1915 21.0074951 105.6994466 20190810030021 
1 -0.3424 -0.1166 2.6722 21.0074951 105.6994466 20190810030021 
1 -0.0100 0.3218 2.0894 21.0074535 105.6992504 20190810030021 
1 -0.1615 0.1880 2.1653 21.0074535 105.6992504 20190810030021 
1 0.1149 0.0841 2.6502 21.0074535 105.6992504 20190810030021 
1 -0.4329 0.0739 1.7518 21.0074535 105.6992504 20190810030021 
1 0.1659 0.4025 1.3172 21.0074535 105.6992504 20190810030021 
1 0.0590 0.3770 1.4138 21.0074535 105.6992504 20190810030021 
1 -0.3810 0.4685 0.6781 21.0074535 105.6992504 20190810030021 
1 0.4624 0.3646 -0.0154 21.0074535 105.6992504 20190810030021 
1 -0.3291 0.0654 -0.0480 21.0074535 105.6992504 20190810030021 
1 0.0247 0.6009 -0.7500 21.0074535 105.6992504 20190810030021 
1 0.0133 0.5091 -1.2506 21.0074535 105.6992504 20190810030021 
1 0.0147 0.3117 -0.5871 21.0074535 105.6992504 20190810030021 
1 -0.3321 0.3607 -0.9197 21.0074535 105.6992504 20190810030021 
1 -0.2283 0.6988 -2.8643 21.0074535 105.6992504 20190810030021 
1 0.2907 0.7868 -3.2130 21.0074535 105.6992504 20190810030021 
1 -0.0833 0.4546 -2.3383 21.0074535 105.6992504 20190810030021 
1 -0.1195 0.4431 -2.2136 21.0074535 105.6992504 20190810030022 
1 -0.4497 0.8531 -3.2417 21.0074535 105.6992504 20190810030022 
1 -0.1007 0.6728 -3.4745 21.0074535 105.6992504 20190810030022 
1 -0.1222 0.1673 -2.8301 21.0074535 105.6992504 20190810030022 
1 -0.3775 0.2774 -4.4724 21.0074535 105.6992504 20190810030022 
1 0.2956 0.3776 -4.0032 21.0074535 105.6992504 20190810030022 
1 0.0165 0.4883 -2.4239 21.0074535 105.6992504 20190810030022 
1 -0.4781 -0.2419 -1.4355 21.0074535 105.6992504 20190810030022 
1 -0.2301 -0.1982 -1.8417 21.0074535 105.6992504 20190810030022 
1 0.2715 0.5605 -1.0602 21.0074535 105.6992504 20190810030022 
1 -0.1363 0.1172 0.6258 21.0074535 105.6992504 20190810030022 
1 -0.3611 -0.3558 2.3978 21.0074535 105.6992504 20190810030022 
1 0.1763 0.2471 1.9182 21.0074535 105.6992504 20190810030022 
1 0.4293 0.1651 2.1035 21.0074535 105.6992504 20190810030022 
1 -0.2333 -0.1051 4.1061 21.0074535 105.6992504 20190810030022 
1 -0.1446 -0.0476 4.3551 21.0074535 105.6992504 20190810030022 
1 0.2206 0.1009 3.7662 21.0074535 105.6992504 20190810030022 
1 -0.0669 -0.1115 5.0138 21.0074535 105.6992504 20190810030022 
1 -0.1542 0.2202 5.1029 21.0074535 105.6992504 20190810030022 
1 0.0962 0.2906 4.7147 21.0074535 105.6992504 20190810030022 
1 0.0326 0.3357 4.5459 21.0074535 105.6992504 20190810030022 
1 0.0091 0.2602 3.8074 21.0074535 105.6992504 20190810030022 
1 -0.2679 0.2854 2.9649 21.0074535 105.6992504 20190810030022 
1 -0.0331 0.4424 1.7484 21.0074535 105.6992504 20190810030022 
1 -0.2603 0.1698 0.8135 21.0074535 105.6992504 20190810030022 
1 0.1040 0.3278 0.1769 21.0074535 105.6992504 20190810030022 
1 -0.1261 0.3167 -0.3367 21.0074535 105.6992504 20190810030022 
1 -0.0290 0.2739 -0.8372 21.0074535 105.6992504 20190810030022 
1 0.2161 0.2809 -1.0189 21.0074535 105.6992504 20190810030022 
1 -0.1053 0.2314 -1.1114 21.0074535 105.6992504 20190810030022 
1 0.1227 0.2348 -1.3099 21.0074535 105.6992504 20190810030022 
1 -0.0304 0.2019 -1.2781 21.0074535 105.6992504 20190810030022 
1 -0.0530 0.3376 -1.9277 21.0074126 105.699072 20190810030022 
1 0.5505 0.2033 -1.2593 21.0074126 105.699072 20190810030022 
1 -0.3420 -0.0598 -0.1193 21.0074126 105.699072 20190810030022 
1 0.0227 0.2173 -1.4078 21.0074126 105.699072 20190810030022 
1 0.1318 0.3282 -2.2084 21.0074126 105.699072 20190810030022 
