1 0.0062 -0.1917 -0.1514 21.0027416 105.6556723 20190810120712 
1 0.0620 -0.4218 -0.1633 21.0027416 105.6556723 20190810120712 
1 0.1357 -0.3289 0.0715 21.0027416 105.6556723 20190810120712 
1 0.1086 -0.4214 -0.1303 21.0027416 105.6556723 20190810120712 
1 -0.0624 -0.2780 -0.2374 21.0027416 105.6556723 20190810120712 
1 -0.0855 -0.5287 -0.0279 21.0027416 105.6556723 20190810120712 
1 0.0144 -0.3942 0.0143 21.0027416 105.6556723 20190810120712 
1 -0.0148 -0.3164 -0.0116 21.0027416 105.6556723 20190810120712 
1 -0.0584 -0.2393 0.0894 21.0027416 105.6556723 20190810120712 
1 0.0354 -0.3382 -0.1273 21.0027416 105.6556723 20190810120712 
1 -0.0661 -0.1671 -0.0538 21.0027416 105.6556723 20190810120712 
1 0.0006 -0.3391 -0.1583 21.0027416 105.6556723 20190810120712 
1 -0.0269 -0.3015 0.1219 21.0027416 105.6556723 20190810120712 
1 -0.1352 -0.2038 0.2410 21.0027416 105.6556723 20190810120712 
1 0.0596 -0.1838 0.4451 21.0027416 105.6556723 20190810120712 
1 0.0251 0.1554 0.4095 21.0027416 105.6556723 20190810120712 
1 0.0719 0.0758 0.0276 21.0027416 105.6556723 20190810120712 
1 0.0046 0.5434 0.3260 21.0027416 105.6556723 20190810120712 
1 0.0819 0.4014 -0.0190 21.0027416 105.6556723 20190810120712 
1 0.0152 0.5743 0.2989 21.0027416 105.6556723 20190810120712 
1 0.1009 0.1952 -0.1173 21.0027416 105.6556723 20190810120712 
1 0.0564 0.5753 0.1634 21.0027416 105.6556723 20190810120712 
1 -0.0200 0.2340 0.2309 21.0027416 105.6556723 20190810120713 
1 0.1699 0.3064 0.3010 21.0027416 105.6556723 20190810120713 
1 -0.0691 0.5910 0.1636 21.0027416 105.6556723 20190810120713 
1 0.1744 0.2307 -0.6259 21.0027416 105.6556723 20190810120713 
1 -0.2267 0.7017 -0.1493 21.0027416 105.6556723 20190810120713 
1 0.0435 0.7138 -0.1809 21.0027416 105.6556723 20190810120713 
1 0.0740 0.5004 0.0582 21.0027416 105.6556723 20190810120713 
1 0.0879 0.3117 0.1210 21.0027416 105.6556723 20190810120713 
1 0.0485 0.1219 -0.2418 21.0027416 105.6556723 20190810120713 
1 -0.2081 0.4201 -0.0949 21.0027416 105.6556723 20190810120713 
1 0.0282 0.1040 -0.2691 21.0027416 105.6556723 20190810120713 
1 0.0084 0.2869 0.3877 21.0027416 105.6556723 20190810120713 
1 0.1472 0.0656 0.0865 21.0027416 105.6556723 20190810120713 
1 -0.1128 0.5648 0.3098 21.0027416 105.6556723 20190810120713 
1 -0.1792 0.5261 0.4744 21.0027416 105.6556723 20190810120713 
1 0.3016 0.2883 -0.1553 21.0027416 105.6556723 20190810120713 
1 0.2746 0.3015 -0.7037 21.0027416 105.6556723 20190810120713 
1 -0.2736 0.5415 0.0765 21.0027416 105.6556723 20190810120713 
1 0.1789 -0.1197 -0.3259 21.0027416 105.6556723 20190810120713 
1 0.2250 0.4622 0.1015 21.0027416 105.6556723 20190810120713 
1 0.0964 -0.1283 -0.1959 21.0027416 105.6556723 20190810120713 
1 0.0370 0.3573 -0.1513 21.0027416 105.6556723 20190810120713 
1 0.1172 0.1719 -0.7460 21.0027274 105.6558055 20190810120713 
1 0.0022 0.6839 0.2217 21.0027274 105.6558055 20190810120713 
1 0.3092 0.0839 -0.5897 21.0027274 105.6558055 20190810120713 
1 -0.0150 0.4132 -0.7854 21.0027274 105.6558055 20190810120713 
1 0.0661 0.4459 -1.0718 21.0027274 105.6558055 20190810120713 
1 0.1807 0.4976 -0.7071 21.0027274 105.6558055 20190810120713 
1 -0.0665 0.2966 -0.3609 21.0027274 105.6558055 20190810120713 
1 0.1683 0.4364 -0.6985 21.0027274 105.6558055 20190810120713 
1 0.0996 0.3314 -0.5072 21.0027274 105.6558055 20190810120713 
1 -0.1136 0.2805 0.0696 21.0027274 105.6558055 20190810120713 
1 0.0549 0.6255 0.2390 21.0027274 105.6558055 20190810120713 
1 0.1286 0.2441 -0.5155 21.0027274 105.6558055 20190810120713 
1 0.0298 0.6288 0.0701 21.0027274 105.6558055 20190810120713 
1 0.0986 0.7332 -0.2560 21.0027274 105.6558055 20190810120713 
1 -0.1884 0.5652 0.0597 21.0027274 105.6558055 20190810120713 
1 0.0448 0.4500 0.4165 21.0027274 105.6558055 20190810120713 
1 0.2558 0.7016 0.1360 21.0027274 105.6558055 20190810120713 
1 -0.1109 0.8162 0.3848 21.0027274 105.6558055 20190810120713 
1 -0.0377 0.4761 0.5900 21.0027274 105.6558055 20190810120713 
1 0.0206 0.3942 0.5260 21.0027274 105.6558055 20190810120713 
1 0.0254 0.3702 0.3107 21.0027274 105.6558055 20190810120713 
1 0.0488 0.4594 0.2584 21.0027274 105.6558055 20190810120713 
1 0.0674 0.0962 0.2320 21.0027274 105.6558055 20190810120713 
1 0.0281 0.5081 0.4886 21.0027274 105.6558055 20190810120713 
1 0.1213 0.2711 0.0335 21.0027274 105.6558055 20190810120713 
1 -0.0146 0.1061 -0.0078 21.0027274 105.6558055 20190810120713 
1 -0.2412 0.4704 0.0697 21.0027274 105.6558055 20190810120713 
1 -0.1041 0.1676 0.0736 21.0027274 105.6558055 20190810120713 
1 -0.0745 0.1312 0.1757 21.0027274 105.6558055 20190810120714 
1 -0.0896 0.0393 -0.2222 21.0027274 105.6558055 20190810120714 
1 -0.1034 0.5012 0.0857 21.0027274 105.6558055 20190810120714 
1 -0.0271 -0.1788 -0.5714 21.0027274 105.6558055 20190810120714 
1 -0.0911 0.0399 0.0413 21.0027274 105.6558055 20190810120714 
1 -0.1842 0.2647 -0.5911 21.0027274 105.6558055 20190810120714 
1 -0.3388 0.3344 -0.4879 21.0027274 105.6558055 20190810120714 
1 -0.2987 0.1143 -0.0573 21.0027274 105.6558055 20190810120714 
1 0.0282 0.2494 -0.2665 21.0027274 105.6558055 20190810120714 
1 -0.1589 0.3342 -0.0709 21.0027274 105.6558055 20190810120714 
1 -0.2079 0.1207 -0.0610 21.0027274 105.6558055 20190810120714 
1 -0.1716 0.0735 0.0352 21.0027274 105.6558055 20190810120714 
1 -0.0639 0.3903 -0.2216 21.0027274 105.6558055 20190810120714 
1 -0.1033 0.2687 -0.2454 21.0027274 105.6558055 20190810120714 
1 -0.2218 0.1267 -0.3240 21.0027274 105.6558055 20190810120714 
1 -0.1109 0.2775 0.0904 21.0027274 105.6558055 20190810120714 
1 -0.0289 0.2474 -0.0011 21.0027274 105.6558055 20190810120714 
1 -0.1287 0.1205 0.1586 21.0027274 105.6558055 20190810120714 
1 -0.2770 0.2818 0.2020 21.0027274 105.6558055 20190810120714 
1 -0.2508 0.4045 0.0421 21.0027121 105.655953 20190810120714 
1 -0.0297 0.1989 -0.1403 21.0027121 105.655953 20190810120714 
1 -0.2623 0.4295 -0.1662 21.0027121 105.655953 20190810120714 
1 -0.1967 0.4368 -0.4755 21.0027121 105.655953 20190810120714 
1 -0.2244 0.1755 -0.2039 21.0027121 105.655953 20190810120714 
1 -0.0996 -0.0263 -0.0135 21.0027121 105.655953 20190810120714 
1 -0.1774 0.2353 -0.3659 21.0027121 105.655953 20190810120714 
1 -0.2006 0.0325 -0.1979 21.0027121 105.655953 20190810120714 
1 -0.2172 0.0494 0.3260 21.0027121 105.655953 20190810120714 
1 -0.0494 0.2925 0.0546 21.0027121 105.655953 20190810120714 
1 -0.1915 0.2176 0.0485 21.0027121 105.655953 20190810120714 
1 -0.2290 0.1153 -0.0077 21.0027121 105.655953 20190810120714 
1 -0.2910 0.3068 -0.1904 21.0027121 105.655953 20190810120714 
1 -0.0431 0.3042 -0.3860 21.0027121 105.655953 20190810120714 
1 -0.3116 0.2043 0.0061 21.0027121 105.655953 20190810120714 
1 -0.1874 0.0655 -0.0565 21.0027121 105.655953 20190810120714 
1 -0.1042 0.2295 -0.0670 21.0027121 105.655953 20190810120714 
1 -0.2306 -0.0965 -0.1238 21.0027121 105.655953 20190810120714 
1 -0.2009 0.4109 0.0632 21.0027121 105.655953 20190810120714 
1 -0.1967 -0.1722 0.2964 21.0027121 105.655953 20190810120714 
1 -0.1920 0.3080 0.2919 21.0027121 105.655953 20190810120714 
1 -0.1676 -0.1085 -0.3171 21.0027121 105.655953 20190810120714 
1 -0.2498 0.8545 0.1572 21.0027121 105.655953 20190810120714 
1 -0.1174 -0.3606 0.0172 21.0027121 105.655953 20190810120714 
1 -0.2686 0.7396 0.5046 21.0027121 105.655953 20190810120714 
1 -0.0294 -0.1272 -0.4336 21.0027121 105.655953 20190810120714 
1 -0.1512 0.2590 -0.0796 21.0027121 105.655953 20190810120714 
1 -0.2502 -0.1082 0.1275 21.0027121 105.655953 20190810120714 
1 -0.0556 -0.0098 0.1696 21.0027121 105.655953 20190810120714 
1 -0.0372 0.1741 0.1830 21.0027121 105.655953 20190810120714 
1 -0.1188 0.0948 -0.1078 21.0027121 105.655953 20190810120715 
1 -0.2259 0.1239 0.0965 21.0027121 105.655953 20190810120715 
1 -0.2428 0.1741 0.1670 21.0027121 105.655953 20190810120715 
1 0.0436 0.2800 -0.1667 21.0027121 105.655953 20190810120715 
1 -0.0731 0.1877 -0.4182 21.0027121 105.655953 20190810120715 
1 -0.3150 0.1270 -0.1039 21.0027121 105.655953 20190810120715 
1 -0.0434 -0.0160 -0.4625 21.0027121 105.655953 20190810120715 
1 -0.1653 0.0901 -0.1017 21.0027121 105.655953 20190810120715 
1 -0.1087 0.0407 -0.0166 21.0027121 105.655953 20190810120715 
1 -0.1919 0.0206 0.2640 21.0027121 105.655953 20190810120715 
1 -0.1736 0.0835 0.2341 21.0027121 105.655953 20190810120715 
1 -0.1240 0.1562 -0.0459 21.0027121 105.655953 20190810120715 
1 -0.0734 0.1694 -0.0481 21.0027121 105.655953 20190810120715 
1 -0.1044 0.1025 -0.1212 21.0027121 105.655953 20190810120715 
1 -0.1402 0.1567 0.1433 21.0027121 105.655953 20190810120715 
1 -0.1158 -0.1482 0.2164 21.0027121 105.655953 20190810120715 
1 -0.1736 0.3832 0.0890 21.0027121 105.655953 20190810120715 
1 -0.1923 0.2249 -0.1264 21.0027121 105.655953 20190810120715 
1 -0.1032 -0.2489 0.5274 21.0027121 105.655953 20190810120715 
1 -0.1301 0.2793 0.5165 21.0027121 105.655953 20190810120715 
1 -0.0230 0.3002 -0.1971 21.0027046 105.6561013 20190810120715 
1 -0.1674 -0.0998 -0.1265 21.0027046 105.6561013 20190810120715 
1 -0.2017 0.2923 -0.1622 21.0027046 105.6561013 20190810120715 
1 -0.1233 0.1154 -0.3948 21.0027046 105.6561013 20190810120715 
1 0.0231 0.3269 0.2371 21.0027046 105.6561013 20190810120715 
1 -0.1248 -0.1057 0.3605 21.0027046 105.6561013 20190810120715 
1 -0.0892 0.4478 -0.0164 21.0027046 105.6561013 20190810120715 
1 -0.1558 0.1278 -0.3730 21.0027046 105.6561013 20190810120715 
1 -0.1141 0.0838 -0.0841 21.0027046 105.6561013 20190810120715 
1 -0.1224 0.1162 -0.0394 21.0027046 105.6561013 20190810120715 
1 -0.0863 0.0364 -0.1630 21.0027046 105.6561013 20190810120715 
1 -0.0303 -0.0387 -0.1646 21.0027046 105.6561013 20190810120715 
1 -0.2280 -0.0372 -0.0313 21.0027046 105.6561013 20190810120715 
1 -0.0952 0.1258 -0.2591 21.0027046 105.6561013 20190810120715 
1 -0.0854 -0.1919 -0.1804 21.0027046 105.6561013 20190810120715 
1 -0.1576 0.0874 -0.1972 21.0027046 105.6561013 20190810120715 
1 -0.1506 -0.0610 -0.2282 21.0027046 105.6561013 20190810120715 
1 -0.3022 0.0771 0.1583 21.0027046 105.6561013 20190810120715 
1 0.1301 -0.2154 -0.1260 21.0027046 105.6561013 20190810120715 
1 -0.2256 0.1483 -0.0806 21.0027046 105.6561013 20190810120715 
1 -0.1188 -0.0176 -0.0753 21.0027046 105.6561013 20190810120715 
1 -0.1181 0.1459 -0.1536 21.0027046 105.6561013 20190810120715 
1 -0.2002 -0.0508 0.0509 21.0027046 105.6561013 20190810120715 
1 -0.0902 0.1561 0.1477 21.0027046 105.6561013 20190810120715 
1 -0.1722 0.1206 0.0559 21.0027046 105.6561013 20190810120715 
1 -0.1187 0.0673 0.1883 21.0027046 105.6561013 20190810120715 
1 -0.1527 0.1154 0.1325 21.0027046 105.6561013 20190810120715 
1 -0.1491 0.0926 0.0652 21.0027046 105.6561013 20190810120715 
1 -0.1803 0.1419 0.0166 21.0027046 105.6561013 20190810120715 
1 -0.0906 0.1187 0.0790 21.0027046 105.6561013 20190810120715 
1 -0.0538 -0.0480 -0.1424 21.0027046 105.6561013 20190810120716 
1 -0.2278 0.2101 0.2037 21.0027046 105.6561013 20190810120716 
1 -0.2163 0.1123 0.1922 21.0027046 105.6561013 20190810120716 
1 -0.0281 0.1353 0.2668 21.0027046 105.6561013 20190810120716 
1 -0.0548 0.0498 -0.0753 21.0027046 105.6561013 20190810120716 
1 -0.1692 0.3073 -0.1433 21.0027046 105.6561013 20190810120716 
1 -0.3007 -0.0333 0.1225 21.0027046 105.6561013 20190810120716 
1 -0.1112 0.0076 0.0783 21.0027046 105.6561013 20190810120716 
1 -0.0594 0.0543 -0.0018 21.0027046 105.6561013 20190810120716 
1 -0.2246 -0.0507 -0.2805 21.0027046 105.6561013 20190810120716 
1 -0.2508 -0.1177 0.1378 21.0027046 105.6561013 20190810120716 
1 -0.1792 0.0619 -0.2047 21.0027046 105.6561013 20190810120716 
1 -0.0685 0.0819 -0.2025 21.0027046 105.6561013 20190810120716 
1 -0.1350 0.0165 -0.2098 21.0027046 105.6561013 20190810120716 
1 -0.2948 0.1686 0.2439 21.0027046 105.6561013 20190810120716 
1 -0.2205 -0.0252 0.1223 21.0027046 105.6561013 20190810120716 
1 -0.0955 0.0174 0.1467 21.0027046 105.6561013 20190810120716 
1 -0.0701 -0.1384 -0.3993 21.0027046 105.6561013 20190810120716 
1 -0.3849 0.1521 -0.0213 21.0027046 105.6561013 20190810120716 
1 -0.2314 -0.0668 -0.0616 21.0027046 105.6561013 20190810120716 
1 -0.1405 -0.0124 -0.0280 21.0027046 105.6561013 20190810120716 
1 -0.2022 -0.0002 -0.0378 21.0026919 105.6562479 20190810120716 
1 -0.1476 0.1963 -0.3019 21.0026919 105.6562479 20190810120716 
1 -0.3089 -0.1092 0.1547 21.0026919 105.6562479 20190810120716 
1 -0.2932 0.1955 0.1665 21.0026919 105.6562479 20190810120716 
1 -0.1413 -0.0303 -0.2352 21.0026919 105.6562479 20190810120716 
1 -0.3184 0.0813 -0.0019 21.0026919 105.6562479 20190810120716 
1 -0.4039 0.0256 0.2303 21.0026919 105.6562479 20190810120716 
1 -0.3672 0.2178 0.3022 21.0026919 105.6562479 20190810120716 
1 -0.3273 0.0060 0.2261 21.0026919 105.6562479 20190810120716 
1 -0.2204 0.0520 0.2510 21.0026919 105.6562479 20190810120716 
1 -0.4548 0.0253 -0.2386 21.0026919 105.6562479 20190810120716 
1 -0.5705 0.0491 0.3198 21.0026919 105.6562479 20190810120716 
1 -0.3388 -0.0650 0.3371 21.0026919 105.6562479 20190810120716 
1 -0.1652 -0.0955 0.4610 21.0026919 105.6562479 20190810120716 
1 -0.4959 0.0342 0.2033 21.0026919 105.6562479 20190810120716 
1 -0.3823 -0.1421 0.0396 21.0026919 105.6562479 20190810120716 
1 -0.0741 -0.1392 -0.4317 21.0026919 105.6562479 20190810120716 
1 -0.1876 -0.0991 -0.2711 21.0026919 105.6562479 20190810120716 
1 -0.3919 -0.1935 -0.0349 21.0026919 105.6562479 20190810120716 
1 -0.4678 -0.0597 0.1863 21.0026919 105.6562479 20190810120716 
1 -0.3357 -0.3360 -0.0652 21.0026919 105.6562479 20190810120716 
1 -0.4462 -0.0109 -0.0302 21.0026919 105.6562479 20190810120716 
1 -0.4235 -0.0812 -0.0911 21.0026919 105.6562479 20190810120716 
1 -0.4574 -0.0782 -0.1305 21.0026919 105.6562479 20190810120716 
1 -0.3919 -0.0878 -0.1089 21.0026919 105.6562479 20190810120716 
1 -0.4189 0.1262 -0.2106 21.0026919 105.6562479 20190810120716 
1 -0.5140 0.1236 -0.0988 21.0026919 105.6562479 20190810120716 
1 -0.5607 0.2253 0.0300 21.0026919 105.6562479 20190810120716 
1 -0.4969 -0.0020 0.3022 21.0026919 105.6562479 20190810120717 
1 -0.3971 0.0187 0.5671 21.0026919 105.6562479 20190810120717 
1 -0.4655 -0.0482 0.5239 21.0026919 105.6562479 20190810120717 
1 -0.5097 0.1651 0.5590 21.0026919 105.6562479 20190810120717 
1 -0.4318 -0.0169 0.1638 21.0026919 105.6562479 20190810120717 
1 -0.3215 0.1893 0.1856 21.0026919 105.6562479 20190810120717 
1 -0.4443 0.3808 0.4572 21.0026919 105.6562479 20190810120717 
1 -0.4622 0.4503 0.8691 21.0026919 105.6562479 20190810120717 
1 -0.4281 0.2692 0.8794 21.0026919 105.6562479 20190810120717 
1 -0.3396 -0.1485 0.4133 21.0026919 105.6562479 20190810120717 
1 -0.3976 0.0673 -0.0243 21.0026919 105.6562479 20190810120717 
1 -0.5798 -0.2634 -0.1189 21.0026919 105.6562479 20190810120717 
1 -0.5150 -0.0286 0.4819 21.0026919 105.6562479 20190810120717 
1 -0.2070 -0.3297 -0.0667 21.0026919 105.6562479 20190810120717 
1 -0.3302 -0.1176 -0.2517 21.0026919 105.6562479 20190810120717 
1 -0.5009 -0.0295 -0.2384 21.0026919 105.6562479 20190810120717 
1 -0.4405 -0.0248 -0.3611 21.0026919 105.6562479 20190810120717 
1 -0.3516 -0.1584 -0.1730 21.0026919 105.6562479 20190810120717 
1 -0.3015 -0.2408 0.1657 21.0026919 105.6562479 20190810120717 
1 -0.3845 -0.1520 -0.0457 21.0026919 105.6562479 20190810120717 
1 -0.3522 -0.0811 -0.1555 21.0026828 105.6563947 20190810120717 
1 -0.3812 0.2960 -0.2044 21.0026828 105.6563947 20190810120717 
1 -0.3808 -0.1660 -0.2787 21.0026828 105.6563947 20190810120717 
1 -0.2923 -0.1499 0.1544 21.0026828 105.6563947 20190810120717 
1 -0.3220 -0.0723 -0.1720 21.0026828 105.6563947 20190810120717 
1 -0.4627 0.3091 0.1183 21.0026828 105.6563947 20190810120717 
1 -0.3844 -0.4017 -0.2053 21.0026828 105.6563947 20190810120717 
1 -0.3673 -0.1954 0.1038 21.0026828 105.6563947 20190810120717 
1 -0.3406 0.1875 -0.2763 21.0026828 105.6563947 20190810120717 
1 -0.3524 0.5144 -0.0782 21.0026828 105.6563947 20190810120717 
1 -0.2692 0.1200 0.3702 21.0026828 105.6563947 20190810120717 
1 -0.3552 0.3625 0.5938 21.0026828 105.6563947 20190810120717 
1 -0.2626 0.0882 0.7420 21.0026828 105.6563947 20190810120717 
1 -0.2685 0.0781 0.5148 21.0026828 105.6563947 20190810120717 
1 -0.2868 -0.1631 0.1066 21.0026828 105.6563947 20190810120717 
1 -0.3352 0.2733 0.0049 21.0026828 105.6563947 20190810120717 
1 -0.3219 -0.3436 0.0519 21.0026828 105.6563947 20190810120717 
1 -0.2777 0.1340 0.2106 21.0026828 105.6563947 20190810120717 
1 -0.2642 0.0916 -0.3297 21.0026828 105.6563947 20190810120717 
1 -0.4120 0.0835 -0.1554 21.0026828 105.6563947 20190810120717 
1 -0.1677 -0.0842 -0.3758 21.0026828 105.6563947 20190810120717 
1 -0.2773 -0.1430 0.0787 21.0026828 105.6563947 20190810120717 
1 -0.3479 0.0963 0.1576 21.0026828 105.6563947 20190810120717 
1 -0.1256 -0.3484 -0.2275 21.0026828 105.6563947 20190810120717 
1 -0.3342 0.0351 -0.0946 21.0026828 105.6563947 20190810120717 
1 -0.3104 -0.0053 -0.2799 21.0026828 105.6563947 20190810120717 
1 -0.4325 0.0827 0.1574 21.0026828 105.6563947 20190810120717 
1 -0.1804 -0.2680 0.2435 21.0026828 105.6563947 20190810120717 
1 -0.2283 -0.0765 0.1660 21.0026828 105.6563947 20190810120717 
1 -0.3242 -0.2613 -0.0480 21.0026828 105.6563947 20190810120718 
1 -0.1861 -0.2266 -0.3040 21.0026828 105.6563947 20190810120718 
1 -0.3641 -0.1256 -0.4156 21.0026828 105.6563947 20190810120718 
1 -0.1810 0.1106 -0.0034 21.0026828 105.6563947 20190810120718 
1 -0.2428 0.0306 -0.1040 21.0026828 105.6563947 20190810120718 
1 -0.2104 0.0256 0.1650 21.0026828 105.6563947 20190810120718 
1 -0.4051 0.1339 0.4101 21.0026828 105.6563947 20190810120718 
1 -0.1945 0.0219 0.0544 21.0026828 105.6563947 20190810120718 
1 -0.2310 0.0983 0.3327 21.0026828 105.6563947 20190810120718 
1 -0.2170 -0.3174 -0.1424 21.0026828 105.6563947 20190810120718 
1 -0.2431 0.2318 -0.2774 21.0026828 105.6563947 20190810120718 
1 -0.2835 0.1397 -0.2689 21.0026828 105.6563947 20190810120718 
1 -0.1910 0.2553 0.2064 21.0026828 105.6563947 20190810120718 
1 -0.3141 0.1267 0.2601 21.0026828 105.6563947 20190810120718 
1 -0.2422 0.2814 0.2783 21.0026828 105.6563947 20190810120718 
1 -0.4677 0.0502 0.1898 21.0026828 105.6563947 20190810120718 
1 -0.2634 -0.1344 0.0795 21.0026828 105.6563947 20190810120718 
1 -0.2769 -0.0130 0.3808 21.0026828 105.6563947 20190810120718 
1 -0.2584 -0.1710 0.3274 21.0026828 105.6563947 20190810120718 
1 -0.1439 -0.0680 0.1628 21.0026828 105.6563947 20190810120718 
1 -0.2344 0.0484 -0.2331 21.0026819 105.6565401 20190810120718 
1 -0.2005 0.0185 -0.1519 21.0026819 105.6565401 20190810120718 
1 -0.3064 0.2222 0.5650 21.0026819 105.6565401 20190810120718 
1 -0.1282 -0.2647 0.3148 21.0026819 105.6565401 20190810120718 
1 -0.0847 0.1046 0.4940 21.0026819 105.6565401 20190810120718 
1 -0.1591 -0.2021 -0.0515 21.0026819 105.6565401 20190810120718 
1 -0.1735 -0.1590 -0.1727 21.0026819 105.6565401 20190810120718 
1 -0.3719 -0.0151 0.0082 21.0026819 105.6565401 20190810120718 
1 0.0284 0.0513 -0.3633 21.0026819 105.6565401 20190810120718 
1 -0.1780 0.0033 -0.4089 21.0026819 105.6565401 20190810120718 
1 -0.1758 -0.1193 -0.2149 21.0026819 105.6565401 20190810120718 
1 -0.1846 0.0176 -0.2874 21.0026819 105.6565401 20190810120718 
1 -0.0869 -0.0652 -0.3108 21.0026819 105.6565401 20190810120718 
1 -0.1397 0.1181 -0.1245 21.0026819 105.6565401 20190810120718 
1 -0.2506 -0.0050 -0.4046 21.0026819 105.6565401 20190810120718 
1 -0.2219 -0.0536 -0.2204 21.0026819 105.6565401 20190810120718 
1 -0.2747 -0.0036 -0.3253 21.0026819 105.6565401 20190810120718 
1 -0.3038 0.4269 -0.0429 21.0026819 105.6565401 20190810120718 
1 0.0211 0.0873 -0.1828 21.0026819 105.6565401 20190810120718 
1 -0.0235 0.1220 0.1418 21.0026819 105.6565401 20190810120718 
1 -0.1544 0.0792 -0.1554 21.0026819 105.6565401 20190810120718 
1 -0.2979 0.2458 -0.0600 21.0026819 105.6565401 20190810120718 
1 -0.0529 -0.1325 0.0627 21.0026819 105.6565401 20190810120718 
1 -0.0238 0.0086 0.1552 21.0026819 105.6565401 20190810120718 
1 -0.0286 -0.1722 0.1396 21.0026819 105.6565401 20190810120718 
1 -0.1882 0.0604 0.1290 21.0026819 105.6565401 20190810120718 
1 -0.1093 -0.2834 -0.2126 21.0026819 105.6565401 20190810120718 
1 0.0094 0.2574 -0.1085 21.0026819 105.6565401 20190810120718 
1 -0.0043 -0.1393 -0.1529 21.0026819 105.6565401 20190810120718 
1 -0.2372 0.0224 0.1245 21.0026819 105.6565401 20190810120719 
1 -0.0513 -0.1877 -0.4232 21.0026819 105.6565401 20190810120719 
1 -0.1357 0.0252 -0.1088 21.0026819 105.6565401 20190810120719 
1 -0.1806 -0.2274 -0.2966 21.0026819 105.6565401 20190810120719 
1 0.0040 0.0461 -0.5489 21.0026819 105.6565401 20190810120719 
1 -0.2546 -0.1021 -0.4398 21.0026819 105.6565401 20190810120719 
1 -0.1110 0.0210 -0.1178 21.0026819 105.6565401 20190810120719 
1 -0.0668 0.0221 -0.0417 21.0026819 105.6565401 20190810120719 
1 -0.3053 -0.2169 0.0521 21.0026819 105.6565401 20190810120719 
1 -0.0338 -0.1106 0.1936 21.0026819 105.6565401 20190810120719 
1 -0.0382 -0.0984 -0.2976 21.0026819 105.6565401 20190810120719 
1 -0.1762 -0.1238 -0.0007 21.0026819 105.6565401 20190810120719 
1 -0.2390 0.1145 0.2055 21.0026819 105.6565401 20190810120719 
1 -0.0971 -0.0493 -0.1184 21.0026819 105.6565401 20190810120719 
1 -0.1539 0.1370 0.4352 21.0026819 105.6565401 20190810120719 
1 -0.1394 0.0011 0.4296 21.0026819 105.6565401 20190810120719 
1 -0.0830 0.1781 -0.0039 21.0026819 105.6565401 20190810120719 
1 -0.2930 -0.1525 0.1115 21.0026819 105.6565401 20190810120719 
1 0.0044 -0.1301 0.1113 21.0026819 105.6565401 20190810120719 
1 0.1971 0.0461 -0.2790 21.0026819 105.6565401 20190810120719 
1 -0.0859 -0.0702 -0.1057 21.0026806 105.6566809 20190810120719 
1 -0.3437 -0.0964 0.3192 21.0026806 105.6566809 20190810120719 
1 0.0904 -0.0785 0.1911 21.0026806 105.6566809 20190810120719 
1 0.0710 0.1277 0.3870 21.0026806 105.6566809 20190810120719 
1 -0.2159 -0.0908 0.3454 21.0026806 105.6566809 20190810120719 
1 -0.0394 -0.1180 -0.1299 21.0026806 105.6566809 20190810120719 
1 -0.0509 0.0901 -0.1269 21.0026806 105.6566809 20190810120719 
1 -0.0105 -0.1297 -0.0826 21.0026806 105.6566809 20190810120719 
1 -0.0288 -0.1333 -0.0179 21.0026806 105.6566809 20190810120719 
1 0.0281 -0.2298 -0.4793 21.0026806 105.6566809 20190810120719 
1 -0.1058 -0.0196 -0.1135 21.0026806 105.6566809 20190810120719 
1 0.0485 -0.2923 -0.3939 21.0026806 105.6566809 20190810120719 
1 0.1199 -0.0889 -0.2783 21.0026806 105.6566809 20190810120719 
1 -0.2059 -0.1721 -0.1569 21.0026806 105.6566809 20190810120719 
1 -0.0674 0.1611 0.1537 21.0026806 105.6566809 20190810120719 
1 0.0703 0.0096 -0.1645 21.0026806 105.6566809 20190810120719 
1 0.0148 0.1908 -0.2559 21.0026806 105.6566809 20190810120719 
1 -0.0111 -0.1083 -0.0453 21.0026806 105.6566809 20190810120719 
1 -0.0931 -0.0067 -0.1044 21.0026806 105.6566809 20190810120719 
1 0.1487 -0.2253 -0.4357 21.0026806 105.6566809 20190810120719 
1 -0.0747 -0.0201 -0.1833 21.0026806 105.6566809 20190810120719 
1 -0.0372 0.0146 -0.1102 21.0026806 105.6566809 20190810120719 
1 -0.1439 -0.1174 0.0255 21.0026806 105.6566809 20190810120719 
1 0.0145 0.0396 0.1944 21.0026806 105.6566809 20190810120719 
1 0.1664 -0.0433 -0.0381 21.0026806 105.6566809 20190810120719 
1 -0.2292 0.1524 0.1622 21.0026806 105.6566809 20190810120719 
1 0.0012 -0.0509 -0.0007 21.0026806 105.6566809 20190810120719 
1 -0.0025 0.0187 -0.0105 21.0026806 105.6566809 20190810120719 
1 0.0603 -0.2373 0.2170 21.0026806 105.6566809 20190810120719 
1 -0.1757 0.3313 0.5452 21.0026806 105.6566809 20190810120719 
1 -0.1693 -0.2639 0.2780 21.0026806 105.6566809 20190810120720 
1 0.1276 0.1392 0.3051 21.0026806 105.6566809 20190810120720 
1 -0.1181 0.0741 0.0673 21.0026806 105.6566809 20190810120720 
1 -0.0389 0.0302 0.0921 21.0026806 105.6566809 20190810120720 
1 -0.1340 -0.1612 0.1495 21.0026806 105.6566809 20190810120720 
1 -0.1518 0.1801 0.9393 21.0026806 105.6566809 20190810120720 
1 0.1569 -0.1624 0.5168 21.0026806 105.6566809 20190810120720 
1 -0.0484 0.2812 0.1658 21.0026806 105.6566809 20190810120720 
1 0.0290 -0.2136 -0.3843 21.0026806 105.6566809 20190810120720 
1 -0.1668 0.4284 0.4831 21.0026806 105.6566809 20190810120720 
1 0.2031 -0.1733 0.1761 21.0026806 105.6566809 20190810120720 
1 0.1702 0.1546 0.0302 21.0026806 105.6566809 20190810120720 
1 0.0374 0.1168 -0.3980 21.0026806 105.6566809 20190810120720 
1 -0.0064 0.0349 -0.3185 21.0026806 105.6566809 20190810120720 
1 0.0433 -0.2961 0.0078 21.0026806 105.6566809 20190810120720 
1 0.1703 -0.0363 0.0593 21.0026806 105.6566809 20190810120720 
1 0.0221 0.0900 -0.3294 21.0026806 105.6566809 20190810120720 
1 -0.0735 -0.0350 -0.2492 21.0026806 105.6566809 20190810120720 
1 -0.1047 -0.1026 -0.2326 21.0026806 105.6566809 20190810120720 
1 0.0661 -0.1260 -0.4567 21.0026806 105.6566809 20190810120720 
1 0.1419 -0.1431 -0.8692 21.0026806 105.6566809 20190810120720 
1 -0.0370 0.0400 -0.7036 21.0026806 105.6566809 20190810120720 
1 0.1150 -0.2904 -0.9875 21.0026741 105.6568126 20190810120720 
1 0.0103 -0.2825 -0.3065 21.0026741 105.6568126 20190810120720 
1 0.1308 -0.1757 -0.1154 21.0026741 105.6568126 20190810120720 
1 0.0707 0.0944 -0.3838 21.0026741 105.6568126 20190810120720 
1 0.0221 -0.2855 -0.2822 21.0026741 105.6568126 20190810120720 
1 -0.1346 0.2052 0.4311 21.0026741 105.6568126 20190810120720 
1 0.1182 -0.2798 -0.1043 21.0026741 105.6568126 20190810120720 
1 0.3007 -0.0381 -0.1806 21.0026741 105.6568126 20190810120720 
1 -0.1609 -0.3069 0.0537 21.0026741 105.6568126 20190810120720 
1 0.0527 0.0207 -0.1755 21.0026741 105.6568126 20190810120720 
1 0.2313 -0.3342 -0.8375 21.0026741 105.6568126 20190810120720 
1 0.0069 -0.0436 0.1466 21.0026741 105.6568126 20190810120720 
1 -0.0291 0.0637 -0.1174 21.0026741 105.6568126 20190810120720 
1 0.0808 0.0620 -0.2557 21.0026741 105.6568126 20190810120720 
1 0.1254 0.0164 0.0605 21.0026741 105.6568126 20190810120720 
1 -0.0317 0.2204 0.2136 21.0026741 105.6568126 20190810120720 
1 0.0708 0.1192 0.1744 21.0026741 105.6568126 20190810120720 
1 -0.0240 0.0119 0.0244 21.0026741 105.6568126 20190810120720 
1 0.0374 0.0898 0.4032 21.0026741 105.6568126 20190810120720 
1 0.1575 -0.0633 -0.1690 21.0026741 105.6568126 20190810120720 
1 -0.1282 0.0287 0.1418 21.0026741 105.6568126 20190810120720 
1 -0.0051 -0.2552 0.2410 21.0026741 105.6568126 20190810120720 
1 0.1093 0.0740 0.4012 21.0026741 105.6568126 20190810120720 
1 0.1043 -0.0953 0.3470 21.0026741 105.6568126 20190810120720 
1 0.0199 -0.0123 0.2662 21.0026741 105.6568126 20190810120720 
1 0.0165 -0.1148 0.2400 21.0026741 105.6568126 20190810120720 
1 0.1341 0.2433 0.1968 21.0026741 105.6568126 20190810120720 
1 0.1065 -0.2101 0.0264 21.0026741 105.6568126 20190810120720 
1 0.1249 0.0591 0.5214 21.0026741 105.6568126 20190810120720 
1 0.0991 -0.1050 0.1799 21.0026741 105.6568126 20190810120721 
1 0.1477 -0.0410 0.3081 21.0026741 105.6568126 20190810120721 
1 0.0987 -0.2160 0.1719 21.0026741 105.6568126 20190810120721 
1 0.1216 0.0077 -0.3248 21.0026741 105.6568126 20190810120721 
1 0.1339 -0.2079 -0.2040 21.0026741 105.6568126 20190810120721 
1 0.0869 -0.0375 0.0312 21.0026741 105.6568126 20190810120721 
1 0.1552 -0.0946 -0.2367 21.0026741 105.6568126 20190810120721 
1 0.0761 -0.0082 -0.3766 21.0026741 105.6568126 20190810120721 
1 0.0003 -0.0916 -0.1059 21.0026741 105.6568126 20190810120721 
1 0.0445 0.0075 0.0269 21.0026741 105.6568126 20190810120721 
1 0.1479 -0.1720 -0.2738 21.0026741 105.6568126 20190810120721 
1 0.0335 0.1145 -0.1213 21.0026741 105.6568126 20190810120721 
1 0.0210 -0.2460 -0.2974 21.0026741 105.6568126 20190810120721 
1 0.1318 0.0811 0.0470 21.0026741 105.6568126 20190810120721 
1 0.0659 -0.1784 0.0265 21.0026741 105.6568126 20190810120721 
1 0.1488 -0.0768 0.1133 21.0026741 105.6568126 20190810120721 
1 0.0449 0.0803 -0.0022 21.0026741 105.6568126 20190810120721 
1 0.1043 -0.1714 -0.2178 21.0026741 105.6568126 20190810120721 
1 0.0339 0.1399 0.2651 21.0026741 105.6568126 20190810120721 
1 0.0847 -0.0023 -0.0172 21.0026718 105.6569531 20190810120721 
1 0.2533 -0.1223 -0.0566 21.0026718 105.6569531 20190810120721 
1 0.0388 0.1152 0.2101 21.0026718 105.6569531 20190810120721 
1 0.0948 -0.0588 -0.1016 21.0026718 105.6569531 20190810120721 
1 0.1873 -0.0819 -0.1392 21.0026718 105.6569531 20190810120721 
1 0.0900 -0.1508 -0.2430 21.0026718 105.6569531 20190810120721 
1 0.1047 0.1806 -0.0796 21.0026718 105.6569531 20190810120721 
1 0.0716 -0.1648 -0.3892 21.0026718 105.6569531 20190810120721 
1 0.0967 -0.0673 -0.0251 21.0026718 105.6569531 20190810120721 
1 0.0973 -0.0288 -0.1973 21.0026718 105.6569531 20190810120721 
1 0.1932 0.1189 -0.1824 21.0026718 105.6569531 20190810120721 
1 0.0028 -0.1511 -0.2844 21.0026718 105.6569531 20190810120721 
1 0.1294 -0.0959 -0.2083 21.0026718 105.6569531 20190810120721 
1 0.0672 0.1243 -0.1964 21.0026718 105.6569531 20190810120721 
1 0.0628 -0.0284 -0.2853 21.0026718 105.6569531 20190810120721 
1 0.1481 0.0238 -0.0565 21.0026718 105.6569531 20190810120721 
1 -0.0008 0.1079 -0.1118 21.0026718 105.6569531 20190810120721 
1 0.1538 -0.0797 -0.0538 21.0026718 105.6569531 20190810120721 
1 0.1433 -0.0628 0.1364 21.0026718 105.6569531 20190810120721 
1 0.1116 0.0930 -0.2268 21.0026718 105.6569531 20190810120721 
1 0.0188 0.0128 0.1429 21.0026718 105.6569531 20190810120721 
1 0.0732 -0.2718 0.0677 21.0026718 105.6569531 20190810120721 
1 0.1526 0.0790 0.0720 21.0026718 105.6569531 20190810120721 
1 0.0662 -0.0277 0.0641 21.0026718 105.6569531 20190810120721 
1 0.0910 -0.0273 0.0577 21.0026718 105.6569531 20190810120721 
1 0.1592 -0.1160 -0.0555 21.0026718 105.6569531 20190810120721 
1 0.1263 -0.0138 -0.3405 21.0026718 105.6569531 20190810120721 
1 0.1200 0.0620 -0.0458 21.0026718 105.6569531 20190810120721 
1 0.0767 -0.1961 -0.2245 21.0026718 105.6569531 20190810120722 
1 0.1421 0.1386 0.0380 21.0026718 105.6569531 20190810120722 
1 0.0135 -0.1885 0.3234 21.0026718 105.6569531 20190810120722 
1 0.2369 -0.1236 0.0360 21.0026718 105.6569531 20190810120722 
1 0.1284 -0.2995 -0.3643 21.0026718 105.6569531 20190810120722 
1 -0.1719 0.1515 0.2638 21.0026718 105.6569531 20190810120722 
1 0.2009 -0.2660 -0.2175 21.0026718 105.6569531 20190810120722 
1 0.1148 -0.0402 -0.1606 21.0026718 105.6569531 20190810120722 
1 0.0976 0.1083 0.0042 21.0026718 105.6569531 20190810120722 
1 -0.0105 0.2758 -0.0821 21.0026718 105.6569531 20190810120722 
1 0.0554 -0.2191 0.2072 21.0026718 105.6569531 20190810120722 
1 0.2281 0.2443 0.1558 21.0026718 105.6569531 20190810120722 
1 -0.0124 0.1295 0.2587 21.0026718 105.6569531 20190810120722 
1 0.0950 -0.1494 0.1962 21.0026718 105.6569531 20190810120722 
1 -0.0700 0.0925 0.3158 21.0026718 105.6569531 20190810120722 
1 0.1643 -0.1156 0.2600 21.0026718 105.6569531 20190810120722 
1 0.2154 0.0040 0.2118 21.0026718 105.6569531 20190810120722 
1 -0.0714 -0.1333 0.1834 21.0026718 105.6569531 20190810120722 
1 0.0449 0.1324 0.1282 21.0026718 105.6569531 20190810120722 
1 0.1494 0.0910 0.1034 21.0026718 105.6569531 20190810120722 
1 0.1877 0.0458 0.2457 21.0026718 105.6569531 20190810120722 
1 0.0219 -0.1584 -0.0216 21.0026718 105.6569531 20190810120722 
1 0.0837 0.1373 0.0729 21.0026689 105.6570922 20190810120722 
1 0.1172 -0.1805 0.0583 21.0026689 105.6570922 20190810120722 
1 0.1645 -0.1679 0.0228 21.0026689 105.6570922 20190810120722 
1 0.1101 0.0806 0.0822 21.0026689 105.6570922 20190810120722 
1 0.0034 -0.1214 -0.2509 21.0026689 105.6570922 20190810120722 
1 0.1607 -0.0426 -0.1605 21.0026689 105.6570922 20190810120722 
1 0.0735 0.0337 -0.1893 21.0026689 105.6570922 20190810120722 
1 0.1663 -0.0696 -0.3162 21.0026689 105.6570922 20190810120722 
1 0.0414 -0.0586 0.0903 21.0026689 105.6570922 20190810120722 
1 0.0780 -0.3837 -0.0588 21.0026689 105.6570922 20190810120722 
1 0.1356 0.0223 -0.1257 21.0026689 105.6570922 20190810120722 
1 0.0071 -0.1403 -0.1658 21.0026689 105.6570922 20190810120722 
1 0.1576 -0.1962 -0.2304 21.0026689 105.6570922 20190810120722 
1 -0.0346 0.0109 -0.1063 21.0026689 105.6570922 20190810120722 
1 0.1417 -0.0393 -0.4444 21.0026689 105.6570922 20190810120722 
1 0.1364 -0.0049 -0.2605 21.0026689 105.6570922 20190810120722 
1 0.0096 -0.2270 -0.2263 21.0026689 105.6570922 20190810120722 
1 0.1413 0.0716 0.2257 21.0026689 105.6570922 20190810120722 
1 0.0827 -0.0540 -0.1130 21.0026689 105.6570922 20190810120722 
1 0.2776 -0.1672 -0.3750 21.0026689 105.6570922 20190810120722 
1 0.0837 0.0562 -0.4266 21.0026689 105.6570922 20190810120722 
1 -0.0637 -0.0815 0.0529 21.0026689 105.6570922 20190810120722 
1 0.1007 -0.3531 0.2957 21.0026689 105.6570922 20190810120722 
1 0.1576 -0.1993 0.1347 21.0026689 105.6570922 20190810120722 
1 -0.0221 0.0651 0.3237 21.0026689 105.6570922 20190810120722 
1 -0.0899 -0.0694 0.2310 21.0026689 105.6570922 20190810120722 
1 0.1019 -0.2884 0.0337 21.0026689 105.6570922 20190810120722 
1 0.0168 0.1432 0.0105 21.0026689 105.6570922 20190810120722 
1 0.0319 0.2735 -0.1880 21.0026689 105.6570922 20190810120723 
1 0.0119 0.1149 -0.2595 21.0026689 105.6570922 20190810120723 
1 0.0900 -0.2317 -0.2282 21.0026689 105.6570922 20190810120723 
1 0.0418 0.1102 0.6736 21.0026689 105.6570922 20190810120723 
1 0.0366 -0.1527 0.7421 21.0026689 105.6570922 20190810120723 
1 0.1470 -0.0293 0.4461 21.0026689 105.6570922 20190810120723 
1 0.0276 -0.3136 0.3227 21.0026689 105.6570922 20190810120723 
1 -0.0379 0.1630 0.5139 21.0026689 105.6570922 20190810120723 
1 0.1033 -0.2884 0.1778 21.0026689 105.6570922 20190810120723 
1 0.1749 -0.0839 0.0045 21.0026689 105.6570922 20190810120723 
1 0.0634 0.0320 0.0635 21.0026689 105.6570922 20190810120723 
1 -0.0429 0.1015 0.1579 21.0026689 105.6570922 20190810120723 
1 0.1777 -0.1937 -0.0914 21.0026689 105.6570922 20190810120723 
1 0.0060 0.0970 0.0127 21.0026689 105.6570922 20190810120723 
1 0.1133 0.0561 -0.1939 21.0026689 105.6570922 20190810120723 
1 -0.0006 -0.1322 0.1518 21.0026689 105.6570922 20190810120723 
1 -0.0519 -0.4000 -0.0734 21.0026689 105.6570922 20190810120723 
1 0.2191 -0.0224 -0.0344 21.0026689 105.6570922 20190810120723 
1 -0.0356 -0.0442 -0.0143 21.0026689 105.6570922 20190810120723 
1 0.1235 -0.2005 -0.2615 21.0026689 105.6570922 20190810120723 
1 0.0904 -0.0795 -0.2869 21.0026689 105.6570922 20190810120723 
1 -0.0114 -0.0903 -0.2610 21.0026695 105.6572261 20190810120723 
1 0.1330 -0.0387 0.1811 21.0026695 105.6572261 20190810120723 
1 -0.0283 0.0695 0.1225 21.0026695 105.6572261 20190810120723 
1 0.1986 -0.2110 -0.1622 21.0026695 105.6572261 20190810120723 
1 0.0099 0.1804 0.0632 21.0026695 105.6572261 20190810120723 
1 0.1050 -0.2217 -0.2156 21.0026695 105.6572261 20190810120723 
1 0.0418 0.1131 -0.0507 21.0026695 105.6572261 20190810120723 
1 -0.0699 -0.0851 -0.2390 21.0026695 105.6572261 20190810120723 
1 0.2075 -0.0894 -0.1789 21.0026695 105.6572261 20190810120723 
1 0.0006 -0.1306 0.0651 21.0026695 105.6572261 20190810120723 
1 -0.0237 -0.0917 0.1883 21.0026695 105.6572261 20190810120723 
1 0.1435 -0.2276 -0.1861 21.0026695 105.6572261 20190810120723 
1 0.0373 0.0367 0.1103 21.0026695 105.6572261 20190810120723 
1 0.1477 -0.0572 -0.3260 21.0026695 105.6572261 20190810120723 
1 -0.1557 0.0718 -0.0891 21.0026695 105.6572261 20190810120723 
1 -0.0544 -0.1561 0.1763 21.0026695 105.6572261 20190810120723 
1 0.1146 0.0790 0.1611 21.0026695 105.6572261 20190810120723 
1 0.0650 -0.0298 0.1239 21.0026695 105.6572261 20190810120723 
1 -0.1179 -0.0712 0.1435 21.0026695 105.6572261 20190810120723 
1 -0.0082 -0.2693 0.1254 21.0026695 105.6572261 20190810120723 
1 0.0928 -0.0522 0.0477 21.0026695 105.6572261 20190810120723 
1 0.0474 0.0544 -0.0492 21.0026695 105.6572261 20190810120723 
1 0.0502 -0.1060 0.0100 21.0026695 105.6572261 20190810120723 
1 0.0027 -0.1138 0.2854 21.0026695 105.6572261 20190810120723 
1 0.0974 0.0435 0.2791 21.0026695 105.6572261 20190810120723 
1 0.0583 -0.0456 0.0150 21.0026695 105.6572261 20190810120723 
1 0.0647 -0.1536 0.2370 21.0026695 105.6572261 20190810120723 
1 0.0759 -0.1471 0.2291 21.0026695 105.6572261 20190810120723 
1 0.0202 0.0259 0.0231 21.0026695 105.6572261 20190810120724 
1 0.2268 -0.2124 -0.2146 21.0026695 105.6572261 20190810120724 
1 -0.0219 -0.0754 -0.0139 21.0026695 105.6572261 20190810120724 
1 0.0771 -0.1018 -0.1702 21.0026695 105.6572261 20190810120724 
1 -0.0131 0.0719 -0.2074 21.0026695 105.6572261 20190810120724 
1 -0.0207 0.0431 -0.1497 21.0026695 105.6572261 20190810120724 
1 0.1259 0.1801 -0.1863 21.0026695 105.6572261 20190810120724 
1 -0.0570 -0.0777 -0.1740 21.0026695 105.6572261 20190810120724 
1 0.0274 -0.0603 0.0389 21.0026695 105.6572261 20190810120724 
1 0.0250 0.0411 0.0264 21.0026695 105.6572261 20190810120724 
1 0.0664 -0.1344 -0.3090 21.0026695 105.6572261 20190810120724 
1 0.0342 -0.0449 -0.0949 21.0026695 105.6572261 20190810120724 
1 0.0053 -0.0415 -0.1217 21.0026695 105.6572261 20190810120724 
1 0.0469 0.0474 0.0229 21.0026695 105.6572261 20190810120724 
1 0.0139 -0.1652 -0.2400 21.0026695 105.6572261 20190810120724 
1 0.1077 0.0977 0.2043 21.0026695 105.6572261 20190810120724 
1 0.0787 -0.0609 0.0045 21.0026695 105.6572261 20190810120724 
1 0.0563 0.1011 0.2163 21.0026695 105.6572261 20190810120724 
1 0.2193 -0.0947 0.0181 21.0026695 105.6572261 20190810120724 
1 0.0027 0.1965 0.1992 21.0026695 105.6572261 20190810120724 
1 -0.0553 0.0513 -0.0163 21.0026695 105.6572261 20190810120724 
1 -0.0352 -0.0063 -0.0240 21.0026695 105.6572261 20190810120724 
1 0.0232 -0.0913 -0.1721 21.0026695 105.6572261 20190810120724 
1 -0.1079 0.0101 -0.1599 21.0026702 105.6573643 20190810120724 
1 0.0700 -0.0856 0.0112 21.0026702 105.6573643 20190810120724 
1 0.0810 -0.0954 0.2655 21.0026702 105.6573643 20190810120724 
1 0.0449 -0.0642 0.1046 21.0026702 105.6573643 20190810120724 
1 0.0381 -0.0619 -0.1072 21.0026702 105.6573643 20190810120724 
1 -0.0686 -0.0431 -0.2954 21.0026702 105.6573643 20190810120724 
1 0.0718 -0.0143 -0.0687 21.0026702 105.6573643 20190810120724 
1 -0.0065 -0.0500 0.0664 21.0026702 105.6573643 20190810120724 
1 0.0745 0.0600 0.0476 21.0026702 105.6573643 20190810120724 
1 0.0427 -0.1400 -0.0904 21.0026702 105.6573643 20190810120724 
1 -0.0657 0.0126 -0.0341 21.0026702 105.6573643 20190810120724 
1 -0.0898 -0.1193 0.1325 21.0026702 105.6573643 20190810120724 
1 -0.0904 -0.0328 0.1020 21.0026702 105.6573643 20190810120724 
1 0.2091 -0.1545 -0.0097 21.0026702 105.6573643 20190810120724 
1 0.0071 -0.0530 0.0392 21.0026702 105.6573643 20190810120724 
1 0.0019 -0.0460 -0.1478 21.0026702 105.6573643 20190810120724 
1 0.0194 -0.0835 -0.1158 21.0026702 105.6573643 20190810120724 
1 0.0520 -0.0918 -0.0507 21.0026702 105.6573643 20190810120724 
1 0.0867 0.1776 0.1211 21.0026702 105.6573643 20190810120724 
1 -0.0956 -0.0927 0.2161 21.0026702 105.6573643 20190810120724 
1 0.0408 0.0457 0.3579 21.0026702 105.6573643 20190810120724 
1 0.1676 -0.1253 0.0114 21.0026702 105.6573643 20190810120724 
1 0.1068 0.0849 0.0776 21.0026702 105.6573643 20190810120724 
1 -0.0453 0.0128 -0.1263 21.0026702 105.6573643 20190810120724 
1 -0.0817 -0.0102 -0.2268 21.0026702 105.6573643 20190810120724 
1 0.0795 0.0185 -0.0792 21.0026702 105.6573643 20190810120724 
1 -0.0358 0.1686 -0.2305 21.0026702 105.6573643 20190810120724 
1 0.0656 -0.0016 -0.3610 21.0026702 105.6573643 20190810120724 
1 0.0167 -0.1043 0.0642 21.0026702 105.6573643 20190810120725 
1 0.0701 -0.0861 -0.0378 21.0026702 105.6573643 20190810120725 
1 0.0111 0.0243 -0.0180 21.0026702 105.6573643 20190810120725 
1 -0.0705 -0.0806 -0.1006 21.0026702 105.6573643 20190810120725 
1 0.0396 -0.0497 0.0590 21.0026702 105.6573643 20190810120725 
1 -0.0488 0.1971 0.2886 21.0026702 105.6573643 20190810120725 
1 0.1577 -0.0292 -0.0941 21.0026702 105.6573643 20190810120725 
1 0.0521 -0.0554 0.0231 21.0026702 105.6573643 20190810120725 
1 0.0182 -0.1916 -0.0942 21.0026702 105.6573643 20190810120725 
1 0.0121 0.1408 0.0324 21.0026702 105.6573643 20190810120725 
1 0.0234 -0.1557 -0.1464 21.0026702 105.6573643 20190810120725 
1 0.1620 -0.0442 0.0215 21.0026702 105.6573643 20190810120725 
1 -0.1102 0.0545 0.1014 21.0026702 105.6573643 20190810120725 
1 0.0880 -0.2234 0.0108 21.0026702 105.6573643 20190810120725 
1 0.1151 -0.2277 0.2549 21.0026702 105.6573643 20190810120725 
1 0.0550 -0.0083 -0.0571 21.0026702 105.6573643 20190810120725 
1 0.1555 -0.2984 -0.2532 21.0026702 105.6573643 20190810120725 
1 -0.1004 -0.0564 -0.0160 21.0026702 105.6573643 20190810120725 
1 0.0910 -0.2001 -0.3397 21.0026702 105.6573643 20190810120725 
1 -0.0156 0.0294 0.0308 21.0026702 105.6573643 20190810120725 
1 0.2058 -0.2139 -0.2241 21.0026702 105.6573643 20190810120725 
1 -0.0784 0.1147 0.0316 21.0026702 105.6573643 20190810120725 
1 -0.0962 -0.2155 0.0542 21.0026683 105.6574987 20190810120725 
1 0.1566 0.0095 -0.0056 21.0026683 105.6574987 20190810120725 
1 0.1462 -0.2863 -0.4110 21.0026683 105.6574987 20190810120725 
1 -0.0659 0.0268 -0.1618 21.0026683 105.6574987 20190810120725 
1 -0.0608 -0.1010 -0.2221 21.0026683 105.6574987 20190810120725 
1 0.1709 -0.3516 -0.3921 21.0026683 105.6574987 20190810120725 
1 0.1455 -0.0935 0.0541 21.0026683 105.6574987 20190810120725 
1 0.0090 0.0261 -0.0851 21.0026683 105.6574987 20190810120725 
1 0.1043 -0.2008 0.0801 21.0026683 105.6574987 20190810120725 
1 -0.0419 -0.1331 0.1892 21.0026683 105.6574987 20190810120725 
1 -0.0174 0.1278 0.3958 21.0026683 105.6574987 20190810120725 
1 0.3141 -0.0187 -0.3144 21.0026683 105.6574987 20190810120725 
1 -0.0641 -0.2161 -0.0318 21.0026683 105.6574987 20190810120725 
1 -0.0578 0.0608 0.2951 21.0026683 105.6574987 20190810120725 
1 0.2955 -0.2000 -0.6314 21.0026683 105.6574987 20190810120725 
1 0.0901 -0.2044 0.1308 21.0026683 105.6574987 20190810120725 
1 -0.1020 0.1016 0.2468 21.0026683 105.6574987 20190810120725 
1 0.0566 0.1689 -0.1483 21.0026683 105.6574987 20190810120725 
1 0.1738 -0.2298 -0.0752 21.0026683 105.6574987 20190810120725 
1 -0.0610 0.0722 0.2761 21.0026683 105.6574987 20190810120725 
1 0.0531 0.3790 0.3000 21.0026683 105.6574987 20190810120725 
1 0.1751 -0.5454 -0.6351 21.0026683 105.6574987 20190810120725 
1 -0.1082 0.3018 0.5824 21.0026683 105.6574987 20190810120725 
1 0.1713 -0.4442 -0.3621 21.0026683 105.6574987 20190810120725 
1 0.1182 0.1221 -0.1023 21.0026683 105.6574987 20190810120725 
1 -0.1330 -0.2654 0.1324 21.0026683 105.6574987 20190810120726 
1 0.1193 0.1778 0.0140 21.0026683 105.6574987 20190810120726 
1 0.1096 -0.1997 -0.1708 21.0026683 105.6574987 20190810120726 
1 0.0260 -0.0442 0.1879 21.0026683 105.6574987 20190810120726 
1 0.0722 -0.0597 -0.1016 21.0026683 105.6574987 20190810120726 
1 -0.1096 -0.0795 0.2461 21.0026683 105.6574987 20190810120726 
1 0.1979 -0.2628 -0.0632 21.0026683 105.6574987 20190810120726 
1 -0.0050 -0.0768 -0.0306 21.0026683 105.6574987 20190810120726 
1 -0.0444 -0.0311 0.0428 21.0026683 105.6574987 20190810120726 
1 0.0744 -0.1828 0.1841 21.0026683 105.6574987 20190810120726 
1 0.0845 -0.2035 0.0295 21.0026683 105.6574987 20190810120726 
1 0.1374 -0.1973 -0.1744 21.0026683 105.6574987 20190810120726 
1 -0.0776 0.0613 0.1659 21.0026683 105.6574987 20190810120726 
1 0.1168 -0.4096 -0.0690 21.0026683 105.6574987 20190810120726 
1 0.0941 0.0435 0.1051 21.0026683 105.6574987 20190810120726 
1 0.0177 -0.1110 0.1530 21.0026683 105.6574987 20190810120726 
1 0.1618 -0.0413 0.1003 21.0026683 105.6574987 20190810120726 
1 -0.1553 0.0935 0.4037 21.0026683 105.6574987 20190810120726 
1 0.2245 -0.1844 -0.1116 21.0026683 105.6574987 20190810120726 
1 0.1268 -0.1083 -0.1843 21.0026683 105.6574987 20190810120726 
1 -0.0652 0.0986 0.1574 21.0026683 105.6574987 20190810120726 
1 0.2279 -0.3554 -0.5401 21.0026683 105.6574987 20190810120726 
1 0.0037 0.0022 0.0681 21.0026683 105.6574987 20190810120726 
1 0.2199 -0.0911 -0.2870 21.0026635 105.6576372 20190810120726 
1 0.0404 -0.0743 -0.2159 21.0026635 105.6576372 20190810120726 
1 0.0517 -0.2764 0.0639 21.0026635 105.6576372 20190810120726 
1 0.1090 0.2074 -0.1054 21.0026635 105.6576372 20190810120726 
1 0.1808 -0.2103 -0.1826 21.0026635 105.6576372 20190810120726 
1 0.1433 0.2021 -0.0119 21.0026635 105.6576372 20190810120726 
1 0.0306 -0.2269 -0.3895 21.0026635 105.6576372 20190810120726 
1 0.1345 0.0076 -0.0664 21.0026635 105.6576372 20190810120726 
1 0.1325 -0.0459 -0.0176 21.0026635 105.6576372 20190810120726 
1 0.1722 -0.2223 -0.5227 21.0026635 105.6576372 20190810120726 
1 0.0385 -0.1888 -0.0470 21.0026635 105.6576372 20190810120726 
1 -0.0929 0.0379 -0.0655 21.0026635 105.6576372 20190810120726 
1 0.1410 -0.0679 -0.2705 21.0026635 105.6576372 20190810120726 
1 0.0443 -0.0415 -0.2518 21.0026635 105.6576372 20190810120726 
1 0.0447 0.1732 -0.2356 21.0026635 105.6576372 20190810120726 
1 -0.0051 -0.2270 -0.1463 21.0026635 105.6576372 20190810120726 
1 -0.0313 0.1113 0.5539 21.0026635 105.6576372 20190810120726 
1 0.1708 -0.2176 0.0788 21.0026635 105.6576372 20190810120726 
1 -0.0571 0.0739 0.2794 21.0026635 105.6576372 20190810120726 
1 -0.0227 -0.1235 0.2820 21.0026635 105.6576372 20190810120726 
1 -0.1298 0.0929 0.4632 21.0026635 105.6576372 20190810120726 
1 0.1449 -0.0162 0.5139 21.0026635 105.6576372 20190810120726 
1 0.0109 0.1262 0.9660 21.0026635 105.6576372 20190810120726 
1 -0.0581 0.1135 0.5471 21.0026635 105.6576372 20190810120726 
1 0.0032 -0.0560 0.1078 21.0026635 105.6576372 20190810120726 
1 0.0312 0.0134 0.1641 21.0026635 105.6576372 20190810120726 
1 0.0834 0.1437 0.0160 21.0026635 105.6576372 20190810120726 
1 -0.0114 -0.0753 0.2448 21.0026635 105.6576372 20190810120726 
1 0.0561 -0.0765 0.4084 21.0026635 105.6576372 20190810120726 
1 0.0041 -0.0123 0.1479 21.0026635 105.6576372 20190810120727 
1 -0.0694 -0.0462 0.3740 21.0026635 105.6576372 20190810120727 
1 0.0561 -0.1778 -0.0041 21.0026635 105.6576372 20190810120727 
1 -0.1064 0.0178 0.0539 21.0026635 105.6576372 20190810120727 
1 0.0294 -0.1673 -0.0050 21.0026635 105.6576372 20190810120727 
1 -0.0947 0.1650 -0.3071 21.0026635 105.6576372 20190810120727 
1 -0.0490 -0.1762 -0.6585 21.0026635 105.6576372 20190810120727 
1 -0.1309 -0.0407 -0.2964 21.0026635 105.6576372 20190810120727 
1 -0.2247 0.0021 -0.3720 21.0026635 105.6576372 20190810120727 
1 -0.0652 -0.1102 -0.1282 21.0026635 105.6576372 20190810120727 
1 -0.1406 0.0858 -0.1143 21.0026635 105.6576372 20190810120727 
1 -0.0717 -0.2424 -0.2624 21.0026635 105.6576372 20190810120727 
1 -0.2087 -0.1424 -0.2377 21.0026635 105.6576372 20190810120727 
1 -0.4675 0.0118 -0.0447 21.0026635 105.6576372 20190810120727 
1 -0.5336 -0.1018 -0.0305 21.0026635 105.6576372 20190810120727 
1 0.0223 0.0562 0.1935 21.0026635 105.6576372 20190810120727 
1 -0.1697 -0.0024 0.2259 21.0026635 105.6576372 20190810120727 
1 -0.9214 0.1722 0.3965 21.0026635 105.6576372 20190810120727 
1 -0.5041 0.1113 0.4343 21.0026635 105.6576372 20190810120727 
1 -0.0214 -0.0800 0.1691 21.0026635 105.6576372 20190810120727 
1 -0.3762 0.0517 0.1776 21.0026635 105.6576372 20190810120727 
1 -0.7743 0.2456 0.5572 21.0026635 105.6576372 20190810120727 
1 -0.3310 -0.0793 0.1668 21.0026651 105.6577678 20190810120727 
1 0.1224 -0.1037 0.2487 21.0026651 105.6577678 20190810120727 
1 -0.1386 -0.1301 0.4097 21.0026651 105.6577678 20190810120727 
1 -0.5103 -0.1096 0.4448 21.0026651 105.6577678 20190810120727 
1 -0.6417 0.0699 0.6518 21.0026651 105.6577678 20190810120727 
1 -0.2609 0.0048 0.4093 21.0026651 105.6577678 20190810120727 
1 -0.0059 -0.0868 0.4236 21.0026651 105.6577678 20190810120727 
1 -0.2602 -0.1442 0.0903 21.0026651 105.6577678 20190810120727 
1 -0.6204 0.3452 0.1988 21.0026651 105.6577678 20190810120727 
1 -0.3099 -0.0366 -0.3602 21.0026651 105.6577678 20190810120727 
1 -0.1059 0.0285 0.0981 21.0026651 105.6577678 20190810120727 
1 -0.1554 -0.1699 -0.1047 21.0026651 105.6577678 20190810120727 
1 -0.3305 -0.0182 -0.2287 21.0026651 105.6577678 20190810120727 
1 -0.3296 -0.1004 -0.1710 21.0026651 105.6577678 20190810120727 
1 -0.2952 0.0311 -0.1503 21.0026651 105.6577678 20190810120727 
1 -0.0602 -0.0118 -0.3960 21.0026651 105.6577678 20190810120727 
1 -0.3112 -0.1577 -0.1622 21.0026651 105.6577678 20190810120727 
1 -0.3406 0.2484 -0.1974 21.0026651 105.6577678 20190810120727 
1 -0.3478 0.0438 -0.3782 21.0026651 105.6577678 20190810120727 
1 -0.2646 -0.0248 -0.1700 21.0026651 105.6577678 20190810120727 
1 -0.1042 0.0547 -0.3028 21.0026651 105.6577678 20190810120727 
1 -0.3860 -0.0516 -0.3198 21.0026651 105.6577678 20190810120727 
1 -0.2428 -0.0850 -0.1850 21.0026651 105.6577678 20190810120727 
1 -0.4336 -0.1232 -0.3820 21.0026651 105.6577678 20190810120727 
1 -0.2645 -0.1143 -0.3678 21.0026651 105.6577678 20190810120727 
1 -0.2369 0.0705 -0.3080 21.0026651 105.6577678 20190810120727 
1 -0.3847 -0.1435 -0.3304 21.0026651 105.6577678 20190810120727 
1 -0.1879 -0.0330 -0.2310 21.0026651 105.6577678 20190810120728 
1 -0.3410 -0.1880 -0.1250 21.0026651 105.6577678 20190810120728 
1 -0.2899 0.0513 0.0639 21.0026651 105.6577678 20190810120728 
1 -0.2219 -0.1262 -0.2125 21.0026651 105.6577678 20190810120728 
1 -0.4600 0.0068 0.1298 21.0026651 105.6577678 20190810120728 
1 -0.1460 -0.3420 -0.0388 21.0026651 105.6577678 20190810120728 
1 -0.3436 0.1487 0.1918 21.0026651 105.6577678 20190810120728 
1 -0.3339 -0.0392 0.1219 21.0026651 105.6577678 20190810120728 
1 -0.2828 -0.0932 0.1640 21.0026651 105.6577678 20190810120728 
1 -0.3159 -0.1646 0.1518 21.0026651 105.6577678 20190810120728 
1 -0.1338 0.2426 0.1099 21.0026651 105.6577678 20190810120728 
1 -0.2257 -0.1309 -0.0692 21.0026651 105.6577678 20190810120728 
1 -0.1788 -0.0564 0.0404 21.0026651 105.6577678 20190810120728 
1 -0.2140 0.1554 -0.1331 21.0026651 105.6577678 20190810120728 
1 -0.2396 0.1942 0.0896 21.0026651 105.6577678 20190810120728 
1 -0.0259 0.2335 0.4175 21.0026651 105.6577678 20190810120728 
1 -0.1773 -0.1977 0.0634 21.0026651 105.6577678 20190810120728 
1 -0.1995 0.2518 0.2331 21.0026651 105.6577678 20190810120728 
1 -0.2110 -0.0874 0.0502 21.0026651 105.6577678 20190810120728 
1 -0.1834 -0.0048 0.1626 21.0026651 105.6577678 20190810120728 
1 -0.1104 -0.0748 -0.0898 21.0026717 105.6578988 20190810120728 
1 -0.3080 0.0749 0.0276 21.0026717 105.6578988 20190810120728 
1 -0.0959 0.1122 0.2950 21.0026717 105.6578988 20190810120728 
1 -0.1732 0.0767 0.2806 21.0026717 105.6578988 20190810120728 
1 -0.1534 0.2355 0.5467 21.0026717 105.6578988 20190810120728 
1 -0.2181 0.3699 0.4787 21.0026717 105.6578988 20190810120728 
1 -0.1246 0.0019 0.0572 21.0026717 105.6578988 20190810120728 
1 -0.2307 0.1464 0.2989 21.0026717 105.6578988 20190810120728 
1 -0.1529 0.1277 0.1709 21.0026717 105.6578988 20190810120728 
1 -0.1333 0.1536 0.3190 21.0026717 105.6578988 20190810120728 
1 -0.2300 0.0877 0.4165 21.0026717 105.6578988 20190810120728 
1 -0.1410 0.1141 0.2730 21.0026717 105.6578988 20190810120728 
1 -0.0868 0.2570 0.0992 21.0026717 105.6578988 20190810120728 
1 -0.1321 0.1145 -0.0081 21.0026717 105.6578988 20190810120728 
1 -0.1068 0.2996 0.2515 21.0026717 105.6578988 20190810120728 
1 -0.0951 0.1887 0.1704 21.0026717 105.6578988 20190810120728 
1 -0.0966 0.1679 -0.1378 21.0026717 105.6578988 20190810120728 
1 -0.0671 0.3227 0.0231 21.0026717 105.6578988 20190810120728 
1 -0.1399 -0.2132 -0.2133 21.0026717 105.6578988 20190810120728 
1 -0.0885 0.0875 0.2190 21.0026717 105.6578988 20190810120728 
1 -0.0949 0.0361 -0.0414 21.0026717 105.6578988 20190810120728 
1 0.0719 -0.2392 -0.4245 21.0026717 105.6578988 20190810120728 
1 -0.2628 0.1245 -0.2035 21.0026717 105.6578988 20190810120728 
1 -0.1350 -0.0541 -0.5939 21.0026717 105.6578988 20190810120728 
1 0.0128 0.0510 -0.2544 21.0026717 105.6578988 20190810120728 
1 -0.2240 0.1489 0.0081 21.0026717 105.6578988 20190810120728 
1 0.0651 0.1092 -0.2977 21.0026717 105.6578988 20190810120728 
1 -0.1559 -0.0018 -0.5490 21.0026717 105.6578988 20190810120728 
1 -0.1034 0.1733 -0.3608 21.0026717 105.6578988 20190810120729 
1 0.0140 -0.2461 -0.4009 21.0026717 105.6578988 20190810120729 
1 -0.1422 0.1296 -0.1730 21.0026717 105.6578988 20190810120729 
1 0.0051 -0.1564 -0.3834 21.0026717 105.6578988 20190810120729 
1 -0.1114 0.0097 0.0994 21.0026717 105.6578988 20190810120729 
1 -0.0965 -0.0745 -0.0920 21.0026717 105.6578988 20190810120729 
1 -0.0822 0.0600 -0.0320 21.0026717 105.6578988 20190810120729 
1 -0.0467 0.0599 -0.2120 21.0026717 105.6578988 20190810120729 
1 0.0760 -0.0663 -0.1001 21.0026717 105.6578988 20190810120729 
1 -0.1781 0.1608 0.0202 21.0026717 105.6578988 20190810120729 
1 -0.1843 0.1864 -0.1226 21.0026717 105.6578988 20190810120729 
1 -0.6001 0.5292 1.2607 21.0026717 105.6578988 20190810120729 
1 -0.4031 0.0564 1.1669 21.0026717 105.6578988 20190810120729 
1 -0.3704 0.6460 1.7306 21.0026717 105.6578988 20190810120729 
1 -0.0509 0.1507 0.1789 21.0026717 105.6578988 20190810120729 
1 -0.3715 0.3198 0.7087 21.0026717 105.6578988 20190810120729 
1 0.0354 -0.4260 0.3112 21.0026717 105.6578988 20190810120729 
1 -0.0339 0.4186 0.4935 21.0026717 105.6578988 20190810120729 
1 0.1377 -0.3930 0.1352 21.0026717 105.6578988 20190810120729 
1 0.0887 0.2722 -0.3028 21.0026717 105.6578988 20190810120729 
1 0.3988 0.1382 -0.6268 21.0026717 105.6578988 20190810120729 
1 0.0286 0.2057 1.1059 21.0026717 105.6578988 20190810120729 
1 -0.2231 0.7376 3.1682 21.0026725 105.658028 20190810120729 
1 0.5009 -0.5426 0.9527 21.0026725 105.658028 20190810120729 
1 0.4039 0.5835 -0.4111 21.0026725 105.658028 20190810120729 
1 -0.2744 0.3479 -0.5291 21.0026725 105.658028 20190810120729 
1 0.1030 0.0863 -1.9803 21.0026725 105.658028 20190810120729 
1 0.3669 -0.6047 -1.0950 21.0026725 105.658028 20190810120729 
1 0.1352 -0.1391 0.5398 21.0026725 105.658028 20190810120729 
1 0.4070 -0.0664 -1.8948 21.0026725 105.658028 20190810120729 
1 -0.0719 0.1143 -2.1940 21.0026725 105.658028 20190810120729 
1 -0.3207 -0.4706 -1.4760 21.0026725 105.658028 20190810120729 
1 0.0577 0.7811 0.0071 21.0026725 105.658028 20190810120729 
1 0.0432 -0.4424 0.1864 21.0026725 105.658028 20190810120729 
1 -0.1243 0.4318 0.0875 21.0026725 105.658028 20190810120729 
1 -0.0235 0.2741 -1.0059 21.0026725 105.658028 20190810120729 
1 -0.1472 -0.1118 -1.2357 21.0026725 105.658028 20190810120729 
1 -0.0304 0.0349 -1.0751 21.0026725 105.658028 20190810120729 
1 0.3155 -0.5485 -0.6558 21.0026725 105.658028 20190810120729 
1 -0.0109 -0.0241 0.3947 21.0026725 105.658028 20190810120729 
1 -0.0459 0.0268 -0.0109 21.0026725 105.658028 20190810120729 
1 0.1227 -0.4370 -0.0240 21.0026725 105.658028 20190810120729 
1 -0.0333 -0.3156 1.0594 21.0026725 105.658028 20190810120729 
1 -0.1443 0.6819 1.5759 21.0026725 105.658028 20190810120729 
1 0.2847 0.2029 0.9834 21.0026725 105.658028 20190810120729 
1 0.6563 -0.5769 -0.2350 21.0026725 105.658028 20190810120729 
1 -0.7207 0.4938 0.7745 21.0026725 105.658028 20190810120729 
1 -0.3179 0.3292 0.7909 21.0026725 105.658028 20190810120729 
1 0.4056 0.0345 1.0559 21.0026725 105.658028 20190810120729 
1 0.1567 -0.3538 0.9316 21.0026725 105.658028 20190810120729 
1 -0.2910 0.7320 0.7931 21.0026725 105.658028 20190810120730 
1 -0.4384 -0.3823 0.1235 21.0026725 105.658028 20190810120730 
1 -0.2353 -0.3593 1.4335 21.0026725 105.658028 20190810120730 
1 0.1402 0.1700 1.6167 21.0026725 105.658028 20190810120730 
1 -0.1981 0.5741 0.5353 21.0026725 105.658028 20190810120730 
1 -0.0845 -0.3702 0.0629 21.0026725 105.658028 20190810120730 
1 -0.1277 -0.2727 0.3531 21.0026725 105.658028 20190810120730 
1 -0.2577 0.8699 1.5876 21.0026725 105.658028 20190810120730 
1 0.2542 0.0977 1.5902 21.0026725 105.658028 20190810120730 
1 0.3382 -0.2998 0.5447 21.0026725 105.658028 20190810120730 
1 0.2467 0.0513 -0.4104 21.0026725 105.658028 20190810120730 
1 -0.0829 0.1336 0.2702 21.0026725 105.658028 20190810120730 
1 0.2981 -0.0259 0.2477 21.0026725 105.658028 20190810120730 
1 0.4035 -0.4807 -0.0507 21.0026725 105.658028 20190810120730 
1 0.1174 0.2869 0.4075 21.0026725 105.658028 20190810120730 
1 0.5704 -0.2431 -1.0787 21.0026725 105.658028 20190810120730 
1 -0.1981 0.0414 -0.2010 21.0026725 105.658028 20190810120730 
1 0.2333 0.0113 -1.0844 21.0026725 105.658028 20190810120730 
1 0.2250 0.2061 -1.4730 21.0026725 105.658028 20190810120730 
1 0.3746 -0.4039 -0.8477 21.0026725 105.658028 20190810120730 
1 0.2406 0.1154 -1.2193 21.0026725 105.658028 20190810120730 
1 -0.1685 0.2833 -2.1618 21.0026725 105.658028 20190810120730 
1 0.0394 -0.2923 -2.0624 21.0026722 105.6581526 20190810120730 
1 0.3944 -0.0262 -1.8432 21.0026722 105.6581526 20190810120730 
1 0.0605 0.1103 -0.6526 21.0026722 105.6581526 20190810120730 
1 0.4946 -0.2314 -2.2223 21.0026722 105.6581526 20190810120730 
1 -0.1641 0.1466 -1.5397 21.0026722 105.6581526 20190810120730 
1 0.0154 -0.0816 -1.0567 21.0026722 105.6581526 20190810120730 
1 0.3564 -0.0258 -0.9484 21.0026722 105.6581526 20190810120730 
1 0.2135 -0.0376 -0.6472 21.0026722 105.6581526 20190810120730 
1 0.1383 -0.0897 -0.4139 21.0026722 105.6581526 20190810120730 
1 -0.0948 0.1988 -0.0069 21.0026722 105.6581526 20190810120730 
1 0.2890 0.1772 -0.0907 21.0026722 105.6581526 20190810120730 
1 0.2807 -0.1160 -0.0257 21.0026722 105.6581526 20190810120730 
1 0.0917 -0.0200 0.0825 21.0026722 105.6581526 20190810120730 
1 0.0771 0.2630 0.3604 21.0026722 105.6581526 20190810120730 
1 0.1204 -0.1988 0.1471 21.0026722 105.6581526 20190810120730 
1 0.0629 -0.0082 0.4592 21.0026722 105.6581526 20190810120730 
1 0.1765 0.1763 0.4592 21.0026722 105.6581526 20190810120730 
1 0.3895 0.0196 -0.1926 21.0026722 105.6581526 20190810120730 
1 -0.0869 0.2259 0.6935 21.0026722 105.6581526 20190810120730 
1 0.1651 -0.2309 0.2468 21.0026722 105.6581526 20190810120730 
1 0.4097 0.2395 0.0568 21.0026722 105.6581526 20190810120730 
1 0.2522 0.1464 0.2442 21.0026722 105.6581526 20190810120730 
1 0.1668 -0.0219 0.1278 21.0026722 105.6581526 20190810120730 
1 0.0832 -0.0538 0.6677 21.0026722 105.6581526 20190810120730 
1 0.4977 0.2497 -0.1932 21.0026722 105.6581526 20190810120730 
1 0.8600 -0.6273 -1.2329 21.0026722 105.6581526 20190810120730 
1 -1.6118 0.5813 2.9088 21.0026722 105.6581526 20190810120730 
1 1.7413 -0.0582 -2.9190 21.0026722 105.6581526 20190810120731 
1 0.6124 -0.0949 -1.9219 21.0026722 105.6581526 20190810120731 
1 -0.0776 0.1490 0.4772 21.0026722 105.6581526 20190810120731 
1 0.6829 0.2129 -2.2501 21.0026722 105.6581526 20190810120731 
1 0.9961 0.1528 -2.5489 21.0026722 105.6581526 20190810120731 
1 0.7785 -0.4192 -1.4028 21.0026722 105.6581526 20190810120731 
1 0.4268 0.8547 -1.1548 21.0026722 105.6581526 20190810120731 
1 0.3246 -0.0645 -2.5994 21.0026722 105.6581526 20190810120731 
1 1.2034 -0.7576 -3.2078 21.0026722 105.6581526 20190810120731 
1 -0.5744 -0.0559 2.7975 21.0026722 105.6581526 20190810120731 
1 1.6988 0.2292 -1.6742 21.0026722 105.6581526 20190810120731 
1 0.6383 0.1908 -3.8340 21.0026722 105.6581526 20190810120731 
1 -0.0032 -0.3768 -3.5294 21.0026722 105.6581526 20190810120731 
1 0.9441 0.0768 -2.6383 21.0026722 105.6581526 20190810120731 
1 -0.0085 -0.1844 -2.0499 21.0026722 105.6581526 20190810120731 
1 -1.3347 0.1251 -0.1797 21.0026722 105.6581526 20190810120731 
1 0.4958 -0.2777 -0.6983 21.0026722 105.6581526 20190810120731 
1 1.3081 0.1687 -1.9682 21.0026722 105.6581526 20190810120731 
1 -1.2033 -0.2203 1.1069 21.0026722 105.6581526 20190810120731 
1 -1.0686 -0.4928 2.1322 21.0026722 105.6581526 20190810120731 
1 1.0724 -0.2765 0.9274 21.0026722 105.6581526 20190810120731 
1 0.7165 -0.6220 1.3817 21.0026702 105.6582818 20190810120731 
1 -0.9320 0.1988 2.4224 21.0026702 105.6582818 20190810120731 
1 -0.0532 0.0082 0.1599 21.0026702 105.6582818 20190810120731 
1 0.4375 -0.0630 2.7095 21.0026702 105.6582818 20190810120731 
1 -0.4729 -0.2633 5.4808 21.0026702 105.6582818 20190810120731 
1 1.3553 1.5755 4.9500 21.0026702 105.6582818 20190810120731 
1 1.2995 -0.0575 0.8165 21.0026702 105.6582818 20190810120731 
1 -0.7350 0.1942 2.5402 21.0026702 105.6582818 20190810120731 
1 0.4764 0.4282 3.6491 21.0026702 105.6582818 20190810120731 
1 1.1660 -0.0615 2.0327 21.0026702 105.6582818 20190810120731 
1 1.0049 0.0654 1.2710 21.0026702 105.6582818 20190810120731 
1 0.7628 -0.0577 0.2416 21.0026702 105.6582818 20190810120731 
1 -0.0490 -0.2099 0.6296 21.0026702 105.6582818 20190810120731 
1 0.0973 0.5607 -0.0703 21.0026702 105.6582818 20190810120731 
1 1.3041 -0.3734 -1.2724 21.0026702 105.6582818 20190810120731 
1 0.5067 0.2760 -0.6382 21.0026702 105.6582818 20190810120731 
1 0.2582 0.8798 -1.3619 21.0026702 105.6582818 20190810120731 
1 0.1750 -0.2339 -1.3469 21.0026702 105.6582818 20190810120731 
1 -0.2909 0.0246 -0.6796 21.0026702 105.6582818 20190810120731 
1 0.6371 -0.2216 -1.1925 21.0026702 105.6582818 20190810120731 
1 0.5412 -0.1718 -1.7205 21.0026702 105.6582818 20190810120731 
1 0.3144 0.0440 -2.0654 21.0026702 105.6582818 20190810120731 
1 0.0963 -0.0226 -1.1012 21.0026702 105.6582818 20190810120731 
1 -0.2336 -0.8408 0.2081 21.0026702 105.6582818 20190810120731 
1 1.2358 0.4694 -0.8761 21.0026702 105.6582818 20190810120731 
1 0.2599 -0.0240 -0.0325 21.0026702 105.6582818 20190810120731 
1 0.5750 -0.3538 -1.3595 21.0026702 105.6582818 20190810120731 
1 0.2015 -0.2542 0.2375 21.0026702 105.6582818 20190810120731 
1 -0.2126 -0.6100 1.3732 21.0026702 105.6582818 20190810120731 
1 0.6719 0.6115 0.6361 21.0026702 105.6582818 20190810120731 
1 0.4438 -0.2372 0.3493 21.0026702 105.6582818 20190810120732 
1 -0.0679 0.1513 0.3306 21.0026702 105.6582818 20190810120732 
1 -0.3387 0.1657 1.3781 21.0026702 105.6582818 20190810120732 
1 0.2448 -0.0281 1.5002 21.0026702 105.6582818 20190810120732 
1 0.7311 -0.2918 -0.6172 21.0026702 105.6582818 20190810120732 
1 -0.2470 0.5931 0.0979 21.0026702 105.6582818 20190810120732 
1 0.3792 -0.3096 -1.2609 21.0026702 105.6582818 20190810120732 
1 -0.0316 -0.2070 0.4056 21.0026702 105.6582818 20190810120732 
1 -0.2821 0.4670 3.0527 21.0026702 105.6582818 20190810120732 
1 0.8639 0.1029 1.4860 21.0026702 105.6582818 20190810120732 
1 0.2849 0.0175 0.8194 21.0026702 105.6582818 20190810120732 
1 0.1462 -0.2335 0.9796 21.0026702 105.6582818 20190810120732 
1 0.2121 -0.0897 1.3200 21.0026702 105.6582818 20190810120732 
1 0.1353 0.0375 0.6385 21.0026702 105.6582818 20190810120732 
1 0.5436 0.2556 0.9734 21.0026702 105.6582818 20190810120732 
1 0.5137 -0.0277 -0.1252 21.0026702 105.6582818 20190810120732 
1 0.0121 -0.0976 0.3737 21.0026702 105.6582818 20190810120732 
1 0.1722 0.0195 0.5236 21.0026702 105.6582818 20190810120732 
1 0.4358 0.1548 -0.3318 21.0026702 105.6582818 20190810120732 
1 0.4631 -0.2295 -0.1987 21.0026702 105.6582818 20190810120732 
1 0.1247 -0.0868 -0.0027 21.0026702 105.6582818 20190810120732 
1 0.2000 0.1529 -0.5252 21.0026726 105.6584095 20190810120732 
1 0.1448 -0.1019 -0.5277 21.0026726 105.6584095 20190810120732 
1 0.3422 0.0366 -0.0025 21.0026726 105.6584095 20190810120732 
1 0.3845 -0.0626 -0.2686 21.0026726 105.6584095 20190810120732 
1 0.2715 0.1213 -0.9865 21.0026726 105.6584095 20190810120732 
1 -0.0112 -0.4852 -0.5714 21.0026726 105.6584095 20190810120732 
1 0.1863 0.2513 0.3455 21.0026726 105.6584095 20190810120732 
1 0.2357 -0.0247 -0.4268 21.0026726 105.6584095 20190810120732 
1 0.3084 -0.1358 -0.3621 21.0026726 105.6584095 20190810120732 
1 0.1127 -0.1246 -0.0912 21.0026726 105.6584095 20190810120732 
1 0.1273 0.2400 -0.5710 21.0026726 105.6584095 20190810120732 
1 0.1564 0.0842 -0.6265 21.0026726 105.6584095 20190810120732 
1 0.2564 -0.0535 0.0533 21.0026726 105.6584095 20190810120732 
1 0.3209 0.1766 0.5694 21.0026726 105.6584095 20190810120732 
1 0.3056 -0.2966 0.4624 21.0026726 105.6584095 20190810120732 
1 -0.0876 -0.0196 0.7455 21.0026726 105.6584095 20190810120732 
1 0.0796 0.3894 -1.0985 21.0026726 105.6584095 20190810120732 
