1000
1 0.1917 0.2628 0.2045 21.0103318 105.7325956 20190810121500 ;
1 -0.0136 0.3290 0.7014 21.0103318 105.7325956 20190810121500 ;
1 0.0895 0.4892 0.3888 21.0103318 105.7325956 20190810121500 ;
1 0.0674 0.2096 0.5303 21.0103318 105.7325956 20190810121501 ;
1 0.2785 0.1219 0.3833 21.0103318 105.7325956 20190810121501 ;
1 0.1743 0.1459 0.5912 21.0103318 105.7325956 20190810121501 ;
1 0.2128 -0.0018 0.5832 21.0103318 105.7325956 20190810121501 ;
1 0.0616 0.1494 0.2805 21.0103318 105.7325956 20190810121501 ;
1 -0.1144 0.1375 0.4261 21.0103318 105.7325956 20190810121501 ;
1 0.1200 0.0250 0.3349 21.0103318 105.7325956 20190810121501 ;
1 0.1768 -0.3608 -0.0350 21.0103318 105.7325956 20190810121501 ;
1 0.0682 0.0370 0.3080 21.0103318 105.7325956 20190810121501 ;
1 -0.0442 0.1513 -0.0257 21.0103318 105.7325956 20190810121501 ;
1 0.1161 -0.1717 -0.0152 21.0103318 105.7325956 20190810121501 ;
1 0.1550 0.0932 0.4265 21.0103318 105.7325956 20190810121501 ;
1 0.0453 0.3632 0.2222 21.0103318 105.7325956 20190810121501 ;
1 0.0471 -0.0810 -0.1329 21.0103318 105.7325956 20190810121501 ;
1 -0.0209 0.1545 0.1939 21.0103318 105.7325956 20190810121501 ;
1 0.1294 0.2401 -0.0527 21.0103318 105.7325956 20190810121501 ;
1 0.0939 -0.0048 -0.0026 21.0103318 105.7325956 20190810121501 ;
1 0.1048 0.1060 -0.1034 21.0103318 105.7325956 20190810121501 ;
1 -0.0797 0.2841 0.0242 21.0103318 105.7325956 20190810121501 ;
1 0.0514 0.1943 0.0585 21.0103318 105.7325956 20190810121501 ;
1 0.1136 0.2257 0.3784 21.0103318 105.7325956 20190810121501 ;
1 0.0230 0.1359 0.3306 21.0103318 105.7325956 20190810121501 ;
1 -0.0394 0.2596 0.0401 21.0103318 105.7325956 20190810121501 ;
1 0.0090 0.1097 0.0121 21.0103318 105.7325956 20190810121501 ;
1 0.0829 0.0651 0.2947 21.0103318 105.7325956 20190810121501 ;
1 0.0342 0.3571 0.4748 21.0103318 105.7325956 20190810121501 ;
1 0.0395 0.0645 0.3674 21.0103318 105.7325956 20190810121501 ;
1 -0.0346 0.1148 0.4415 21.0103318 105.7325956 20190810121501 ;
1 0.0618 0.1815 0.1754 21.0103318 105.7325956 20190810121501 ;
1 0.0495 -0.0470 0.2774 21.0103318 105.7325956 20190810121501 ;
1 0.0195 0.0699 0.5725 21.0103318 105.7325956 20190810121501 ;
1 0.0108 0.0165 0.0784 21.0103193 105.7328097 20190810121501 ;
1 0.0127 0.0511 0.0653 21.0103193 105.7328097 20190810121501 ;
1 0.0931 -0.0434 0.2096 21.0103193 105.7328097 20190810121501 ;
1 0.0768 -0.0699 0.1800 21.0103193 105.7328097 20190810121501 ;
1 -0.0444 0.0661 -0.0473 21.0103193 105.7328097 20190810121501 ;
1 0.0647 -0.0980 0.0112 21.0103193 105.7328097 20190810121501 ;
1 0.1063 0.0196 0.0100 21.0103193 105.7328097 20190810121501 ;
1 0.0773 -0.0222 0.1321 21.0103193 105.7328097 20190810121501 ;
1 -0.0125 -0.1226 -0.0752 21.0103193 105.7328097 20190810121501 ;
1 -0.0051 0.0007 -0.2285 21.0103193 105.7328097 20190810121501 ;
1 0.1091 -0.1019 -0.3375 21.0103193 105.7328097 20190810121501 ;
1 0.0919 -0.0009 -0.0880 21.0103193 105.7328097 20190810121501 ;
1 0.0544 -0.2537 -0.0488 21.0103193 105.7328097 20190810121501 ;
1 0.0031 0.1327 -0.0533 21.0103193 105.7328097 20190810121501 ;
1 0.0423 -0.0926 -0.2376 21.0103193 105.7328097 20190810121501 ;
1 0.1566 0.0214 0.1650 21.0103193 105.7328097 20190810121501 ;
1 0.0448 -0.1467 -0.1704 21.0103193 105.7328097 20190810121501 ;
1 -0.0689 0.1412 -0.0677 21.0103193 105.7328097 20190810121502 ;
1 0.0489 -0.1600 -0.2739 21.0103193 105.7328097 20190810121502 ;
1 0.1492 0.0951 -0.2434 21.0103193 105.7328097 20190810121502 ;
1 0.0327 0.0841 0.0462 21.0103193 105.7328097 20190810121502 ;
1 0.0636 0.0680 0.1908 21.0103193 105.7328097 20190810121502 ;
1 0.1012 -0.1499 -0.2431 21.0103193 105.7328097 20190810121502 ;
1 -0.0414 0.2516 0.0017 21.0103193 105.7328097 20190810121502 ;
1 0.1750 0.0448 -0.3631 21.0103193 105.7328097 20190810121502 ;
1 0.0750 -0.0101 -0.1625 21.0103193 105.7328097 20190810121502 ;
1 -0.0889 0.0975 0.3178 21.0103193 105.7328097 20190810121502 ;
1 0.0053 0.0982 -0.1427 21.0103193 105.7328097 20190810121502 ;
1 0.2088 -0.0984 -0.1916 21.0103193 105.7328097 20190810121502 ;
1 -0.0023 0.2281 0.2407 21.0103193 105.7328097 20190810121502 ;
1 0.0960 -0.0214 -0.3654 21.0103193 105.7328097 20190810121502 ;
1 0.0035 -0.0772 -0.1076 21.0103193 105.7328097 20190810121502 ;
1 0.0007 0.1464 0.0448 21.0103193 105.7328097 20190810121502 ;
1 0.2076 -0.0102 -0.1678 21.0103193 105.7328097 20190810121502 ;
1 0.0708 -0.1513 0.1081 21.0103193 105.7328097 20190810121502 ;
1 -0.0371 0.0874 0.0582 21.0103193 105.7328097 20190810121502 ;
1 0.0423 0.1104 -0.4879 21.0103193 105.7328097 20190810121502 ;
1 0.0911 0.0050 -0.2699 21.0103193 105.7328097 20190810121502 ;
1 0.0728 -0.0948 0.0192 21.0103193 105.7328097 20190810121502 ;
1 0.0311 0.0975 -0.1099 21.0103193 105.7328097 20190810121502 ;
1 -0.0609 0.0072 -0.2373 21.0103193 105.7328097 20190810121502 ;
1 0.1236 -0.0105 -0.1105 21.0103193 105.7328097 20190810121502 ;
1 0.0912 0.0938 -0.0985 21.0103193 105.7328097 20190810121502 ;
1 0.0285 -0.1886 -0.1069 21.0103193 105.7328097 20190810121502 ;
1 -0.0529 0.1716 0.1758 21.0103193 105.7328097 20190810121502 ;
1 0.0035 -0.1916 -0.2537 21.0103193 105.7328097 20190810121502 ;
1 0.0298 0.2448 0.2112 21.0103193 105.7328097 20190810121502 ;
1 0.0087 -0.0559 0.3305 21.0103193 105.7328097 20190810121502 ;
1 0.0496 -0.0410 0.3930 21.0103193 105.7328097 20190810121502 ;
1 -0.0492 -0.1190 0.0854 21.0103023 105.7330186 20190810121502 ;
1 -0.0495 0.0801 0.3540 21.0103023 105.7330186 20190810121502 ;
1 0.0269 -0.1523 0.4015 21.0103023 105.7330186 20190810121502 ;
1 -0.0451 -0.1587 0.7160 21.0103023 105.7330186 20190810121502 ;
1 -0.0780 -0.1265 0.7211 21.0103023 105.7330186 20190810121502 ;
1 -0.1001 -0.1740 0.5319 21.0103023 105.7330186 20190810121502 ;
1 -0.0337 -0.0963 0.5700 21.0103023 105.7330186 20190810121502 ;
1 -0.0256 -0.1438 0.5484 21.0103023 105.7330186 20190810121502 ;
1 -0.0504 -0.1732 0.7358 21.0103023 105.7330186 20190810121502 ;
1 -0.0346 -0.1975 0.5847 21.0103023 105.7330186 20190810121502 ;
1 -0.0183 -0.0495 0.4350 21.0103023 105.7330186 20190810121502 ;
1 0.1831 -0.3422 0.1276 21.0103023 105.7330186 20190810121502 ;
1 0.0052 -0.0792 0.3466 21.0103023 105.7330186 20190810121502 ;
1 0.0284 -0.1393 -0.2238 21.0103023 105.7330186 20190810121502 ;
1 0.0869 -0.1481 -0.1472 21.0103023 105.7330186 20190810121502 ;
1 0.0399 -0.1273 -0.1033 21.0103023 105.7330186 20190810121502 ;
1 -0.0177 0.0398 -0.0924 21.0103023 105.7330186 20190810121503 ;
1 0.1538 -0.2557 -0.5046 21.0103023 105.7330186 20190810121503 ;
1 0.2339 -0.1967 -1.5042 21.0103023 105.7330186 20190810121503 ;
1 -0.1836 -0.0448 -0.6773 21.0103023 105.7330186 20190810121503 ;
1 0.1443 -0.2754 -0.7688 21.0103023 105.7330186 20190810121503 ;
1 0.2421 -0.2269 -0.5087 21.0103023 105.7330186 20190810121503 ;
1 -0.0075 -0.0257 -0.2138 21.0103023 105.7330186 20190810121503 ;
1 -0.2148 0.0888 -0.3157 21.0103023 105.7330186 20190810121503 ;
1 0.2492 -0.3035 -1.6469 21.0103023 105.7330186 20190810121503 ;
1 -0.0034 -0.0103 -0.7268 21.0103023 105.7330186 20190810121503 ;
1 -0.0913 -0.0376 0.1022 21.0103023 105.7330186 20190810121503 ;
1 -0.0171 -0.0391 -0.2957 21.0103023 105.7330186 20190810121503 ;
1 0.0260 -0.1042 0.0027 21.0103023 105.7330186 20190810121503 ;
1 0.0219 0.1082 0.2042 21.0103023 105.7330186 20190810121503 ;
1 0.0743 -0.0823 0.5199 21.0103023 105.7330186 20190810121503 ;
1 -0.0648 -0.0346 0.4832 21.0103023 105.7330186 20190810121503 ;
1 -0.0470 -0.0157 0.2818 21.0103023 105.7330186 20190810121503 ;
1 0.1106 -0.0969 0.2034 21.0103023 105.7330186 20190810121503 ;
1 -0.0245 -0.0664 0.7317 21.0103023 105.7330186 20190810121503 ;
1 -0.0208 -0.1674 0.6560 21.0103023 105.7330186 20190810121503 ;
1 -0.0165 -0.0066 0.3138 21.0103023 105.7330186 20190810121503 ;
1 0.0384 -0.2075 0.1983 21.0103023 105.7330186 20190810121503 ;
1 0.0625 0.0771 0.5547 21.0103023 105.7330186 20190810121503 ;
1 0.0093 -0.2418 -0.1084 21.0103023 105.7330186 20190810121503 ;
1 -0.0008 -0.3142 -0.1165 21.0103023 105.7330186 20190810121503 ;
1 -0.0330 -0.0113 0.1123 21.0103023 105.7330186 20190810121503 ;
1 0.1599 -0.2458 -0.1943 21.0103023 105.7330186 20190810121503 ;
1 0.0287 -0.2655 0.0096 21.0103023 105.7330186 20190810121503 ;
1 0.1031 -0.2368 -0.1047 21.0103023 105.7330186 20190810121503 ;
1 -0.0752 -0.0667 -0.3868 21.0103023 105.7330186 20190810121503 ;
1 0.1531 -0.3080 -0.6221 21.0103023 105.7330186 20190810121503 ;
1 0.0660 -0.2478 -0.2134 21.0103023 105.7330186 20190810121503 ;
1 0.0363 -0.1196 -0.3060 21.0103023 105.7330186 20190810121503 ;
1 0.0961 -0.2009 -0.6017 21.0103023 105.7330186 20190810121503 ;
1 0.1270 -0.2102 -0.4581 21.0102871 105.7332259 20190810121503 ;
1 0.0889 -0.0161 -0.3268 21.0102871 105.7332259 20190810121503 ;
1 0.1480 -0.1651 -0.4882 21.0102871 105.7332259 20190810121503 ;
1 0.0570 -0.2920 -0.3392 21.0102871 105.7332259 20190810121503 ;
1 0.1019 -0.0543 -0.6390 21.0102871 105.7332259 20190810121503 ;
1 0.1924 -0.1245 -0.8369 21.0102871 105.7332259 20190810121503 ;
1 0.1259 -0.2299 -0.4175 21.0102871 105.7332259 20190810121503 ;
1 0.0550 0.0218 -0.1850 21.0102871 105.7332259 20190810121503 ;
1 0.0990 -0.2072 -0.7143 21.0102871 105.7332259 20190810121503 ;
1 0.1386 0.0250 -0.5410 21.0102871 105.7332259 20190810121503 ;
1 0.1746 -0.2946 -0.5306 21.0102871 105.7332259 20190810121503 ;
1 0.0621 0.0393 -0.4012 21.0102871 105.7332259 20190810121503 ;
1 0.0465 -0.2975 -0.6271 21.0102871 105.7332259 20190810121503 ;
1 0.0975 -0.0988 -0.4045 21.0102871 105.7332259 20190810121503 ;
1 0.0850 0.0851 -0.3562 21.0102871 105.7332259 20190810121503 ;
1 0.1822 -0.2385 -0.3144 21.0102871 105.7332259 20190810121503 ;
1 0.0480 -0.0709 0.1389 21.0102871 105.7332259 20190810121504 ;
1 0.0733 -0.1972 -0.4588 21.0102871 105.7332259 20190810121504 ;
1 0.1240 0.0455 -0.1551 21.0102871 105.7332259 20190810121504 ;
1 0.1939 -0.2051 -0.1570 21.0102871 105.7332259 20190810121504 ;
1 -0.0290 -0.0111 0.2549 21.0102871 105.7332259 20190810121504 ;
1 -0.0084 -0.1246 -0.0726 21.0102871 105.7332259 20190810121504 ;
1 0.1265 -0.1210 -0.0385 21.0102871 105.7332259 20190810121504 ;
1 0.0688 0.0098 0.3383 21.0102871 105.7332259 20190810121504 ;
1 -0.0086 -0.1233 0.2063 21.0102871 105.7332259 20190810121504 ;
1 0.0744 0.0085 0.4915 21.0102871 105.7332259 20190810121504 ;
1 0.1120 -0.2724 0.1473 21.0102871 105.7332259 20190810121504 ;
1 -0.0211 0.2092 0.4233 21.0102871 105.7332259 20190810121504 ;
1 0.0954 -0.3166 0.4127 21.0102871 105.7332259 20190810121504 ;
1 0.0262 -0.1568 0.6325 21.0102871 105.7332259 20190810121504 ;
1 0.0004 -0.0162 0.3713 21.0102871 105.7332259 20190810121504 ;
1 0.0086 -0.0102 0.5001 21.0102871 105.7332259 20190810121504 ;
1 0.0861 -0.2246 0.4240 21.0102871 105.7332259 20190810121504 ;
1 -0.0173 -0.0562 0.7385 21.0102871 105.7332259 20190810121504 ;
1 -0.0114 0.0420 0.6242 21.0102871 105.7332259 20190810121504 ;
1 0.0405 -0.2285 0.3586 21.0102871 105.7332259 20190810121504 ;
1 -0.0331 -0.0612 0.5429 21.0102871 105.7332259 20190810121504 ;
1 0.0385 -0.0573 0.5202 21.0102871 105.7332259 20190810121504 ;
1 0.1291 -0.2757 0.4981 21.0102871 105.7332259 20190810121504 ;
1 -0.0395 0.0044 0.5036 21.0102871 105.7332259 20190810121504 ;
1 0.0403 0.0640 0.1513 21.0102871 105.7332259 20190810121504 ;
1 0.0765 -0.2247 0.3377 21.0102871 105.7332259 20190810121504 ;
1 -0.0352 -0.0259 0.7210 21.0102871 105.7332259 20190810121504 ;
1 0.1493 -0.1907 0.2331 21.0102871 105.7332259 20190810121504 ;
1 -0.0344 0.1060 0.2275 21.0102871 105.7332259 20190810121504 ;
1 0.0689 -0.2418 0.0815 21.0102871 105.7332259 20190810121504 ;
1 -0.0037 0.0910 0.2370 21.0102871 105.7332259 20190810121504 ;
1 0.0934 -0.2478 0.0173 21.0102871 105.7332259 20190810121504 ;
1 0.0530 0.0666 0.2141 21.0102871 105.7332259 20190810121504 ;
1 0.0379 -0.2559 -0.2073 21.0102871 105.7332259 20190810121504 ;
1 0.0678 0.0831 0.2207 21.0102871 105.7332259 20190810121504 ;
1 0.0685 -0.4189 -0.0877 21.010276 105.7334373 20190810121504 ;
1 0.1060 -0.0046 0.0057 21.010276 105.7334373 20190810121504 ;
1 -0.0766 -0.1263 -0.2574 21.010276 105.7334373 20190810121504 ;
1 0.1079 -0.2645 -0.3253 21.010276 105.7334373 20190810121504 ;
1 0.0993 -0.2154 0.0534 21.010276 105.7334373 20190810121504 ;
1 0.0050 -0.0679 0.0337 21.010276 105.7334373 20190810121504 ;
1 -0.0036 -0.2494 -0.1910 21.010276 105.7334373 20190810121504 ;
1 0.0601 -0.1944 -0.2608 21.010276 105.7334373 20190810121504 ;
1 0.1032 -0.0894 -0.1641 21.010276 105.7334373 20190810121504 ;
1 0.0738 -0.2794 -0.0787 21.010276 105.7334373 20190810121504 ;
1 0.0314 -0.0793 0.0176 21.010276 105.7334373 20190810121504 ;
1 -0.0195 -0.2684 -0.3086 21.010276 105.7334373 20190810121504 ;
1 0.0583 -0.0607 -0.1797 21.010276 105.7334373 20190810121504 ;
1 0.0694 -0.1152 -0.0054 21.010276 105.7334373 20190810121504 ;
1 0.0930 -0.2224 -0.0554 21.010276 105.7334373 20190810121504 ;
1 -0.0651 0.0999 -0.1479 21.010276 105.7334373 20190810121504 ;
1 -0.0008 -0.2090 -0.1336 21.010276 105.7334373 20190810121504 ;
1 0.1817 -0.0900 -0.0817 21.010276 105.7334373 20190810121505 ;
1 0.0170 -0.0148 -0.1343 21.010276 105.7334373 20190810121505 ;
1 -0.0381 -0.1642 -0.0465 21.010276 105.7334373 20190810121505 ;
1 0.0737 0.0026 -0.1947 21.010276 105.7334373 20190810121505 ;
1 -0.0116 0.1768 -0.1186 21.010276 105.7334373 20190810121505 ;
1 0.0880 -0.2543 0.0636 21.010276 105.7334373 20190810121505 ;
1 0.0909 0.0090 0.3027 21.010276 105.7334373 20190810121505 ;
1 -0.1235 -0.0704 -0.1464 21.010276 105.7334373 20190810121505 ;
1 0.0285 0.0717 -0.0667 21.010276 105.7334373 20190810121505 ;
1 0.1251 -0.2006 -0.0271 21.010276 105.7334373 20190810121505 ;
1 0.0313 0.2184 0.3256 21.010276 105.7334373 20190810121505 ;
1 -0.0773 0.0858 0.2799 21.010276 105.7334373 20190810121505 ;
1 0.1002 -0.0672 0.1364 21.010276 105.7334373 20190810121505 ;
1 0.0135 -0.0516 0.1684 21.010276 105.7334373 20190810121505 ;
1 -0.0579 0.1739 0.4569 21.010276 105.7334373 20190810121505 ;
1 0.0995 -0.2203 0.3120 21.010276 105.7334373 20190810121505 ;
1 -0.0699 0.0880 0.3615 21.010276 105.7334373 20190810121505 ;
1 0.0489 0.1714 0.3221 21.010276 105.7334373 20190810121505 ;
1 0.1542 -0.1578 0.1732 21.010276 105.7334373 20190810121505 ;
1 -0.0013 -0.0931 0.4276 21.010276 105.7334373 20190810121505 ;
1 0.0291 0.0095 0.1670 21.010276 105.7334373 20190810121505 ;
1 0.0804 -0.0524 -0.0859 21.010276 105.7334373 20190810121505 ;
1 0.0799 -0.2695 0.1390 21.010276 105.7334373 20190810121505 ;
1 0.0709 0.0520 0.1515 21.010276 105.7334373 20190810121505 ;
1 0.0959 -0.0035 -0.0797 21.010276 105.7334373 20190810121505 ;
1 0.1054 -0.3801 -0.4016 21.010276 105.7334373 20190810121505 ;
1 -0.0055 0.4007 -0.1808 21.010276 105.7334373 20190810121505 ;
1 0.1041 -0.2482 -0.4774 21.010276 105.7334373 20190810121505 ;
1 0.1591 -0.1961 -0.0697 21.010276 105.7334373 20190810121505 ;
1 0.1454 -0.1210 -0.4692 21.010276 105.7334373 20190810121505 ;
1 -0.0757 0.1694 -0.1652 21.010276 105.7334373 20190810121505 ;
1 0.1854 -0.2271 -0.6718 21.010276 105.7334373 20190810121505 ;
1 0.1301 -0.0595 -0.1836 21.010276 105.7334373 20190810121505 ;
1 -0.0022 0.0239 -0.3186 21.0102643 105.7336492 20190810121505 ;
1 0.1463 -0.2870 -0.6070 21.0102643 105.7336492 20190810121505 ;
1 0.0665 -0.0875 -0.2007 21.0102643 105.7336492 20190810121505 ;
1 0.1127 -0.1785 -0.3601 21.0102643 105.7336492 20190810121505 ;
1 0.1142 0.0129 -0.3231 21.0102643 105.7336492 20190810121505 ;
1 -0.0258 -0.0995 -0.1920 21.0102643 105.7336492 20190810121505 ;
1 0.0992 0.0260 -0.3761 21.0102643 105.7336492 20190810121505 ;
1 0.0594 -0.2515 -0.2340 21.0102643 105.7336492 20190810121505 ;
1 0.1323 -0.0874 0.0912 21.0102643 105.7336492 20190810121505 ;
1 0.0642 -0.0276 -0.1621 21.0102643 105.7336492 20190810121505 ;
1 0.0187 -0.1873 -0.3798 21.0102643 105.7336492 20190810121505 ;
1 0.0696 -0.0835 0.1200 21.0102643 105.7336492 20190810121505 ;
1 0.1084 0.0763 0.0940 21.0102643 105.7336492 20190810121505 ;
1 0.0578 -0.1834 0.0560 21.0102643 105.7336492 20190810121505 ;
1 -0.0831 -0.1447 0.3379 21.0102643 105.7336492 20190810121506 ;
1 0.1365 0.0359 0.0122 21.0102643 105.7336492 20190810121506 ;
1 0.0163 -0.0595 0.0955 21.0102643 105.7336492 20190810121506 ;
1 0.0365 -0.1328 0.5761 21.0102643 105.7336492 20190810121506 ;
1 0.0293 -0.1895 0.3683 21.0102643 105.7336492 20190810121506 ;
1 0.0352 0.0637 0.1966 21.0102643 105.7336492 20190810121506 ;
1 -0.0995 0.1533 0.6898 21.0102643 105.7336492 20190810121506 ;
1 0.2696 -0.0369 0.0239 21.0102643 105.7336492 20190810121506 ;
1 0.0028 -0.2164 0.5339 21.0102643 105.7336492 20190810121506 ;
1 -0.1262 0.1470 0.5706 21.0102643 105.7336492 20190810121506 ;
1 0.1503 0.1202 0.1935 21.0102643 105.7336492 20190810121506 ;
1 0.1529 -0.1752 0.2094 21.0102643 105.7336492 20190810121506 ;
1 -0.1268 0.3752 0.9248 21.0102643 105.7336492 20190810121506 ;
1 0.0977 -0.2953 -0.4304 21.0102643 105.7336492 20190810121506 ;
1 0.0509 0.4524 0.1290 21.0102643 105.7336492 20190810121506 ;
1 0.1096 -0.3529 0.1061 21.0102643 105.7336492 20190810121506 ;
1 0.0882 0.3335 0.4049 21.0102643 105.7336492 20190810121506 ;
1 -0.0196 -0.0672 0.3116 21.0102643 105.7336492 20190810121506 ;
1 0.1046 0.2308 -0.3444 21.0102643 105.7336492 20190810121506 ;
1 0.0702 -0.1364 -0.4594 21.0102643 105.7336492 20190810121506 ;
1 0.0506 0.2375 0.3629 21.0102643 105.7336492 20190810121506 ;
1 0.1469 0.0899 -0.2790 21.0102643 105.7336492 20190810121506 ;
1 0.0441 -0.1337 -0.0973 21.0102643 105.7336492 20190810121506 ;
1 -0.0004 0.2640 0.2690 21.0102643 105.7336492 20190810121506 ;
1 0.0403 0.2537 -0.3253 21.0102643 105.7336492 20190810121506 ;
1 0.1292 -0.2717 -0.4443 21.0102643 105.7336492 20190810121506 ;
1 0.0299 0.2914 0.1553 21.0102643 105.7336492 20190810121506 ;
1 -0.0692 0.0707 -0.1679 21.0102643 105.7336492 20190810121506 ;
1 0.1532 0.0650 -0.0441 21.0102643 105.7336492 20190810121506 ;
1 0.1019 0.0756 0.1569 21.0102643 105.7336492 20190810121506 ;
1 0.0985 0.1441 -0.0271 21.0102643 105.7336492 20190810121506 ;
1 -0.0341 0.1090 0.0205 21.0102643 105.7336492 20190810121506 ;
1 0.0710 -0.0022 -0.1724 21.0102643 105.7336492 20190810121506 ;
1 -0.0028 0.1507 -0.0839 21.0102643 105.7336492 20190810121506 ;
1 0.1216 0.1087 0.0499 21.0102516 105.7338635 20190810121506 ;
1 0.0457 0.0397 0.0974 21.0102516 105.7338635 20190810121506 ;
1 -0.0499 0.2231 -0.0543 21.0102516 105.7338635 20190810121506 ;
1 0.0540 0.0311 -0.2285 21.0102516 105.7338635 20190810121506 ;
1 -0.0199 0.0435 0.2991 21.0102516 105.7338635 20190810121506 ;
1 0.1859 -0.0965 0.0683 21.0102516 105.7338635 20190810121506 ;
1 -0.1490 0.3581 0.1573 21.0102516 105.7338635 20190810121506 ;
1 0.0491 -0.0048 0.0791 21.0102516 105.7338635 20190810121506 ;
1 0.0528 -0.0813 0.2148 21.0102516 105.7338635 20190810121506 ;
1 -0.0872 0.2249 0.3435 21.0102516 105.7338635 20190810121506 ;
1 0.0980 -0.1751 0.2976 21.0102516 105.7338635 20190810121506 ;
1 -0.0571 0.0247 0.4084 21.0102516 105.7338635 20190810121506 ;
1 -0.0287 0.0800 0.4034 21.0102516 105.7338635 20190810121506 ;
1 -0.0022 -0.0588 0.4124 21.0102516 105.7338635 20190810121506 ;
1 0.0021 -0.0640 0.5583 21.0102516 105.7338635 20190810121507 ;
1 -0.1106 -0.0670 0.3571 21.0102516 105.7338635 20190810121507 ;
1 -0.0026 0.2204 0.5223 21.0102516 105.7338635 20190810121507 ;
1 0.0343 -0.3293 0.5224 21.0102516 105.7338635 20190810121507 ;
1 -0.0299 0.1924 0.8135 21.0102516 105.7338635 20190810121507 ;
1 -0.1471 0.0623 0.6241 21.0102516 105.7338635 20190810121507 ;
1 0.0448 -0.0734 0.3882 21.0102516 105.7338635 20190810121507 ;
1 -0.0253 -0.0415 0.6402 21.0102516 105.7338635 20190810121507 ;
1 -0.0557 0.2389 0.4755 21.0102516 105.7338635 20190810121507 ;
1 0.1225 -0.1220 0.4959 21.0102516 105.7338635 20190810121507 ;
1 -0.0730 0.1235 0.7260 21.0102516 105.7338635 20190810121507 ;
1 -0.0343 0.1022 0.0064 21.0102516 105.7338635 20190810121507 ;
1 0.0626 0.0967 0.3754 21.0102516 105.7338635 20190810121507 ;
1 0.0757 -0.0893 0.2591 21.0102516 105.7338635 20190810121507 ;
1 0.0096 0.2215 -0.0697 21.0102516 105.7338635 20190810121507 ;
1 0.1155 0.1066 -0.5840 21.0102516 105.7338635 20190810121507 ;
1 0.0167 0.1356 0.1687 21.0102516 105.7338635 20190810121507 ;
1 0.1811 0.0212 -0.4292 21.0102516 105.7338635 20190810121507 ;
1 -0.0504 0.0667 -0.1870 21.0102516 105.7338635 20190810121507 ;
1 0.0718 0.0298 -0.4753 21.0102516 105.7338635 20190810121507 ;
1 -0.0174 0.2928 -0.2077 21.0102516 105.7338635 20190810121507 ;
1 0.1489 -0.0219 -0.6728 21.0102516 105.7338635 20190810121507 ;
1 -0.0901 0.1460 -0.1079 21.0102516 105.7338635 20190810121507 ;
1 -0.0332 0.0548 -0.6175 21.0102516 105.7338635 20190810121507 ;
1 0.0187 0.1830 -0.3127 21.0102516 105.7338635 20190810121507 ;
1 0.0290 0.0497 0.1612 21.0102516 105.7338635 20190810121507 ;
1 0.0025 0.2265 0.2425 21.0102516 105.7338635 20190810121507 ;
1 0.0120 0.0083 0.1735 21.0102516 105.7338635 20190810121507 ;
1 0.0684 0.2204 -0.0323 21.0102516 105.7338635 20190810121507 ;
1 -0.0322 0.0395 -0.0385 21.0102516 105.7338635 20190810121507 ;
1 0.0777 0.0913 0.2642 21.0102516 105.7338635 20190810121507 ;
1 0.0224 0.0649 0.0671 21.0102516 105.7338635 20190810121507 ;
1 0.0454 0.0244 -0.0393 21.0102516 105.7338635 20190810121507 ;
1 0.0961 0.1682 0.1502 21.0102516 105.7338635 20190810121507 ;
1 -0.1537 0.0479 0.1663 21.0102408 105.734082 20190810121507 ;
1 -0.0149 0.0428 0.3887 21.0102408 105.734082 20190810121507 ;
1 0.0290 0.0573 0.2027 21.0102408 105.734082 20190810121507 ;
1 -0.1181 0.0961 0.0247 21.0102408 105.734082 20190810121507 ;
1 0.0676 0.1369 0.1974 21.0102408 105.734082 20190810121507 ;
1 0.0910 -0.0135 0.2498 21.0102408 105.734082 20190810121507 ;
1 0.0033 0.0313 0.1772 21.0102408 105.734082 20190810121507 ;
1 -0.0566 -0.0645 0.0074 21.0102408 105.734082 20190810121507 ;
1 0.0784 0.2725 0.0810 21.0102408 105.734082 20190810121507 ;
1 -0.1283 -0.1534 0.1026 21.0102408 105.734082 20190810121507 ;
1 -0.0548 0.1728 0.2828 21.0102408 105.734082 20190810121507 ;
1 0.1078 0.0001 0.2659 21.0102408 105.734082 20190810121507 ;
1 0.0890 0.3534 0.1037 21.0102408 105.734082 20190810121507 ;
1 0.0845 -0.1064 -0.2131 21.0102408 105.734082 20190810121507 ;
1 -0.0119 0.2016 0.4025 21.0102408 105.734082 20190810121507 ;
1 0.0715 -0.0231 0.0789 21.0102408 105.734082 20190810121507 ;
1 0.0159 0.1726 -0.3349 21.0102408 105.734082 20190810121507 ;
1 -0.1005 0.0296 0.1431 21.0102408 105.734082 20190810121507 ;
1 0.0180 0.3748 0.0663 21.0102408 105.734082 20190810121508 ;
1 0.2121 0.0359 -0.4203 21.0102408 105.734082 20190810121508 ;
1 -0.0700 0.2362 0.3374 21.0102408 105.734082 20190810121508 ;
1 0.2592 0.0785 -0.2549 21.0102408 105.734082 20190810121508 ;
1 -0.0051 -0.0078 -0.3918 21.0102408 105.734082 20190810121508 ;
1 0.1148 0.2351 0.0222 21.0102408 105.734082 20190810121508 ;
1 0.1174 -0.0879 -0.1740 21.0102408 105.734082 20190810121508 ;
1 -0.0512 0.1663 -0.3154 21.0102408 105.734082 20190810121508 ;
1 0.0330 -0.0480 -0.8437 21.0102408 105.734082 20190810121508 ;
1 0.1736 -0.2175 -0.6814 21.0102408 105.734082 20190810121508 ;
1 0.0001 -0.0672 -0.7046 21.0102408 105.734082 20190810121508 ;
1 -0.0558 -0.1476 -0.3870 21.0102408 105.734082 20190810121508 ;
1 0.1437 -0.1048 -0.3523 21.0102408 105.734082 20190810121508 ;
1 0.0556 0.1016 -0.0151 21.0102408 105.734082 20190810121508 ;
1 -0.0012 0.0080 -0.3179 21.0102408 105.734082 20190810121508 ;
1 0.0209 0.0510 -0.0413 21.0102408 105.734082 20190810121508 ;
1 0.1084 -0.1829 -0.4830 21.0102408 105.734082 20190810121508 ;
1 -0.1400 0.2563 -0.1625 21.0102408 105.734082 20190810121508 ;
1 0.1774 0.0556 0.1819 21.0102408 105.734082 20190810121508 ;
1 0.0322 0.2238 0.7431 21.0102408 105.734082 20190810121508 ;
1 0.1575 -0.1335 -0.4845 21.0102408 105.734082 20190810121508 ;
1 -0.0800 0.5020 0.1819 21.0102408 105.734082 20190810121508 ;
1 0.2869 -0.0163 -0.3428 21.0102408 105.734082 20190810121508 ;
1 -0.0171 0.1011 0.3222 21.0102408 105.734082 20190810121508 ;
1 0.0405 0.0058 0.1106 21.0102408 105.734082 20190810121508 ;
1 0.1469 0.3511 -0.1393 21.0102408 105.734082 20190810121508 ;
1 -0.0162 -0.0425 -0.3553 21.0102408 105.734082 20190810121508 ;
1 -0.0312 -0.0516 -0.0938 21.0102408 105.734082 20190810121508 ;
1 0.1787 0.2018 -0.5483 21.0102408 105.734082 20190810121508 ;
1 -0.0257 -0.0453 0.0261 21.0102408 105.734082 20190810121508 ;
1 -0.1299 0.0326 0.3940 21.0102408 105.734082 20190810121508 ;
1 0.3204 -0.1285 -0.3061 21.0102408 105.734082 20190810121508 ;
1 0.0443 0.0606 0.2140 21.010226 105.7342959 20190810121508 ;
1 -0.0213 -0.0650 0.4048 21.010226 105.7342959 20190810121508 ;
1 0.0963 0.1771 0.1996 21.010226 105.7342959 20190810121508 ;
1 0.0277 -0.1096 -0.1803 21.010226 105.7342959 20190810121508 ;
1 0.1621 -0.1718 0.1254 21.010226 105.7342959 20190810121508 ;
1 0.0781 -0.0931 0.4529 21.010226 105.7342959 20190810121508 ;
1 0.0345 -0.2088 -0.0980 21.010226 105.7342959 20190810121508 ;
1 -0.1277 0.1384 0.1365 21.010226 105.7342959 20190810121508 ;
1 0.2489 -0.2852 0.0703 21.010226 105.7342959 20190810121508 ;
1 0.1281 0.1808 0.4510 21.010226 105.7342959 20190810121508 ;
1 -0.0797 -0.2655 -0.1611 21.010226 105.7342959 20190810121508 ;
1 0.0590 -0.0447 -0.0431 21.010226 105.7342959 20190810121508 ;
1 0.0957 0.0364 -0.0661 21.010226 105.7342959 20190810121508 ;
1 0.2000 -0.1114 -0.1469 21.010226 105.7342959 20190810121508 ;
1 0.0136 0.1462 0.3786 21.010226 105.7342959 20190810121508 ;
1 0.1598 -0.0513 -0.3325 21.010226 105.7342959 20190810121508 ;
1 0.1571 0.1999 -0.1923 21.010226 105.7342959 20190810121508 ;
1 0.0902 0.0860 0.0847 21.010226 105.7342959 20190810121508 ;
1 0.1734 0.0863 -0.2455 21.010226 105.7342959 20190810121509 ;
1 0.0524 0.1359 -0.7427 21.010226 105.7342959 20190810121509 ;
1 0.0340 0.0827 -0.2589 21.010226 105.7342959 20190810121509 ;
1 0.1163 0.2763 -0.2013 21.010226 105.7342959 20190810121509 ;
1 0.1259 0.0369 -0.3546 21.010226 105.7342959 20190810121509 ;
1 -0.0193 0.1872 -0.2902 21.010226 105.7342959 20190810121509 ;
1 0.1671 0.1494 -0.4762 21.010226 105.7342959 20190810121509 ;
1 -0.0130 0.2848 -0.0463 21.010226 105.7342959 20190810121509 ;
1 0.0084 0.1317 -0.0877 21.010226 105.7342959 20190810121509 ;
1 0.0807 0.0198 0.0591 21.010226 105.7342959 20190810121509 ;
1 0.0018 0.2848 0.2142 21.010226 105.7342959 20190810121509 ;
1 -0.0380 -0.0095 -0.0781 21.010226 105.7342959 20190810121509 ;
1 0.0593 0.0030 0.2270 21.010226 105.7342959 20190810121509 ;
1 0.0326 -0.1003 0.4438 21.010226 105.7342959 20190810121509 ;
1 -0.0270 0.2813 0.4165 21.010226 105.7342959 20190810121509 ;
1 0.0130 0.0293 0.4888 21.010226 105.7342959 20190810121509 ;
1 0.1212 0.0921 0.3183 21.010226 105.7342959 20190810121509 ;
1 -0.0122 -0.0661 0.5448 21.010226 105.7342959 20190810121509 ;
1 0.0528 -0.0697 0.2460 21.010226 105.7342959 20190810121509 ;
1 -0.0040 -0.0929 0.1475 21.010226 105.7342959 20190810121509 ;
1 0.0210 -0.0833 0.0664 21.010226 105.7342959 20190810121509 ;
1 0.0809 -0.0290 0.3179 21.010226 105.7342959 20190810121509 ;
1 0.0345 0.0517 0.3144 21.010226 105.7342959 20190810121509 ;
1 0.1086 -0.0856 -0.0910 21.010226 105.7342959 20190810121509 ;
1 0.1020 0.1273 -0.0286 21.010226 105.7342959 20190810121509 ;
1 0.1703 -0.3607 -0.2339 21.010226 105.7342959 20190810121509 ;
1 0.1591 0.0925 -0.2394 21.010226 105.7342959 20190810121509 ;
1 0.0329 -0.0399 -0.3053 21.010226 105.7342959 20190810121509 ;
1 0.1168 -0.0147 -0.3889 21.010226 105.7342959 20190810121509 ;
1 0.2346 0.1052 -0.3864 21.010226 105.7342959 20190810121509 ;
1 0.1467 -0.0803 -0.3408 21.010226 105.7342959 20190810121509 ;
1 0.1115 0.0792 -0.4931 21.010226 105.7342959 20190810121509 ;
1 0.0924 -0.0410 -0.8818 21.010226 105.7342959 20190810121509 ;
1 0.1064 -0.0052 -0.7986 21.010226 105.7342959 20190810121509 ;
1 0.1234 0.0679 -0.4561 21.0102232 105.7345125 20190810121509 ;
1 0.2414 0.0274 -0.4870 21.0102232 105.7345125 20190810121509 ;
1 -0.0014 0.0311 -0.4766 21.0102232 105.7345125 20190810121509 ;
1 0.1467 0.0278 -0.6175 21.0102232 105.7345125 20190810121509 ;
1 0.1315 -0.0286 -0.5106 21.0102232 105.7345125 20190810121509 ;
1 0.1124 0.0109 -0.3418 21.0102232 105.7345125 20190810121509 ;
1 0.1273 -0.0504 -0.3344 21.0102232 105.7345125 20190810121509 ;
1 -0.0095 0.0416 -0.2873 21.0102232 105.7345125 20190810121509 ;
1 0.0691 0.0466 -0.3126 21.0102232 105.7345125 20190810121509 ;
1 0.1385 0.0129 -0.2417 21.0102232 105.7345125 20190810121509 ;
1 0.0927 -0.0252 0.0579 21.0102232 105.7345125 20190810121509 ;
1 0.0713 0.0529 0.0423 21.0102232 105.7345125 20190810121509 ;
1 0.0860 -0.0203 -0.0852 21.0102232 105.7345125 20190810121509 ;
1 0.0846 -0.0909 0.0885 21.0102232 105.7345125 20190810121509 ;
1 0.0772 0.0314 0.3590 21.0102232 105.7345125 20190810121509 ;
1 -0.0173 0.0352 0.2186 21.0102232 105.7345125 20190810121509 ;
1 0.0605 -0.0718 0.2204 21.0102232 105.7345125 20190810121510 ;
1 0.0897 -0.1009 0.3491 21.0102232 105.7345125 20190810121510 ;
1 0.1109 -0.0245 0.2687 21.0102232 105.7345125 20190810121510 ;
1 -0.0420 -0.2431 0.4639 21.0102232 105.7345125 20190810121510 ;
1 0.0214 -0.0777 0.3863 21.0102232 105.7345125 20190810121510 ;
1 -0.0565 -0.1419 0.3273 21.0102232 105.7345125 20190810121510 ;
1 0.0967 -0.1277 0.3856 21.0102232 105.7345125 20190810121510 ;
1 0.0797 -0.4410 0.2943 21.0102232 105.7345125 20190810121510 ;
1 -0.0911 -0.2752 0.2296 21.0102232 105.7345125 20190810121510 ;
1 -0.0176 -0.1426 0.2945 21.0102232 105.7345125 20190810121510 ;
1 0.1077 -0.4131 -0.0311 21.0102232 105.7345125 20190810121510 ;
1 -0.0799 -0.2573 0.2881 21.0102232 105.7345125 20190810121510 ;
1 -0.0802 -0.1644 0.0397 21.0102232 105.7345125 20190810121510 ;
1 -0.0379 -0.2714 -0.1780 21.0102232 105.7345125 20190810121510 ;
1 -0.0497 -0.2010 -0.0557 21.0102232 105.7345125 20190810121510 ;
1 0.0789 -0.3379 -0.3125 21.0102232 105.7345125 20190810121510 ;
1 -0.1041 -0.0846 -0.0917 21.0102232 105.7345125 20190810121510 ;
1 -0.1478 -0.3780 -0.4247 21.0102232 105.7345125 20190810121510 ;
1 -0.1057 0.0827 -0.4505 21.0102232 105.7345125 20190810121510 ;
1 0.0365 -0.3988 -0.4367 21.0102232 105.7345125 20190810121510 ;
1 -0.1192 -0.0766 0.0926 21.0102232 105.7345125 20190810121510 ;
1 -0.0282 -0.2529 -0.6801 21.0102232 105.7345125 20190810121510 ;
1 -0.0683 -0.0593 -0.3497 21.0102232 105.7345125 20190810121510 ;
1 -0.1716 -0.1505 -0.2817 21.0102232 105.7345125 20190810121510 ;
1 -0.2129 -0.1896 -0.0485 21.0102232 105.7345125 20190810121510 ;
1 -0.1283 -0.3641 -0.1864 21.0102232 105.7345125 20190810121510 ;
1 -0.2749 0.0042 -0.0168 21.0102232 105.7345125 20190810121510 ;
1 -0.2053 -0.1832 -0.3234 21.0102232 105.7345125 20190810121510 ;
1 -0.1523 -0.2289 -0.0502 21.0102232 105.7345125 20190810121510 ;
1 -0.2901 -0.0748 0.3010 21.0102232 105.7345125 20190810121510 ;
1 -0.2055 -0.1619 0.0351 21.0102016 105.7347286 20190810121510 ;
1 -0.2679 -0.1232 0.1732 21.0102016 105.7347286 20190810121510 ;
1 -0.2072 -0.1141 0.1528 21.0102016 105.7347286 20190810121510 ;
1 -0.2345 -0.2094 0.1694 21.0102016 105.7347286 20190810121510 ;
1 -0.2218 -0.2300 -0.0602 21.0102016 105.7347286 20190810121510 ;
1 -0.3383 -0.1660 0.2064 21.0102016 105.7347286 20190810121510 ;
1 -0.1894 -0.1325 0.1541 21.0102016 105.7347286 20190810121510 ;
1 -0.2106 -0.1136 0.2646 21.0102016 105.7347286 20190810121510 ;
1 -0.4034 -0.4326 0.3694 21.0102016 105.7347286 20190810121510 ;
1 -0.7413 -0.0724 0.3050 21.0102016 105.7347286 20190810121510 ;
1 -0.2080 0.0021 -0.3322 21.0102016 105.7347286 20190810121510 ;
1 -0.0206 -0.3804 0.0810 21.0102016 105.7347286 20190810121510 ;
1 -0.6939 -0.0473 0.5750 21.0102016 105.7347286 20190810121510 ;
1 -0.4926 -0.1110 -0.0704 21.0102016 105.7347286 20190810121510 ;
1 -0.1174 -0.1277 -0.0466 21.0102016 105.7347286 20190810121510 ;
1 -0.3399 -0.2559 0.1174 21.0102016 105.7347286 20190810121510 ;
1 -0.5579 0.0033 0.1699 21.0102016 105.7347286 20190810121510 ;
1 -0.3609 0.0104 0.1552 21.0102016 105.7347286 20190810121510 ;
1 -0.2205 -0.3222 0.2608 21.0102016 105.7347286 20190810121511 ;
1 -0.3086 0.0916 -0.0932 21.0102016 105.7347286 20190810121511 ;
1 -0.3744 -0.0555 0.0544 21.0102016 105.7347286 20190810121511 ;
1 -0.4155 -0.0590 0.4720 21.0102016 105.7347286 20190810121511 ;
1 -0.4552 -0.4355 0.1003 21.0102016 105.7347286 20190810121511 ;
1 -0.2101 0.0995 -0.0975 21.0102016 105.7347286 20190810121511 ;
1 -0.1548 -0.1010 -0.0511 21.0102016 105.7347286 20190810121511 ;
1 -0.3279 -0.1891 0.0812 21.0102016 105.7347286 20190810121511 ;
1 -0.4926 -0.2323 0.0382 21.0102016 105.7347286 20190810121511 ;
1 -0.3031 -0.0122 -0.1293 21.0102016 105.7347286 20190810121511 ;
1 -0.3137 -0.3533 -0.2681 21.0102016 105.7347286 20190810121511 ;
1 -0.3142 -0.1265 -0.0719 21.0102016 105.7347286 20190810121511 ;
1 -0.4071 -0.1507 0.0329 21.0102016 105.7347286 20190810121511 ;
1 -0.3164 -0.4778 0.0117 21.0102016 105.7347286 20190810121511 ;
1 -0.4020 -0.0716 0.0337 21.0102016 105.7347286 20190810121511 ;
1 -0.3354 -0.1404 -0.3083 21.0102016 105.7347286 20190810121511 ;
1 -0.2963 -0.2269 0.3464 21.0102016 105.7347286 20190810121511 ;
1 -0.4454 -0.3932 0.3375 21.0102016 105.7347286 20190810121511 ;
1 -0.3577 0.0305 0.0231 21.0102016 105.7347286 20190810121511 ;
1 -0.4148 -0.3531 0.0889 21.0102016 105.7347286 20190810121511 ;
1 -0.2611 -0.1050 0.3015 21.0102016 105.7347286 20190810121511 ;
1 -0.3150 -0.0877 0.0196 21.0102016 105.7347286 20190810121511 ;
1 -0.4530 -0.2012 0.0562 21.0102016 105.7347286 20190810121511 ;
1 -0.2628 0.1477 0.1666 21.0102016 105.7347286 20190810121511 ;
1 -0.0721 -0.2951 -0.3052 21.0102016 105.7347286 20190810121511 ;
1 -0.2233 0.0991 0.1906 21.0102016 105.7347286 20190810121511 ;
1 -0.2007 -0.1108 -0.3171 21.0102016 105.7347286 20190810121511 ;
1 -0.2853 0.1999 -0.2439 21.0102016 105.7347286 20190810121511 ;
1 -0.1584 -0.1449 -0.5428 21.0102016 105.7347286 20190810121511 ;
1 -0.1912 0.1045 -0.0945 21.0102016 105.7347286 20190810121511 ;
1 -0.2498 0.0412 -0.3862 21.0102016 105.7347286 20190810121511 ;
1 -0.2209 0.1892 -0.5634 21.0102016 105.7347286 20190810121511 ;
1 -0.1584 -0.0142 -0.5788 21.0102016 105.7347286 20190810121511 ;
1 -0.1478 0.0454 -0.3410 21.0102016 105.7347286 20190810121511 ;
1 -0.2615 0.1149 -0.4344 21.0102016 105.7347286 20190810121511 ;
1 -0.1044 -0.0681 -0.6828 21.0101821 105.7349419 20190810121511 ;
1 -0.1819 0.1262 -0.5814 21.0101821 105.7349419 20190810121511 ;
1 -0.1490 0.0208 -0.6258 21.0101821 105.7349419 20190810121511 ;
1 -0.1794 -0.0199 -0.1746 21.0101821 105.7349419 20190810121511 ;
1 -0.0664 -0.0030 -0.4979 21.0101821 105.7349419 20190810121511 ;
1 -0.2305 0.1107 -0.5957 21.0101821 105.7349419 20190810121511 ;
1 -0.1289 0.1906 -0.4834 21.0101821 105.7349419 20190810121511 ;
1 -0.1533 -0.2640 -0.6652 21.0101821 105.7349419 20190810121511 ;
1 -0.1327 0.2043 -0.2978 21.0101821 105.7349419 20190810121511 ;
1 -0.0744 -0.1213 -0.5366 21.0101821 105.7349419 20190810121511 ;
1 -0.1087 -0.0619 -0.3484 21.0101821 105.7349419 20190810121511 ;
1 -0.1873 0.0143 -0.0391 21.0101821 105.7349419 20190810121511 ;
1 0.0192 -0.0193 -0.6783 21.0101821 105.7349419 20190810121511 ;
1 -0.0957 -0.0781 -0.3626 21.0101821 105.7349419 20190810121511 ;
1 -0.2465 0.1468 -0.0031 21.0101821 105.7349419 20190810121511 ;
1 -0.0582 -0.0380 -0.3791 21.0101821 105.7349419 20190810121512 ;
1 -0.0417 -0.2039 -0.4342 21.0101821 105.7349419 20190810121512 ;
1 -0.1939 0.3023 0.2680 21.0101821 105.7349419 20190810121512 ;
1 0.0084 -0.2262 -0.8989 21.0101821 105.7349419 20190810121512 ;
1 -0.1902 0.1884 -0.3425 21.0101821 105.7349419 20190810121512 ;
1 -0.1597 -0.2332 -0.0217 21.0101821 105.7349419 20190810121512 ;
1 0.0043 0.3184 -0.0223 21.0101821 105.7349419 20190810121512 ;
1 -0.0839 0.0846 -0.1536 21.0101821 105.7349419 20190810121512 ;
1 -0.1046 0.1062 0.0336 21.0101821 105.7349419 20190810121512 ;
1 -0.1335 0.1916 -0.0926 21.0101821 105.7349419 20190810121512 ;
1 -0.0312 0.1176 -0.0438 21.0101821 105.7349419 20190810121512 ;
1 -0.0272 -0.1094 0.0951 21.0101821 105.7349419 20190810121512 ;
1 -0.1218 0.2430 0.1924 21.0101821 105.7349419 20190810121512 ;
1 -0.1725 0.1118 -0.1781 21.0101821 105.7349419 20190810121512 ;
1 -0.1392 0.1356 0.1977 21.0101821 105.7349419 20190810121512 ;
1 0.0421 0.0115 0.1473 21.0101821 105.7349419 20190810121512 ;
1 -0.0377 0.2220 0.0674 21.0101821 105.7349419 20190810121512 ;
1 -0.3771 0.1440 0.3643 21.0101821 105.7349419 20190810121512 ;
1 0.0042 -0.2200 -0.0338 21.0101821 105.7349419 20190810121512 ;
1 -0.1861 0.1876 0.4208 21.0101821 105.7349419 20190810121512 ;
1 -0.0647 -0.0051 0.3138 21.0101821 105.7349419 20190810121512 ;
1 -0.1996 -0.0747 0.2811 21.0101821 105.7349419 20190810121512 ;
1 -0.3124 0.0833 0.4517 21.0101821 105.7349419 20190810121512 ;
1 -0.1194 0.0664 0.2753 21.0101821 105.7349419 20190810121512 ;
1 -0.0610 -0.1200 0.6463 21.0101821 105.7349419 20190810121512 ;
1 -0.1586 0.0228 0.7850 21.0101821 105.7349419 20190810121512 ;
1 -0.1780 -0.0822 0.1959 21.0101821 105.7349419 20190810121512 ;
1 -0.3425 -0.0068 0.8839 21.0101821 105.7349419 20190810121512 ;
1 -0.1769 -0.0005 1.0636 21.0101821 105.7349419 20190810121512 ;
1 -0.1733 0.1651 0.9005 21.0101821 105.7349419 20190810121512 ;
1 -0.1842 -0.0876 0.8172 21.0101821 105.7349419 20190810121512 ;
1 -0.2397 0.0726 0.7638 21.0101821 105.7349419 20190810121512 ;
1 -0.1260 -0.0461 0.3753 21.0101671 105.7351584 20190810121512 ;
1 0.0429 -0.0987 0.5761 21.0101671 105.7351584 20190810121512 ;
1 0.0127 -0.1571 0.5449 21.0101671 105.7351584 20190810121512 ;
1 -0.1839 0.1175 0.5848 21.0101671 105.7351584 20190810121512 ;
1 -0.0810 0.0544 0.1296 21.0101671 105.7351584 20190810121512 ;
1 0.2222 -0.0419 -0.4250 21.0101671 105.7351584 20190810121512 ;
1 -0.1015 -0.0430 0.0407 21.0101671 105.7351584 20190810121512 ;
1 -0.0755 0.1595 -0.4142 21.0101671 105.7351584 20190810121512 ;
1 0.0059 -0.2297 -0.8524 21.0101671 105.7351584 20190810121512 ;
1 -0.1184 -0.1037 -0.7020 21.0101671 105.7351584 20190810121512 ;
1 -0.0727 0.1144 -0.7403 21.0101671 105.7351584 20190810121512 ;
1 -0.0275 -0.1203 -0.8802 21.0101671 105.7351584 20190810121512 ;
1 -0.0971 -0.0092 -0.8649 21.0101671 105.7351584 20190810121512 ;
1 -0.1585 0.1029 -0.6952 21.0101671 105.7351584 20190810121512 ;
1 -0.0662 -0.1115 -0.5895 21.0101671 105.7351584 20190810121512 ;
1 -0.0221 0.1153 -0.2638 21.0101671 105.7351584 20190810121512 ;
1 -0.0702 -0.4016 -0.5153 21.0101671 105.7351584 20190810121512 ;
1 -0.2602 0.2737 -0.1170 21.0101671 105.7351584 20190810121512 ;
1 -0.0980 -0.0854 -0.2545 21.0101671 105.7351584 20190810121513 ;
1 0.1070 -0.0333 -0.2338 21.0101671 105.7351584 20190810121513 ;
1 -0.1559 -0.0779 0.2068 21.0101671 105.7351584 20190810121513 ;
1 -0.1396 0.1682 0.0439 21.0101671 105.7351584 20190810121513 ;
1 -0.0188 -0.0960 -0.1601 21.0101671 105.7351584 20190810121513 ;
1 -0.0665 0.0176 0.3608 21.0101671 105.7351584 20190810121513 ;
1 -0.1028 0.1039 0.5214 21.0101671 105.7351584 20190810121513 ;
1 -0.1454 -0.2112 -0.1161 21.0101671 105.7351584 20190810121513 ;
1 -0.0170 0.1498 -0.1881 21.0101671 105.7351584 20190810121513 ;
1 -0.0344 0.1738 -0.3486 21.0101671 105.7351584 20190810121513 ;
1 -0.0313 0.0641 0.2944 21.0101671 105.7351584 20190810121513 ;
1 -0.0764 0.2113 0.3849 21.0101671 105.7351584 20190810121513 ;
1 -0.0241 0.2287 -0.1955 21.0101671 105.7351584 20190810121513 ;
1 -0.0214 0.0275 -0.0451 21.0101671 105.7351584 20190810121513 ;
1 -0.1048 0.3033 -0.0850 21.0101671 105.7351584 20190810121513 ;
1 0.0578 -0.0173 -0.7346 21.0101671 105.7351584 20190810121513 ;
1 -0.0804 0.1832 -0.3588 21.0101671 105.7351584 20190810121513 ;
1 -0.1553 0.3688 0.0805 21.0101671 105.7351584 20190810121513 ;
1 -0.0953 0.3380 0.0581 21.0101671 105.7351584 20190810121513 ;
1 -0.0149 0.1224 -0.0200 21.0101671 105.7351584 20190810121513 ;
1 -0.1307 0.0676 0.0368 21.0101671 105.7351584 20190810121513 ;
1 -0.1593 0.3624 -0.0847 21.0101671 105.7351584 20190810121513 ;
1 0.0226 0.0159 -0.1357 21.0101671 105.7351584 20190810121513 ;
1 -0.1872 0.0379 0.5568 21.0101671 105.7351584 20190810121513 ;
1 -0.0186 0.4260 0.4829 21.0101671 105.7351584 20190810121513 ;
1 -0.1395 0.0630 0.3208 21.0101671 105.7351584 20190810121513 ;
1 0.0162 -0.0873 0.0771 21.0101671 105.7351584 20190810121513 ;
1 -0.0309 0.2181 0.3015 21.0101671 105.7351584 20190810121513 ;
1 -0.0274 0.1671 0.1348 21.0101671 105.7351584 20190810121513 ;
1 -0.0446 -0.0896 0.0965 21.0101671 105.7351584 20190810121513 ;
1 -0.1254 -0.0566 0.1224 21.0101671 105.7351584 20190810121513 ;
1 -0.0174 0.0585 -0.2895 21.0101553 105.7353694 20190810121513 ;
1 -0.0529 -0.1094 -0.3888 21.0101553 105.7353694 20190810121513 ;
1 -0.0581 -0.0126 0.0915 21.0101553 105.7353694 20190810121513 ;
1 -0.0838 -0.2107 -0.1568 21.0101553 105.7353694 20190810121513 ;
1 -0.0927 0.1541 -0.2593 21.0101553 105.7353694 20190810121513 ;
1 0.1002 -0.0900 0.0010 21.0101553 105.7353694 20190810121513 ;
1 -0.0548 0.0133 0.0967 21.0101553 105.7353694 20190810121513 ;
1 -0.1477 0.1604 0.2171 21.0101553 105.7353694 20190810121513 ;
1 -0.1735 -0.1477 0.0546 21.0101553 105.7353694 20190810121513 ;
1 0.0018 0.0331 -0.1648 21.0101553 105.7353694 20190810121513 ;
1 -0.1417 0.1507 0.3595 21.0101553 105.7353694 20190810121513 ;
1 0.0036 0.0008 0.1674 21.0101553 105.7353694 20190810121513 ;
1 -0.0835 0.0262 0.1943 21.0101553 105.7353694 20190810121513 ;
1 -0.1505 0.2800 0.5488 21.0101553 105.7353694 20190810121513 ;
1 -0.0403 0.3734 0.1902 21.0101553 105.7353694 20190810121513 ;
1 0.0544 -0.1858 -0.0842 21.0101553 105.7353694 20190810121514 ;
1 -0.1634 0.3020 0.8480 21.0101553 105.7353694 20190810121514 ;
1 -0.2298 0.2304 0.4416 21.0101553 105.7353694 20190810121514 ;
1 0.0089 0.1842 0.0591 21.0101553 105.7353694 20190810121514 ;
1 -0.1987 0.3271 1.0226 21.0101553 105.7353694 20190810121514 ;
1 -0.0478 0.0875 0.3017 21.0101553 105.7353694 20190810121514 ;
1 -0.0809 -0.1706 -0.0222 21.0101553 105.7353694 20190810121514 ;
1 -0.1931 0.1844 0.3498 21.0101553 105.7353694 20190810121514 ;
1 0.1846 -0.1555 -0.0183 21.0101553 105.7353694 20190810121514 ;
1 -0.0055 0.1205 0.2808 21.0101553 105.7353694 20190810121514 ;
1 -0.1305 -0.1518 0.4637 21.0101553 105.7353694 20190810121514 ;
1 -0.0476 0.1972 -0.1977 21.0101553 105.7353694 20190810121514 ;
1 0.2016 -0.5648 -0.9437 21.0101553 105.7353694 20190810121514 ;
1 -0.0648 -0.3449 -0.4682 21.0101553 105.7353694 20190810121514 ;
1 -0.1035 0.0605 -0.2862 21.0101553 105.7353694 20190810121514 ;
1 0.1962 -0.5817 -1.2677 21.0101553 105.7353694 20190810121514 ;
1 -0.0923 -0.4119 -0.7981 21.0101553 105.7353694 20190810121514 ;
1 -0.0813 -0.1772 -0.4959 21.0101553 105.7353694 20190810121514 ;
1 0.1038 -0.1851 -1.2585 21.0101553 105.7353694 20190810121514 ;
1 0.0081 -0.4651 -0.9056 21.0101553 105.7353694 20190810121514 ;
1 -0.0896 -0.1694 -0.1719 21.0101553 105.7353694 20190810121514 ;
1 -0.0445 0.1632 -1.0518 21.0101553 105.7353694 20190810121514 ;
1 0.0541 -0.1317 -1.0001 21.0101553 105.7353694 20190810121514 ;
1 -0.0697 -0.0638 0.1750 21.0101553 105.7353694 20190810121514 ;
1 0.0233 0.3540 -0.8151 21.0101553 105.7353694 20190810121514 ;
1 -0.0133 0.0288 -0.8137 21.0101553 105.7353694 20190810121514 ;
1 -0.1914 0.0260 0.4314 21.0101553 105.7353694 20190810121514 ;
1 0.0733 0.4805 0.0784 21.0101553 105.7353694 20190810121514 ;
1 0.1419 0.6592 -0.2324 21.0101553 105.7353694 20190810121514 ;
1 -0.0809 0.1402 0.6379 21.0101553 105.7353694 20190810121514 ;
1 -0.2135 0.7112 0.3308 21.0101553 105.7353694 20190810121514 ;
1 0.1136 0.2728 -0.7448 21.0101553 105.7353694 20190810121514 ;
1 0.1158 0.1724 0.2718 21.0101553 105.7353694 20190810121514 ;
1 -0.1817 0.4416 0.7768 21.0101553 105.7353694 20190810121514 ;
1 0.0127 -0.0206 -0.2397 21.0101449 105.7355815 20190810121514 ;
1 -0.2021 0.5896 0.0961 21.0101449 105.7355815 20190810121514 ;
1 0.2517 -0.5800 -0.2305 21.0101449 105.7355815 20190810121514 ;
1 -0.1370 0.5062 0.7124 21.0101449 105.7355815 20190810121514 ;
1 -0.0809 0.2919 0.2082 21.0101449 105.7355815 20190810121514 ;
1 -0.0967 -0.0508 -0.2293 21.0101449 105.7355815 20190810121514 ;
1 0.0822 0.2383 -0.4575 21.0101449 105.7355815 20190810121514 ;
1 0.1431 -0.2524 0.0727 21.0101449 105.7355815 20190810121514 ;
1 -0.1576 0.2358 0.8049 21.0101449 105.7355815 20190810121514 ;
1 0.0565 0.0390 -0.2689 21.0101449 105.7355815 20190810121514 ;
1 0.2432 -0.0957 -0.4971 21.0101449 105.7355815 20190810121514 ;
1 -0.1356 0.1625 0.1310 21.0101449 105.7355815 20190810121514 ;
1 0.0845 0.2725 0.0266 21.0101449 105.7355815 20190810121514 ;
1 0.3790 -0.2951 -0.9472 21.0101449 105.7355815 20190810121514 ;
1 -0.2017 0.6001 0.0014 21.0101449 105.7355815 20190810121514 ;
1 -0.0276 0.0102 -0.2989 21.0101449 105.7355815 20190810121514 ;
1 0.0388 0.2294 -0.9210 21.0101449 105.7355815 20190810121514 ;
1 0.1265 0.1491 -0.5415 21.0101449 105.7355815 20190810121514 ;
1 0.0426 -0.1402 -0.1488 21.0101449 105.7355815 20190810121514 ;
1 -0.2436 0.7876 0.0840 21.0101449 105.7355815 20190810121515 ;
1 0.2303 0.0040 -1.0343 21.0101449 105.7355815 20190810121515 ;
1 0.0794 0.3799 0.0091 21.0101449 105.7355815 20190810121515 ;
1 -0.0345 0.2593 0.1955 21.0101449 105.7355815 20190810121515 ;
1 -0.0150 0.6066 -0.0759 21.0101449 105.7355815 20190810121515 ;
1 -0.1222 0.0551 -0.1033 21.0101449 105.7355815 20190810121515 ;
1 -0.0179 0.0410 0.3308 21.0101449 105.7355815 20190810121515 ;
1 0.0130 0.0883 0.2175 21.0101449 105.7355815 20190810121515 ;
1 -0.0244 0.0748 0.1535 21.0101449 105.7355815 20190810121515 ;
1 -0.0526 0.0851 0.0723 21.0101449 105.7355815 20190810121515 ;
1 -0.0460 0.0178 0.3753 21.0101449 105.7355815 20190810121515 ;
1 -0.0245 0.0106 0.5071 21.0101449 105.7355815 20190810121515 ;
1 0.1496 -0.2519 0.4931 21.0101449 105.7355815 20190810121515 ;
1 -0.2759 0.1649 0.7337 21.0101449 105.7355815 20190810121515 ;
1 -0.2822 -0.0523 0.2089 21.0101449 105.7355815 20190810121515 ;
1 0.0987 -0.2190 -0.0787 21.0101449 105.7355815 20190810121515 ;
1 0.1174 0.0996 0.8349 21.0101449 105.7355815 20190810121515 ;
1 -0.2045 0.0079 0.6594 21.0101449 105.7355815 20190810121515 ;
1 -0.2937 -0.0925 0.4756 21.0101449 105.7355815 20190810121515 ;
1 0.0341 -0.1099 0.5983 21.0101449 105.7355815 20190810121515 ;
1 0.0692 0.0423 0.4592 21.0101449 105.7355815 20190810121515 ;
1 -0.0699 -0.0619 0.3202 21.0101449 105.7355815 20190810121515 ;
1 -0.0710 -0.1205 0.1528 21.0101449 105.7355815 20190810121515 ;
1 -0.0372 0.1049 0.1437 21.0101449 105.7355815 20190810121515 ;
1 0.2072 -0.0638 -0.5115 21.0101449 105.7355815 20190810121515 ;
1 0.1337 -0.2793 -0.2435 21.0101449 105.7355815 20190810121515 ;
1 0.0016 -0.4535 0.0501 21.0101449 105.7355815 20190810121515 ;
1 -0.1089 -0.0566 -0.9142 21.0101449 105.7355815 20190810121515 ;
1 -0.0038 -0.1766 -1.0095 21.0101449 105.7355815 20190810121515 ;
1 0.1618 -0.6644 -0.4493 21.0101449 105.7355815 20190810121515 ;
1 0.0851 0.3082 -0.6931 21.0101449 105.7355815 20190810121515 ;
1 -0.1296 -0.3583 -1.4963 21.0101337 105.7357845 20190810121515 ;
1 -0.0943 -0.2020 -0.8061 21.0101337 105.7357845 20190810121515 ;
1 0.2022 0.0997 -0.8696 21.0101337 105.7357845 20190810121515 ;
1 -0.0100 -0.1241 -0.9462 21.0101337 105.7357845 20190810121515 ;
1 -0.1696 -0.1214 -0.4916 21.0101337 105.7357845 20190810121515 ;
1 -0.0848 0.1265 -0.1110 21.0101337 105.7357845 20190810121515 ;
1 0.1930 0.3477 -0.9789 21.0101337 105.7357845 20190810121515 ;
1 -0.1229 -0.0942 -0.1136 21.0101337 105.7357845 20190810121515 ;
1 -0.0900 0.3822 0.7057 21.0101337 105.7357845 20190810121515 ;
1 0.1066 0.3153 -0.4067 21.0101337 105.7357845 20190810121515 ;
1 -0.2027 0.3718 -0.1449 21.0101337 105.7357845 20190810121515 ;
1 -0.1148 0.3305 0.9107 21.0101337 105.7357845 20190810121515 ;
1 -0.2866 -0.0993 0.7041 21.0101337 105.7357845 20190810121515 ;
1 -0.1478 0.2039 0.9695 21.0101337 105.7357845 20190810121515 ;
1 -0.1006 0.3364 0.1804 21.0101337 105.7357845 20190810121515 ;
1 -0.4760 -0.0221 1.1522 21.0101337 105.7357845 20190810121515 ;
1 -0.0983 0.6672 1.3214 21.0101337 105.7357845 20190810121515 ;
1 0.0593 0.0501 0.5506 21.0101337 105.7357845 20190810121515 ;
1 -0.1427 -0.2839 1.4769 21.0101337 105.7357845 20190810121516 ;
1 -0.5191 -0.2183 2.5406 21.0101337 105.7357845 20190810121516 ;
1 0.4683 0.0410 -0.8400 21.0101337 105.7357845 20190810121516 ;
1 -0.2896 -0.1242 1.4361 21.0101337 105.7357845 20190810121516 ;
1 0.0497 0.0140 1.4766 21.0101337 105.7357845 20190810121516 ;
1 0.0340 0.0475 -0.7111 21.0101337 105.7357845 20190810121516 ;
1 -0.2295 -0.3236 0.1027 21.0101337 105.7357845 20190810121516 ;
1 0.0002 -0.4783 0.4682 21.0101337 105.7357845 20190810121516 ;
1 0.0072 -0.2713 -0.3943 21.0101337 105.7357845 20190810121516 ;
1 -0.1055 -0.2577 0.0555 21.0101337 105.7357845 20190810121516 ;
1 -0.1555 -0.1900 -0.0939 21.0101337 105.7357845 20190810121516 ;
1 0.0213 -0.0884 -1.0692 21.0101337 105.7357845 20190810121516 ;
1 -0.0544 -0.3054 -0.6031 21.0101337 105.7357845 20190810121516 ;
1 -0.0118 0.0264 0.3745 21.0101337 105.7357845 20190810121516 ;
1 0.0422 -0.2099 -0.3073 21.0101337 105.7357845 20190810121516 ;
1 -0.1279 0.0715 -0.2419 21.0101337 105.7357845 20190810121516 ;
1 -0.0332 0.1730 -0.4134 21.0101337 105.7357845 20190810121516 ;
1 0.0537 -0.0758 -0.7202 21.0101337 105.7357845 20190810121516 ;
1 -0.0709 0.2869 -0.3530 21.0101337 105.7357845 20190810121516 ;
1 -0.1821 0.3296 -0.2285 21.0101337 105.7357845 20190810121516 ;
1 -0.1727 0.4129 -0.4818 21.0101337 105.7357845 20190810121516 ;
1 -0.0080 0.3486 -0.3789 21.0101337 105.7357845 20190810121516 ;
1 -0.0398 0.3524 0.0733 21.0101337 105.7357845 20190810121516 ;
1 -0.0863 0.2135 0.0176 21.0101337 105.7357845 20190810121516 ;
1 -0.3101 0.1876 0.5188 21.0101337 105.7357845 20190810121516 ;
1 0.0423 0.2813 -0.0376 21.0101337 105.7357845 20190810121516 ;
1 -0.0734 0.3314 0.3808 21.0101337 105.7357845 20190810121516 ;
1 -0.1391 0.1920 0.6927 21.0101337 105.7357845 20190810121516 ;
1 -0.1493 0.3389 0.4230 21.0101337 105.7357845 20190810121516 ;
1 -0.2174 0.3927 0.6039 21.0101337 105.7357845 20190810121516 ;
1 0.0808 -0.0346 0.0441 21.0101337 105.7357845 20190810121516 ;
1 -0.0783 -0.0624 0.4295 21.0101337 105.7357845 20190810121516 ;
1 -0.1395 0.1803 0.5547 21.0101184 105.7359885 20190810121516 ;
1 -0.2498 -0.2436 0.2731 21.0101184 105.7359885 20190810121516 ;
1 0.0781 -0.2980 0.1173 21.0101184 105.7359885 20190810121516 ;
1 -0.2253 0.2826 0.7706 21.0101184 105.7359885 20190810121516 ;
1 -0.0965 -0.3576 -0.0055 21.0101184 105.7359885 20190810121516 ;
1 -0.1193 0.0157 0.0865 21.0101184 105.7359885 20190810121516 ;
1 -0.2411 -0.0830 0.0937 21.0101184 105.7359885 20190810121516 ;
1 0.0043 -0.3563 0.2179 21.0101184 105.7359885 20190810121516 ;
1 -0.3020 0.1205 0.6011 21.0101184 105.7359885 20190810121516 ;
1 -0.0468 -0.0463 0.2029 21.0101184 105.7359885 20190810121516 ;
1 -0.0637 -0.1052 0.3043 21.0101184 105.7359885 20190810121516 ;
1 -0.1381 0.0141 0.3578 21.0101184 105.7359885 20190810121516 ;
1 -0.1056 0.0749 0.2902 21.0101184 105.7359885 20190810121516 ;
1 -0.0665 0.0163 0.3641 21.0101184 105.7359885 20190810121516 ;
1 -0.1328 0.0364 0.3294 21.0101184 105.7359885 20190810121516 ;
1 -0.1810 0.2688 0.5062 21.0101184 105.7359885 20190810121516 ;
1 -0.2905 0.0649 0.2534 21.0101184 105.7359885 20190810121517 ;
1 -1.0858 0.0358 2.5024 21.0101184 105.7359885 20190810121517 ;
1 0.0561 0.0757 1.1625 21.0101184 105.7359885 20190810121517 ;
1 0.4568 0.0359 -1.2865 21.0101184 105.7359885 20190810121517 ;
1 -1.2121 -0.1842 2.0559 21.0101184 105.7359885 20190810121517 ;
1 -0.3065 0.5625 1.2239 21.0101184 105.7359885 20190810121517 ;
1 0.3305 -0.4770 -0.2862 21.0101184 105.7359885 20190810121517 ;
1 0.0025 -0.1724 2.9542 21.0101184 105.7359885 20190810121517 ;
1 -0.2537 0.9119 2.7059 21.0101184 105.7359885 20190810121517 ;
1 -0.1109 -0.5782 -1.1535 21.0101184 105.7359885 20190810121517 ;
1 -0.1926 -0.1016 -0.0027 21.0101184 105.7359885 20190810121517 ;
1 0.8793 -0.3205 -0.2109 21.0101184 105.7359885 20190810121517 ;
1 -0.3673 0.4426 -0.4491 21.0101184 105.7359885 20190810121517 ;
1 -0.6912 0.1156 -0.4192 21.0101184 105.7359885 20190810121517 ;
1 0.4883 -0.2883 -2.3466 21.0101184 105.7359885 20190810121517 ;
1 -0.0954 0.3444 -0.8873 21.0101184 105.7359885 20190810121517 ;
1 0.0735 0.2630 0.0147 21.0101184 105.7359885 20190810121517 ;
1 -0.1266 -0.5396 -1.8067 21.0101184 105.7359885 20190810121517 ;
1 -0.3578 0.2712 -1.8479 21.0101184 105.7359885 20190810121517 ;
1 0.5380 -0.3949 -2.0676 21.0101184 105.7359885 20190810121517 ;
1 -0.3729 0.2525 -0.8752 21.0101184 105.7359885 20190810121517 ;
1 -0.3280 -0.1573 -0.8416 21.0101184 105.7359885 20190810121517 ;
1 0.2754 -0.0304 -1.7525 21.0101184 105.7359885 20190810121517 ;
1 0.0888 -0.1267 -1.5274 21.0101184 105.7359885 20190810121517 ;
1 -0.3533 -0.0531 0.2263 21.0101184 105.7359885 20190810121517 ;
1 0.0004 0.3319 -1.0051 21.0101184 105.7359885 20190810121517 ;
1 0.0862 -0.5101 -1.4576 21.0101184 105.7359885 20190810121517 ;
1 -0.1979 0.3323 0.9970 21.0101184 105.7359885 20190810121517 ;
1 -0.1205 -0.0628 -0.2178 21.0101184 105.7359885 20190810121517 ;
1 -0.1854 -0.0710 -0.6041 21.0101184 105.7359885 20190810121517 ;
1 -0.0236 0.4301 0.4222 21.0101184 105.7359885 20190810121517 ;
1 -0.1581 0.4175 0.3875 21.0101184 105.7359885 20190810121517 ;
1 -0.1884 0.0255 0.0414 21.0100984 105.7361903 20190810121517 ;
1 -0.1227 0.3765 1.1685 21.0100984 105.7361903 20190810121517 ;
1 -0.2690 -0.4382 1.0238 21.0100984 105.7361903 20190810121517 ;
1 -0.6546 0.1200 2.2865 21.0100984 105.7361903 20190810121517 ;
1 -1.0785 0.5405 2.9298 21.0100984 105.7361903 20190810121517 ;
1 -0.8212 0.0399 3.3198 21.0100984 105.7361903 20190810121517 ;
1 0.4602 0.1654 0.5852 21.0100984 105.7361903 20190810121517 ;
1 -1.2354 0.2156 3.4671 21.0100984 105.7361903 20190810121517 ;
1 -0.9861 -0.4519 2.9233 21.0100984 105.7361903 20190810121517 ;
1 0.4792 0.3643 1.7592 21.0100984 105.7361903 20190810121517 ;
1 0.0727 -0.0667 3.4939 21.0100984 105.7361903 20190810121517 ;
1 -1.0022 1.0334 6.2504 21.0100984 105.7361903 20190810121517 ;
1 0.5259 -0.8816 0.9859 21.0100984 105.7361903 20190810121517 ;
1 -0.2252 0.0746 1.1926 21.0100984 105.7361903 20190810121517 ;
1 -0.2105 -0.3092 2.6553 21.0100984 105.7361903 20190810121517 ;
1 0.0945 0.6629 0.9624 21.0100984 105.7361903 20190810121517 ;
1 -0.7433 -0.9944 -0.4988 21.0100984 105.7361903 20190810121517 ;
1 -0.1567 0.7902 0.3196 21.0100984 105.7361903 20190810121518 ;
1 -0.1654 0.1758 -0.0457 21.0100984 105.7361903 20190810121518 ;
1 -0.7208 -0.9837 -0.6134 21.0100984 105.7361903 20190810121518 ;
1 -0.1108 0.3312 -0.1660 21.0100984 105.7361903 20190810121518 ;
1 0.0204 -0.3715 -0.9225 21.0100984 105.7361903 20190810121518 ;
1 -0.8687 0.4578 0.8662 21.0100984 105.7361903 20190810121518 ;
1 -0.3024 -1.4413 0.0952 21.0100984 105.7361903 20190810121518 ;
1 -0.4455 -0.0546 0.0672 21.0100984 105.7361903 20190810121518 ;
1 0.2090 -0.0789 -1.2807 21.0100984 105.7361903 20190810121518 ;
1 0.2984 -0.5936 -1.6935 21.0100984 105.7361903 20190810121518 ;
1 0.2888 -0.8936 -2.6164 21.0100984 105.7361903 20190810121518 ;
1 -0.1965 0.3099 -1.3518 21.0100984 105.7361903 20190810121518 ;
1 0.3129 -0.1834 -2.0446 21.0100984 105.7361903 20190810121518 ;
1 0.8440 -0.7557 -2.4383 21.0100984 105.7361903 20190810121518 ;
1 0.2138 -0.3816 -2.4753 21.0100984 105.7361903 20190810121518 ;
1 0.1818 0.4638 -4.7099 21.0100984 105.7361903 20190810121518 ;
1 -0.2609 -0.3505 -6.8412 21.0100984 105.7361903 20190810121518 ;
1 0.7914 -0.6669 -6.6941 21.0100984 105.7361903 20190810121518 ;
1 0.2902 -0.0568 -4.3690 21.0100984 105.7361903 20190810121518 ;
1 -0.1485 0.2868 -4.4793 21.0100984 105.7361903 20190810121518 ;
1 -0.0285 0.0479 -5.6666 21.0100984 105.7361903 20190810121518 ;
1 0.3907 -0.4453 -5.0622 21.0100984 105.7361903 20190810121518 ;
1 0.2420 0.1465 -3.4319 21.0100984 105.7361903 20190810121518 ;
1 -0.2003 0.3288 -3.0081 21.0100984 105.7361903 20190810121518 ;
1 -0.0304 0.1233 -3.0518 21.0100984 105.7361903 20190810121518 ;
1 0.2052 -0.0359 -2.1604 21.0100984 105.7361903 20190810121518 ;
1 -0.0508 0.4279 -1.0019 21.0100984 105.7361903 20190810121518 ;
1 -0.1213 0.4252 -0.9270 21.0100984 105.7361903 20190810121518 ;
1 0.1543 -0.0346 -0.6346 21.0100984 105.7361903 20190810121518 ;
1 -0.0023 0.3603 0.5645 21.0100984 105.7361903 20190810121518 ;
1 0.0703 0.2638 0.4107 21.0100984 105.7361903 20190810121518 ;
1 -0.1398 0.4751 1.1114 21.0100984 105.7361903 20190810121518 ;
1 0.0066 0.3149 1.6843 21.0100984 105.7361903 20190810121518 ;
1 0.1805 0.2618 1.8548 21.0100919 105.73639 20190810121518 ;
1 -0.0389 0.3260 2.3692 21.0100919 105.73639 20190810121518 ;
1 -0.0314 0.2136 2.5664 21.0100919 105.73639 20190810121518 ;
1 0.1853 -0.0538 2.1836 21.0100919 105.73639 20190810121518 ;
1 0.1464 -0.0021 2.2065 21.0100919 105.73639 20190810121518 ;
1 0.1557 0.0030 2.3438 21.0100919 105.73639 20190810121518 ;
1 0.2246 -0.2578 1.6823 21.0100919 105.73639 20190810121518 ;
1 0.1493 -0.4663 1.5517 21.0100919 105.73639 20190810121518 ;
1 0.2142 0.0179 1.5331 21.0100919 105.73639 20190810121518 ;
1 0.5356 -0.6064 0.1425 21.0100919 105.73639 20190810121518 ;
1 0.3088 -0.3743 0.5637 21.0100919 105.73639 20190810121518 ;
1 0.2230 -0.5410 0.1426 21.0100919 105.73639 20190810121518 ;
1 0.2734 -0.1510 -0.2834 21.0100919 105.73639 20190810121518 ;
1 0.3562 -0.4170 -0.5743 21.0100919 105.73639 20190810121518 ;
1 0.2002 -0.3723 -0.1710 21.0100919 105.73639 20190810121518 ;
1 0.0844 -0.0108 -0.0737 21.0100919 105.73639 20190810121518 ;
1 0.2122 -0.3193 -0.5732 21.0100919 105.73639 20190810121518 ;
1 0.2714 -0.1439 -0.6148 21.0100919 105.73639 20190810121518 ;
1 0.3394 -0.0243 -0.9702 21.0100919 105.73639 20190810121519 ;
1 0.2563 -0.1979 -0.5016 21.0100919 105.73639 20190810121519 ;
1 0.1053 -0.7133 0.0124 21.0100919 105.73639 20190810121519 ;
1 0.2185 -0.0272 0.2883 21.0100919 105.73639 20190810121519 ;
1 0.4547 -1.0385 -0.4329 21.0100919 105.73639 20190810121519 ;
1 -0.3034 1.6814 1.9675 21.0100919 105.73639 20190810121519 ;
1 0.8004 -1.6544 -2.1202 21.0100919 105.73639 20190810121519 ;
1 0.9906 0.4055 -1.9383 21.0100919 105.73639 20190810121519 ;
1 -0.3701 -0.6121 0.1604 21.0100919 105.73639 20190810121519 ;
1 0.3928 0.2466 -0.3530 21.0100919 105.73639 20190810121519 ;
1 1.0366 -1.2640 -2.0990 21.0100919 105.73639 20190810121519 ;
1 0.2383 0.4600 0.6810 21.0100919 105.73639 20190810121519 ;
1 -0.3941 -0.1896 -0.0945 21.0100919 105.73639 20190810121519 ;
1 1.6139 0.1105 -3.7240 21.0100919 105.73639 20190810121519 ;
1 0.1120 -1.0736 -2.6922 21.0100919 105.73639 20190810121519 ;
1 0.2279 0.5929 -0.5126 21.0100919 105.73639 20190810121519 ;
1 0.5641 0.3633 -2.7757 21.0100919 105.73639 20190810121519 ;
1 0.3633 -0.9247 -2.5916 21.0100919 105.73639 20190810121519 ;
1 0.4524 0.0281 -0.2667 21.0100919 105.73639 20190810121519 ;
1 0.1363 0.6301 -1.1668 21.0100919 105.73639 20190810121519 ;
1 0.5488 -0.1624 -2.4681 21.0100919 105.73639 20190810121519 ;
1 0.4042 -0.1988 -1.1078 21.0100919 105.73639 20190810121519 ;
1 0.1213 0.3210 -0.3504 21.0100919 105.73639 20190810121519 ;
1 0.4458 0.3551 -0.7648 21.0100919 105.73639 20190810121519 ;
1 0.2873 -0.0962 -0.2581 21.0100919 105.73639 20190810121519 ;
1 0.2361 0.0613 0.8014 21.0100919 105.73639 20190810121519 ;
1 0.2518 0.2985 0.6316 21.0100919 105.73639 20190810121519 ;
1 0.3315 -0.0750 0.2256 21.0100919 105.73639 20190810121519 ;
1 0.1377 0.4521 1.5954 21.0100919 105.73639 20190810121519 ;
1 0.1537 -0.1525 1.2239 21.0100919 105.73639 20190810121519 ;
1 0.2393 0.1859 1.5919 21.0100919 105.73639 20190810121519 ;
1 0.2241 -0.0967 1.7691 21.0100919 105.73639 20190810121519 ;
1 0.1690 0.0825 1.8037 21.0100919 105.73639 20190810121519 ;
1 0.2893 0.0741 2.0146 21.0100919 105.73639 20190810121519 ;
1 0.1372 -0.1706 2.0969 21.0100792 105.7365892 20190810121519 ;
1 0.1464 0.1770 2.3027 21.0100792 105.7365892 20190810121519 ;
1 0.5524 -0.2224 1.0753 21.0100792 105.7365892 20190810121519 ;
1 0.1251 -0.2647 1.3123 21.0100792 105.7365892 20190810121519 ;
1 0.1590 0.0147 1.4381 21.0100792 105.7365892 20190810121519 ;
1 0.5907 -0.0259 0.3299 21.0100792 105.7365892 20190810121519 ;
1 0.4861 -0.0244 0.8482 21.0100792 105.7365892 20190810121519 ;
1 0.4567 -0.0445 0.7289 21.0100792 105.7365892 20190810121519 ;
1 0.3913 0.0719 -0.4938 21.0100792 105.7365892 20190810121519 ;
1 0.3914 -0.0429 -0.4537 21.0100792 105.7365892 20190810121519 ;
1 0.4309 -0.1356 -0.1768 21.0100792 105.7365892 20190810121519 ;
1 0.5639 0.0264 -0.6446 21.0100792 105.7365892 20190810121519 ;
1 0.2470 0.0836 -0.9465 21.0100792 105.7365892 20190810121520 ;
1 0.0757 0.2183 -0.6177 21.0100792 105.7365892 20190810121520 ;
1 0.5434 -0.0559 -1.1049 21.0100792 105.7365892 20190810121520 ;
1 0.3784 0.0498 -0.5393 21.0100792 105.7365892 20190810121520 ;
1 0.2528 0.0617 -0.4112 21.0100792 105.7365892 20190810121520 ;
1 0.1734 -0.0742 -0.8345 21.0100792 105.7365892 20190810121520 ;
1 0.4612 -0.1461 -1.1948 21.0100792 105.7365892 20190810121520 ;
1 0.2797 0.2059 -0.1622 21.0100792 105.7365892 20190810121520 ;
1 0.4304 0.0866 0.2326 21.0100792 105.7365892 20190810121520 ;
1 0.3006 -0.1870 0.3357 21.0100792 105.7365892 20190810121520 ;
1 0.1350 0.1619 -0.0180 21.0100792 105.7365892 20190810121520 ;
1 0.2804 -0.3901 -0.2177 21.0100792 105.7365892 20190810121520 ;
1 0.3263 -0.1011 0.5426 21.0100792 105.7365892 20190810121520 ;
1 0.1754 -0.0720 0.5784 21.0100792 105.7365892 20190810121520 ;
1 0.2009 -0.1087 0.3427 21.0100792 105.7365892 20190810121520 ;
1 0.1682 0.0087 0.3357 21.0100792 105.7365892 20190810121520 ;
1 0.2733 -0.1116 0.7867 21.0100792 105.7365892 20190810121520 ;
1 0.5411 -0.2195 0.6585 21.0100792 105.7365892 20190810121520 ;
1 0.4841 -0.7534 0.5802 21.0100792 105.7365892 20190810121520 ;
1 -0.2420 0.8176 1.8673 21.0100792 105.7365892 20190810121520 ;
1 0.2178 -0.4641 0.6722 21.0100792 105.7365892 20190810121520 ;
1 1.8398 -0.2999 -2.8200 21.0100792 105.7365892 20190810121520 ;
1 -0.9784 0.3146 2.8110 21.0100792 105.7365892 20190810121520 ;
1 -0.4696 0.5025 1.8362 21.0100792 105.7365892 20190810121520 ;
1 1.1460 0.1157 -1.4019 21.0100792 105.7365892 20190810121520 ;
1 0.2867 -0.5805 0.1385 21.0100792 105.7365892 20190810121520 ;
1 -1.0716 0.8883 3.4990 21.0100792 105.7365892 20190810121520 ;
1 0.4374 0.7029 -1.1018 21.0100792 105.7365892 20190810121520 ;
1 0.5236 -1.3045 -1.9172 21.0100792 105.7365892 20190810121520 ;
1 -0.3162 0.2939 4.4456 21.0100792 105.7365892 20190810121520 ;
1 0.3759 1.0322 2.0580 21.0100792 105.7365892 20190810121520 ;
1 0.3265 -0.4475 -0.5391 21.0100792 105.7365892 20190810121520 ;
1 0.2888 -0.9164 1.8657 21.0100792 105.7365892 20190810121520 ;
1 0.2351 0.2931 2.4701 21.0100792 105.7365892 20190810121520 ;
1 0.1031 0.3739 0.8299 21.0100792 105.7365892 20190810121520 ;
1 0.5779 -0.6984 0.1249 21.0100792 105.7365892 20190810121520 ;
1 0.3443 -0.3304 0.0484 21.0100748 105.7367929 20190810121520 ;
1 0.0414 0.2355 0.1574 21.0100748 105.7367929 20190810121520 ;
1 0.3266 -0.1917 0.0274 21.0100748 105.7367929 20190810121520 ;
1 0.3275 -0.1679 0.2002 21.0100748 105.7367929 20190810121520 ;
1 0.3757 -0.0186 -0.1008 21.0100748 105.7367929 20190810121520 ;
1 0.0674 0.1621 0.0751 21.0100748 105.7367929 20190810121520 ;
1 0.2665 -0.2032 -0.2191 21.0100748 105.7367929 20190810121520 ;
1 0.2927 0.2006 -0.5217 21.0100748 105.7367929 20190810121520 ;
1 0.1404 0.0331 -0.5223 21.0100748 105.7367929 20190810121520 ;
1 0.2355 0.1587 0.4080 21.0100748 105.7367929 20190810121520 ;
1 0.0845 0.4093 0.3893 21.0100748 105.7367929 20190810121520 ;
1 0.2034 0.1096 -0.2880 21.0100748 105.7367929 20190810121520 ;
1 0.1646 0.1533 -0.0144 21.0100748 105.7367929 20190810121520 ;
1 0.1448 0.2822 0.2014 21.0100748 105.7367929 20190810121520 ;
1 0.1313 0.3495 0.6186 21.0100748 105.7367929 20190810121520 ;
1 0.0473 0.3528 1.0109 21.0100748 105.7367929 20190810121520 ;
1 0.1375 -0.0267 0.9012 21.0100748 105.7367929 20190810121520 ;
1 0.0803 0.2848 0.7040 21.0100748 105.7367929 20190810121521 ;
1 0.1493 0.2535 0.9230 21.0100748 105.7367929 20190810121521 ;
1 0.2684 -0.3492 0.7134 21.0100748 105.7367929 20190810121521 ;
1 0.1423 0.0840 0.5221 21.0100748 105.7367929 20190810121521 ;
1 -0.0723 0.1705 1.0850 21.0100748 105.7367929 20190810121521 ;
1 0.1399 0.1146 1.0381 21.0100748 105.7367929 20190810121521 ;
1 0.4553 -0.2061 -0.1575 21.0100748 105.7367929 20190810121521 ;
1 -0.0658 -0.0461 0.8111 21.0100748 105.7367929 20190810121521 ;
1 0.2301 0.1054 0.1141 21.0100748 105.7367929 20190810121521 ;
