1000
1 0.1024 0.1290 -1.0265 21.0079514 105.7561073 20190810025511 ;
1 -0.0622 -0.2584 0.0929 21.0079514 105.7561073 20190810025511 ;
1 0.0414 -0.1124 0.4073 21.0079514 105.7561073 20190810025511 ;
1 0.0754 0.2197 -0.1832 21.0079514 105.7561073 20190810025511 ;
1 0.0727 -0.1015 0.3304 21.0079514 105.7561073 20190810025511 ;
1 -0.1257 -0.0264 0.4828 21.0079514 105.7561073 20190810025511 ;
1 0.0339 -0.0957 0.3242 21.0079514 105.7561073 20190810025511 ;
1 0.1473 0.0071 0.4373 21.0079514 105.7561073 20190810025511 ;
1 -0.0673 -0.0132 0.3020 21.0079514 105.7561073 20190810025511 ;
1 -0.3371 -0.1675 0.5896 21.0079514 105.7561073 20190810025511 ;
1 0.0746 0.3393 -0.1226 21.0079514 105.7561073 20190810025511 ;
1 0.3620 -0.1106 0.2979 21.0079514 105.7561073 20190810025511 ;
1 -0.3789 -0.1222 0.6779 21.0079514 105.7561073 20190810025511 ;
1 -0.0119 0.1637 -0.2393 21.0079514 105.7561073 20190810025511 ;
1 0.2742 0.1638 -0.3756 21.0079514 105.7561073 20190810025511 ;
1 -0.2975 -0.3051 0.2098 21.0079514 105.7561073 20190810025511 ;
1 0.0668 -0.0786 0.4667 21.0079514 105.7561073 20190810025511 ;
1 -0.0387 0.1465 -0.6046 21.0079514 105.7561073 20190810025511 ;
1 -0.0630 -0.0912 -0.0734 21.0079514 105.7561073 20190810025511 ;
1 0.1681 -0.0489 0.4330 21.0079514 105.7561073 20190810025511 ;
1 -0.0736 -0.0002 -0.1832 21.0079514 105.7561073 20190810025511 ;
1 0.0085 -0.1024 -0.2890 21.0079514 105.7561073 20190810025511 ;
1 -0.0621 -0.0847 -0.0089 21.0079514 105.7561073 20190810025511 ;
1 0.2588 -0.0905 0.3385 21.0079514 105.7561073 20190810025511 ;
1 -0.2541 -0.0142 0.0842 21.0079514 105.7561073 20190810025511 ;
1 0.1993 0.0025 0.2757 21.0079514 105.7561073 20190810025511 ;
1 -0.0786 -0.0529 0.2248 21.0079514 105.7561073 20190810025511 ;
1 0.2640 -0.0363 0.4194 21.0079514 105.7561073 20190810025511 ;
1 -0.1270 -0.1126 0.0158 21.0079514 105.7561073 20190810025511 ;
1 0.2763 -0.0112 0.1285 21.0079514 105.7561073 20190810025511 ;
1 -0.4376 -0.2277 0.3287 21.0079514 105.7561073 20190810025511 ;
1 0.3327 -0.0149 0.4099 21.0079514 105.7561073 20190810025511 ;
1 0.1120 -0.1974 -0.0315 21.0079514 105.7561073 20190810025511 ;
1 -0.1964 -0.1775 0.2543 21.0079514 105.7561073 20190810025511 ;
1 -0.0691 -0.0426 0.4969 21.0079929 105.7559337 20190810025511 ;
1 0.2821 0.0114 0.2534 21.0079929 105.7559337 20190810025511 ;
1 -0.1740 -0.1635 0.1879 21.0079929 105.7559337 20190810025511 ;
1 0.0801 -0.0224 0.1569 21.0079929 105.7559337 20190810025511 ;
1 0.1539 0.0216 -0.0374 21.0079929 105.7559337 20190810025511 ;
1 -0.1193 -0.1991 0.1965 21.0079929 105.7559337 20190810025511 ;
1 0.2060 -0.1694 0.0810 21.0079929 105.7559337 20190810025511 ;
1 -0.2364 0.0493 -0.2408 21.0079929 105.7559337 20190810025511 ;
1 0.1361 -0.0941 0.2311 21.0079929 105.7559337 20190810025511 ;
1 -0.0192 0.0098 -0.0649 21.0079929 105.7559337 20190810025511 ;
1 0.1477 -0.0622 -0.2448 21.0079929 105.7559337 20190810025511 ;
1 -0.2395 -0.1432 -0.2598 21.0079929 105.7559337 20190810025511 ;
1 0.2107 0.0428 -0.3173 21.0079929 105.7559337 20190810025511 ;
1 -0.0138 -0.0356 -0.5942 21.0079929 105.7559337 20190810025511 ;
1 -0.2138 -0.1141 -0.6684 21.0079929 105.7559337 20190810025511 ;
1 0.0250 -0.2044 -0.3897 21.0079929 105.7559337 20190810025511 ;
1 -0.0818 -0.0193 -0.1820 21.0079929 105.7559337 20190810025512 ;
1 -0.3731 0.0622 -0.5952 21.0079929 105.7559337 20190810025512 ;
1 -0.0477 -0.2739 -0.4862 21.0079929 105.7559337 20190810025512 ;
1 0.1005 -0.3742 0.1914 21.0079929 105.7559337 20190810025512 ;
1 -0.4998 0.0259 -0.1422 21.0079929 105.7559337 20190810025512 ;
1 -0.0382 -0.0864 -0.3025 21.0079929 105.7559337 20190810025512 ;
1 -0.3220 -0.2824 -0.1267 21.0079929 105.7559337 20190810025512 ;
1 -0.3505 -0.2140 0.1079 21.0079929 105.7559337 20190810025512 ;
1 -0.2883 -0.1707 0.2046 21.0079929 105.7559337 20190810025512 ;
1 -0.3268 -0.0770 0.1540 21.0079929 105.7559337 20190810025512 ;
1 -0.4559 -0.3281 0.4476 21.0079929 105.7559337 20190810025512 ;
1 -0.3909 -0.1318 0.3307 21.0079929 105.7559337 20190810025512 ;
1 -0.4067 -0.1895 0.1573 21.0079929 105.7559337 20190810025512 ;
1 -0.4659 -0.1080 0.0967 21.0079929 105.7559337 20190810025512 ;
1 -0.2265 -0.2762 0.3541 21.0079929 105.7559337 20190810025512 ;
1 -0.6317 -0.1212 0.0710 21.0079929 105.7559337 20190810025512 ;
1 -0.5947 -0.1644 0.0439 21.0079929 105.7559337 20190810025512 ;
1 -0.6853 -0.4421 0.5191 21.0079929 105.7559337 20190810025512 ;
1 -0.4866 -0.0453 0.0937 21.0079929 105.7559337 20190810025512 ;
1 -0.7505 -0.3333 -0.0951 21.0079929 105.7559337 20190810025512 ;
1 -0.2743 -0.0041 -0.4825 21.0079929 105.7559337 20190810025512 ;
1 -0.8559 -0.3533 -0.1080 21.0079929 105.7559337 20190810025512 ;
1 -0.2651 -0.4436 0.8545 21.0079929 105.7559337 20190810025512 ;
1 -0.6209 0.1856 -0.3150 21.0079929 105.7559337 20190810025512 ;
1 -0.8089 -0.2174 0.0219 21.0079929 105.7559337 20190810025512 ;
1 -0.4846 -0.2706 0.2663 21.0079929 105.7559337 20190810025512 ;
1 -0.4199 -0.3543 0.2874 21.0079929 105.7559337 20190810025512 ;
1 -0.4672 -0.3273 -0.0051 21.0079929 105.7559337 20190810025512 ;
1 -0.8108 -0.3105 -0.3690 21.0079929 105.7559337 20190810025512 ;
1 -0.6340 -0.6262 -0.3240 21.0079929 105.7559337 20190810025512 ;
1 -0.2483 -0.4348 -0.2847 21.0079929 105.7559337 20190810025512 ;
1 -0.7598 -0.4320 -0.1938 21.0079929 105.7559337 20190810025512 ;
1 -0.6121 -0.5046 -0.3284 21.0080321 105.7557637 20190810025512 ;
1 -0.4311 -0.3204 0.0797 21.0080321 105.7557637 20190810025512 ;
1 -0.4599 -0.3136 -0.5605 21.0080321 105.7557637 20190810025512 ;
1 -0.7662 -0.6642 0.0283 21.0080321 105.7557637 20190810025512 ;
1 -0.2333 -0.5498 -0.1060 21.0080321 105.7557637 20190810025512 ;
1 -0.6710 -0.1516 -0.9510 21.0080321 105.7557637 20190810025512 ;
1 -0.1894 -0.5097 -0.3603 21.0080321 105.7557637 20190810025512 ;
1 -0.7393 -0.7359 0.1039 21.0080321 105.7557637 20190810025512 ;
1 -0.3553 -0.3018 -0.6495 21.0080321 105.7557637 20190810025512 ;
1 -0.2233 -0.4039 -0.7618 21.0080321 105.7557637 20190810025512 ;
1 -0.4540 -0.4129 -0.4643 21.0080321 105.7557637 20190810025512 ;
1 -0.3614 -0.7062 0.2190 21.0080321 105.7557637 20190810025512 ;
1 -0.1355 -0.3749 0.0391 21.0080321 105.7557637 20190810025512 ;
1 -0.1627 -0.4435 0.0343 21.0080321 105.7557637 20190810025512 ;
1 -0.4836 -0.6401 0.3939 21.0080321 105.7557637 20190810025512 ;
1 0.0184 -0.4519 -0.0709 21.0080321 105.7557637 20190810025512 ;
1 -0.5409 -0.5009 -0.8511 21.0080321 105.7557637 20190810025512 ;
1 -0.0198 -0.7456 0.0824 21.0080321 105.7557637 20190810025513 ;
1 -0.3168 -0.5747 0.1392 21.0080321 105.7557637 20190810025513 ;
1 -0.0008 -0.6087 -0.0723 21.0080321 105.7557637 20190810025513 ;
1 -0.4092 -0.6195 0.2786 21.0080321 105.7557637 20190810025513 ;
1 0.3444 -0.4683 0.0715 21.0080321 105.7557637 20190810025513 ;
1 -0.3556 -0.7940 0.0366 21.0080321 105.7557637 20190810025513 ;
1 0.1387 -0.7293 0.3498 21.0080321 105.7557637 20190810025513 ;
1 -0.0395 -0.5451 -0.3153 21.0080321 105.7557637 20190810025513 ;
1 -0.1403 -0.7329 0.1179 21.0080321 105.7557637 20190810025513 ;
1 0.1763 -0.7782 0.3715 21.0080321 105.7557637 20190810025513 ;
1 -0.3088 -0.6979 0.0540 21.0080321 105.7557637 20190810025513 ;
1 0.1988 -0.6727 -0.1059 21.0080321 105.7557637 20190810025513 ;
1 0.2698 -0.7200 0.1773 21.0080321 105.7557637 20190810025513 ;
1 -0.3830 -0.7390 -0.0842 21.0080321 105.7557637 20190810025513 ;
1 0.0086 -0.7524 -0.1818 21.0080321 105.7557637 20190810025513 ;
1 0.2600 -0.7923 -0.1157 21.0080321 105.7557637 20190810025513 ;
1 -0.3775 -0.5951 -0.1675 21.0080321 105.7557637 20190810025513 ;
1 0.0368 -0.6650 -0.1803 21.0080321 105.7557637 20190810025513 ;
1 -0.1313 -0.7455 -0.0038 21.0080321 105.7557637 20190810025513 ;
1 0.0977 -0.7369 0.0315 21.0080321 105.7557637 20190810025513 ;
1 0.5378 -0.8365 0.4448 21.0080321 105.7557637 20190810025513 ;
1 -0.5754 -0.4426 -0.6240 21.0080321 105.7557637 20190810025513 ;
1 0.3487 -0.7646 -0.5825 21.0080321 105.7557637 20190810025513 ;
1 0.1228 -0.7621 -0.4391 21.0080321 105.7557637 20190810025513 ;
1 0.4342 -0.5462 -0.1763 21.0080321 105.7557637 20190810025513 ;
1 -0.1482 -0.6557 -0.5761 21.0080321 105.7557637 20190810025513 ;
1 0.6920 -0.8944 0.5283 21.0080321 105.7557637 20190810025513 ;
1 -0.1655 -0.8310 0.7060 21.0080321 105.7557637 20190810025513 ;
1 0.2104 -0.4794 0.1514 21.0080321 105.7557637 20190810025513 ;
1 0.3102 -0.7044 -0.3221 21.0080321 105.7557637 20190810025513 ;
1 -0.3071 -1.1514 0.0242 21.0080321 105.7557637 20190810025513 ;
1 0.5707 -0.6698 -0.4584 21.0080321 105.7557637 20190810025513 ;
1 0.4095 -0.6416 -0.8259 21.0080321 105.7557637 20190810025513 ;
1 0.2839 -0.5500 -0.4448 21.0080661 105.7555984 20190810025513 ;
1 -0.1911 -1.1750 1.1366 21.0080661 105.7555984 20190810025513 ;
1 0.4047 -0.5713 1.4526 21.0080661 105.7555984 20190810025513 ;
1 -0.0729 -0.4539 0.4870 21.0080661 105.7555984 20190810025513 ;
1 0.4019 -0.8460 0.5817 21.0080661 105.7555984 20190810025513 ;
1 -0.0245 -0.7488 0.3280 21.0080661 105.7555984 20190810025513 ;
1 0.5456 -0.7240 -0.1295 21.0080661 105.7555984 20190810025513 ;
1 0.2217 -0.7403 0.1791 21.0080661 105.7555984 20190810025513 ;
1 0.1514 -0.3764 0.2078 21.0080661 105.7555984 20190810025513 ;
1 0.0375 -0.7532 0.2707 21.0080661 105.7555984 20190810025513 ;
1 0.7031 -0.6515 0.5834 21.0080661 105.7555984 20190810025513 ;
1 0.2703 -0.4694 0.2053 21.0080661 105.7555984 20190810025513 ;
1 0.1306 -0.5895 0.1989 21.0080661 105.7555984 20190810025513 ;
1 0.4113 -0.6051 -0.0687 21.0080661 105.7555984 20190810025513 ;
1 0.3867 -0.4881 -0.3469 21.0080661 105.7555984 20190810025513 ;
1 0.3004 -0.6437 -0.0084 21.0080661 105.7555984 20190810025513 ;
1 0.1870 -0.6664 -0.2628 21.0080661 105.7555984 20190810025513 ;
1 0.6304 -0.5717 -0.4347 21.0080661 105.7555984 20190810025514 ;
1 0.2764 -0.2662 -0.3111 21.0080661 105.7555984 20190810025514 ;
1 0.4516 -0.3647 -0.1489 21.0080661 105.7555984 20190810025514 ;
1 0.0656 -0.5672 0.2576 21.0080661 105.7555984 20190810025514 ;
1 0.4587 -0.2619 -0.1784 21.0080661 105.7555984 20190810025514 ;
1 0.3414 -0.0434 -0.5536 21.0080661 105.7555984 20190810025514 ;
1 0.6830 -0.2442 -0.0023 21.0080661 105.7555984 20190810025514 ;
1 -0.1783 -0.4065 -0.0424 21.0080661 105.7555984 20190810025514 ;
1 0.7006 -0.2341 0.2605 21.0080661 105.7555984 20190810025514 ;
1 -0.0350 0.0653 -0.1440 21.0080661 105.7555984 20190810025514 ;
1 0.4099 -0.1895 0.0181 21.0080661 105.7555984 20190810025514 ;
1 0.0350 -0.3800 0.4330 21.0080661 105.7555984 20190810025514 ;
1 -0.0271 0.0337 0.1452 21.0080661 105.7555984 20190810025514 ;
1 0.7677 0.1724 -0.1572 21.0080661 105.7555984 20190810025514 ;
1 0.0340 -0.0931 -0.0788 21.0080661 105.7555984 20190810025514 ;
1 0.0347 0.0355 0.1280 21.0080661 105.7555984 20190810025514 ;
1 0.4365 0.1400 -0.0732 21.0080661 105.7555984 20190810025514 ;
1 -0.0332 0.1953 0.0986 21.0080661 105.7555984 20190810025514 ;
1 0.0880 0.1373 -0.0010 21.0080661 105.7555984 20190810025514 ;
1 -0.0013 0.1350 -0.4464 21.0080661 105.7555984 20190810025514 ;
1 0.4044 0.1667 -0.3601 21.0080661 105.7555984 20190810025514 ;
1 -0.0403 0.1008 -0.1248 21.0080661 105.7555984 20190810025514 ;
1 0.2361 0.1833 -0.2075 21.0080661 105.7555984 20190810025514 ;
1 0.1792 0.1255 -0.3335 21.0080661 105.7555984 20190810025514 ;
1 0.2369 0.3152 -0.8823 21.0080661 105.7555984 20190810025514 ;
1 0.0751 0.0113 -0.4208 21.0080661 105.7555984 20190810025514 ;
1 0.2817 0.0597 0.1607 21.0080661 105.7555984 20190810025514 ;
1 -0.0615 0.3120 -0.3049 21.0080661 105.7555984 20190810025514 ;
1 0.4939 0.1357 -0.4231 21.0080661 105.7555984 20190810025514 ;
1 -0.2484 0.0377 -0.0019 21.0080661 105.7555984 20190810025514 ;
1 0.3481 0.1056 0.1779 21.0080661 105.7555984 20190810025514 ;
1 0.2044 0.1479 -0.0624 21.0080977 105.7554458 20190810025514 ;
1 0.0233 0.1194 0.0203 21.0080977 105.7554458 20190810025514 ;
1 0.1966 0.1350 0.1618 21.0080977 105.7554458 20190810025514 ;
1 0.0706 -0.0757 0.4056 21.0080977 105.7554458 20190810025514 ;
1 0.2464 0.1734 0.2492 21.0080977 105.7554458 20190810025514 ;
1 0.0637 0.1229 0.2220 21.0080977 105.7554458 20190810025514 ;
1 0.2863 0.2255 0.2503 21.0080977 105.7554458 20190810025514 ;
1 -0.0309 -0.1676 0.6497 21.0080977 105.7554458 20190810025514 ;
1 0.1044 0.1775 0.4772 21.0080977 105.7554458 20190810025514 ;
1 0.1774 0.1847 -0.0186 21.0080977 105.7554458 20190810025514 ;
1 -0.0363 -0.0083 0.4370 21.0080977 105.7554458 20190810025514 ;
1 -0.0346 -0.0766 0.6328 21.0080977 105.7554458 20190810025514 ;
1 0.1637 0.2722 -0.0157 21.0080977 105.7554458 20190810025514 ;
1 0.1594 0.0809 0.2831 21.0080977 105.7554458 20190810025514 ;
1 -0.1366 0.0690 0.3212 21.0080977 105.7554458 20190810025514 ;
1 0.4625 -0.1390 0.6492 21.0080977 105.7554458 20190810025514 ;
1 -0.3565 0.1130 0.5245 21.0080977 105.7554458 20190810025514 ;
1 0.4339 0.3730 -0.1316 21.0080977 105.7554458 20190810025514 ;
1 -0.3767 -0.1860 0.0903 21.0080977 105.7554458 20190810025514 ;
1 0.2842 0.0204 0.6404 21.0080977 105.7554458 20190810025515 ;
1 -0.2870 0.1469 -0.3166 21.0080977 105.7554458 20190810025515 ;
1 0.3303 0.2416 -0.0433 21.0080977 105.7554458 20190810025515 ;
1 0.0638 -0.0363 0.4705 21.0080977 105.7554458 20190810025515 ;
1 0.0742 -0.0063 0.2924 21.0080977 105.7554458 20190810025515 ;
1 0.1247 0.2054 0.2484 21.0080977 105.7554458 20190810025515 ;
1 -0.0509 0.0754 0.0212 21.0080977 105.7554458 20190810025515 ;
1 0.3064 0.0537 -0.1724 21.0080977 105.7554458 20190810025515 ;
1 -0.3404 -0.0852 -0.0869 21.0080977 105.7554458 20190810025515 ;
1 0.3847 0.1636 0.1723 21.0080977 105.7554458 20190810025515 ;
1 -0.1531 -0.0832 0.0546 21.0080977 105.7554458 20190810025515 ;
1 0.2309 0.1370 0.0108 21.0080977 105.7554458 20190810025515 ;
1 0.0731 0.0138 -0.3123 21.0080977 105.7554458 20190810025515 ;
1 0.0164 0.0626 -0.0407 21.0080977 105.7554458 20190810025515 ;
1 0.0964 0.0291 0.1311 21.0080977 105.7554458 20190810025515 ;
1 0.0327 0.1771 -0.1231 21.0080977 105.7554458 20190810025515 ;
1 0.3348 0.1610 -0.2953 21.0080977 105.7554458 20190810025515 ;
1 -0.3545 -0.0358 0.0012 21.0080977 105.7554458 20190810025515 ;
1 0.1905 0.1007 0.0434 21.0080977 105.7554458 20190810025515 ;
1 0.0203 0.1114 -0.1040 21.0080977 105.7554458 20190810025515 ;
1 0.1408 0.2488 -0.3802 21.0080977 105.7554458 20190810025515 ;
1 0.0275 0.0838 -0.5967 21.0080977 105.7554458 20190810025515 ;
1 0.2031 0.0864 -0.4736 21.0080977 105.7554458 20190810025515 ;
1 0.1415 0.0004 -0.2479 21.0080977 105.7554458 20190810025515 ;
1 0.1414 0.0325 -0.0456 21.0080977 105.7554458 20190810025515 ;
1 -0.2138 0.0892 0.2249 21.0080977 105.7554458 20190810025515 ;
1 0.2190 0.2390 -0.4963 21.0080977 105.7554458 20190810025515 ;
1 0.0537 -0.0223 -0.3901 21.0080977 105.7554458 20190810025515 ;
1 0.3545 -0.0176 0.0514 21.0080977 105.7554458 20190810025515 ;
1 0.0332 0.4452 -0.7907 21.0080977 105.7554458 20190810025515 ;
1 0.2788 0.0607 -0.5008 21.0080977 105.7554458 20190810025515 ;
1 -0.2495 -0.0202 0.0872 21.0081335 105.7553263 20190810025515 ;
1 0.1662 0.1181 0.1896 21.0081335 105.7553263 20190810025515 ;
1 0.0801 0.1596 -0.1103 21.0081335 105.7553263 20190810025515 ;
1 -0.0956 0.2000 -0.1269 21.0081335 105.7553263 20190810025515 ;
1 0.1741 0.1061 -0.3699 21.0081335 105.7553263 20190810025515 ;
1 0.1077 0.1034 -0.4441 21.0081335 105.7553263 20190810025515 ;
1 0.1262 0.1629 -0.7787 21.0081335 105.7553263 20190810025515 ;
1 -0.3079 0.0979 -0.5709 21.0081335 105.7553263 20190810025515 ;
1 0.2232 0.1686 -0.4133 21.0081335 105.7553263 20190810025515 ;
1 -0.1399 0.0274 -0.2466 21.0081335 105.7553263 20190810025515 ;
1 -0.0822 0.2416 -0.4524 21.0081335 105.7553263 20190810025515 ;
1 0.0086 -0.0477 -0.3978 21.0081335 105.7553263 20190810025515 ;
1 0.0601 0.0617 -0.3913 21.0081335 105.7553263 20190810025515 ;
1 0.1674 0.2534 -0.2718 21.0081335 105.7553263 20190810025515 ;
1 -0.1510 0.0304 -0.4565 21.0081335 105.7553263 20190810025515 ;
1 0.1936 -0.0003 0.3423 21.0081335 105.7553263 20190810025515 ;
1 0.0612 0.1251 -0.1058 21.0081335 105.7553263 20190810025515 ;
1 0.0170 0.1750 0.0308 21.0081335 105.7553263 20190810025515 ;
1 -0.1002 -0.0598 0.4149 21.0081335 105.7553263 20190810025515 ;
1 0.0157 -0.0041 0.6762 21.0081335 105.7553263 20190810025516 ;
1 -0.1330 0.1107 0.2344 21.0081335 105.7553263 20190810025516 ;
1 0.1698 0.1578 0.2531 21.0081335 105.7553263 20190810025516 ;
1 0.0097 -0.1656 0.4325 21.0081335 105.7553263 20190810025516 ;
1 -0.0361 -0.0356 0.8249 21.0081335 105.7553263 20190810025516 ;
1 0.0157 0.0909 0.7579 21.0081335 105.7553263 20190810025516 ;
1 -0.0647 0.1544 0.5650 21.0081335 105.7553263 20190810025516 ;
1 0.0099 -0.0484 0.4853 21.0081335 105.7553263 20190810025516 ;
1 0.2461 0.0208 0.5015 21.0081335 105.7553263 20190810025516 ;
1 0.0742 0.1157 0.4463 21.0081335 105.7553263 20190810025516 ;
1 -0.1843 0.1734 0.3936 21.0081335 105.7553263 20190810025516 ;
1 -0.0859 0.1825 0.4814 21.0081335 105.7553263 20190810025516 ;
1 0.2199 0.2391 0.4711 21.0081335 105.7553263 20190810025516 ;
1 -0.4329 0.2336 0.0765 21.0081335 105.7553263 20190810025516 ;
1 0.2701 0.2247 0.0917 21.0081335 105.7553263 20190810025516 ;
1 0.0231 0.1289 0.2578 21.0081335 105.7553263 20190810025516 ;
1 0.1475 0.4480 -0.4231 21.0081335 105.7553263 20190810025516 ;
1 0.1762 0.1092 -0.1680 21.0081335 105.7553263 20190810025516 ;
1 -0.0983 0.0992 0.1624 21.0081335 105.7553263 20190810025516 ;
1 -0.0483 0.2926 -0.0458 21.0081335 105.7553263 20190810025516 ;
1 -0.0963 0.2294 -0.2616 21.0081335 105.7553263 20190810025516 ;
1 0.1431 0.2697 -0.4092 21.0081335 105.7553263 20190810025516 ;
1 -0.2547 0.0440 -0.5476 21.0081335 105.7553263 20190810025516 ;
1 0.1158 0.1697 -0.3128 21.0081335 105.7553263 20190810025516 ;
1 -0.0983 0.1072 -0.1627 21.0081335 105.7553263 20190810025516 ;
1 -0.3283 0.1296 -0.0656 21.0081335 105.7553263 20190810025516 ;
1 -0.0102 0.1720 -0.2302 21.0081335 105.7553263 20190810025516 ;
1 -0.0580 0.0486 0.1302 21.0081335 105.7553263 20190810025516 ;
1 0.1431 0.0460 -0.0181 21.0081335 105.7553263 20190810025516 ;
1 -0.4763 0.2014 -0.0651 21.0081658 105.7551787 20190810025516 ;
1 0.7299 0.2324 0.0724 21.0081658 105.7551787 20190810025516 ;
1 -0.4878 0.1069 -0.0760 21.0081658 105.7551787 20190810025516 ;
1 0.2952 0.1293 0.2888 21.0081658 105.7551787 20190810025516 ;
1 0.0982 0.1564 0.2416 21.0081658 105.7551787 20190810025516 ;
1 -0.0257 0.2610 0.3084 21.0081658 105.7551787 20190810025516 ;
1 -0.1569 0.0216 0.5081 21.0081658 105.7551787 20190810025516 ;
1 0.2122 0.2917 0.2745 21.0081658 105.7551787 20190810025516 ;
1 -0.0924 0.1197 0.1023 21.0081658 105.7551787 20190810025516 ;
1 -0.1925 0.1290 0.1808 21.0081658 105.7551787 20190810025516 ;
1 0.2501 0.2069 -0.0927 21.0081658 105.7551787 20190810025516 ;
1 0.0816 0.2412 0.0756 21.0081658 105.7551787 20190810025516 ;
1 -0.2028 0.2029 -0.1513 21.0081658 105.7551787 20190810025516 ;
1 -0.0856 0.0953 -0.2988 21.0081658 105.7551787 20190810025516 ;
1 0.1266 0.1943 0.0459 21.0081658 105.7551787 20190810025516 ;
1 -0.5194 0.3205 -0.3018 21.0081658 105.7551787 20190810025516 ;
1 0.1986 0.1136 -0.2432 21.0081658 105.7551787 20190810025516 ;
1 -0.0130 0.0180 0.1176 21.0081658 105.7551787 20190810025516 ;
1 0.2258 0.3150 -0.3868 21.0081658 105.7551787 20190810025516 ;
1 -0.3453 0.0609 -0.3772 21.0081658 105.7551787 20190810025517 ;
1 -0.0769 -0.1175 0.2476 21.0081658 105.7551787 20190810025517 ;
1 -0.1197 0.3427 -0.2101 21.0081658 105.7551787 20190810025517 ;
1 -0.0603 0.3469 -0.5253 21.0081658 105.7551787 20190810025517 ;
1 -0.3536 0.0154 0.0298 21.0081658 105.7551787 20190810025517 ;
1 -0.1204 0.1681 -0.1989 21.0081658 105.7551787 20190810025517 ;
1 0.5106 0.4327 -0.1068 21.0081658 105.7551787 20190810025517 ;
1 -0.1507 0.0210 0.3108 21.0081658 105.7551787 20190810025517 ;
1 -0.1029 0.2765 -0.0401 21.0081658 105.7551787 20190810025517 ;
1 0.3639 0.3305 -0.1678 21.0081658 105.7551787 20190810025517 ;
1 -0.2450 0.1222 -0.0889 21.0081658 105.7551787 20190810025517 ;
1 -0.0345 0.3663 -0.6280 21.0081658 105.7551787 20190810025517 ;
1 -0.1856 0.0719 -0.5051 21.0081658 105.7551787 20190810025517 ;
1 0.1658 0.3193 -0.3359 21.0081658 105.7551787 20190810025517 ;
1 -0.3529 0.2729 -0.5807 21.0081658 105.7551787 20190810025517 ;
1 0.1347 0.1656 -0.1489 21.0081658 105.7551787 20190810025517 ;
1 0.0844 0.3782 -0.5030 21.0081658 105.7551787 20190810025517 ;
1 -0.1549 0.3814 -0.7160 21.0081658 105.7551787 20190810025517 ;
1 0.2410 0.2533 0.0534 21.0081658 105.7551787 20190810025517 ;
1 -0.0716 0.3364 -0.1891 21.0081658 105.7551787 20190810025517 ;
1 0.0958 0.1855 -0.3717 21.0081658 105.7551787 20190810025517 ;
1 -0.1988 0.3067 -0.1544 21.0081658 105.7551787 20190810025517 ;
1 0.1927 0.2752 -0.1197 21.0081658 105.7551787 20190810025517 ;
1 0.1634 0.2433 -0.0957 21.0081658 105.7551787 20190810025517 ;
1 -0.1044 0.2610 -0.0411 21.0081658 105.7551787 20190810025517 ;
1 -0.0726 0.2778 -0.2182 21.0081658 105.7551787 20190810025517 ;
1 0.0392 0.3159 0.0098 21.0081658 105.7551787 20190810025517 ;
1 -0.0006 0.2454 0.1953 21.0081658 105.7551787 20190810025517 ;
1 -0.3745 0.3352 -0.2819 21.0081658 105.7551787 20190810025517 ;
1 0.2824 0.3340 -0.0680 21.0081658 105.7551787 20190810025517 ;
1 -0.3962 0.0691 0.1371 21.0081658 105.7551787 20190810025517 ;
1 0.2064 0.3863 0.0841 21.0081917 105.7550311 20190810025517 ;
1 -0.2280 0.1537 -0.1617 21.0081917 105.7550311 20190810025517 ;
1 -0.0301 0.2476 0.3535 21.0081917 105.7550311 20190810025517 ;
1 -0.2947 0.1529 0.0766 21.0081917 105.7550311 20190810025517 ;
1 0.0847 0.3175 0.1111 21.0081917 105.7550311 20190810025517 ;
1 -0.3272 0.3755 -0.0591 21.0081917 105.7550311 20190810025517 ;
1 -0.1494 0.1599 -0.4231 21.0081917 105.7550311 20190810025517 ;
1 -0.2672 0.1607 0.3158 21.0081917 105.7550311 20190810025517 ;
1 0.0649 0.2702 0.6717 21.0081917 105.7550311 20190810025517 ;
1 -0.4170 0.4355 0.1980 21.0081917 105.7550311 20190810025517 ;
1 0.1544 0.2894 0.0323 21.0081917 105.7550311 20190810025517 ;
1 -0.3689 0.0783 0.5690 21.0081917 105.7550311 20190810025517 ;
1 0.2868 0.4762 0.2286 21.0081917 105.7550311 20190810025517 ;
1 -0.3511 0.3169 -0.2261 21.0081917 105.7550311 20190810025517 ;
1 -0.0298 0.2719 -0.0276 21.0081917 105.7550311 20190810025517 ;
1 -0.4858 0.2411 0.1842 21.0081917 105.7550311 20190810025517 ;
1 0.1349 0.2497 0.3104 21.0081917 105.7550311 20190810025517 ;
1 -0.4653 0.2935 0.1593 21.0081917 105.7550311 20190810025517 ;
1 -0.1294 0.3076 0.0469 21.0081917 105.7550311 20190810025518 ;
1 -0.0524 0.2912 0.1012 21.0081917 105.7550311 20190810025518 ;
1 -0.3951 0.2277 0.1986 21.0081917 105.7550311 20190810025518 ;
1 -0.2239 0.3115 -0.0295 21.0081917 105.7550311 20190810025518 ;
1 -0.2628 0.2884 -0.0337 21.0081917 105.7550311 20190810025518 ;
1 -0.1365 0.2479 0.1505 21.0081917 105.7550311 20190810025518 ;
1 -0.4836 0.2353 -0.0368 21.0081917 105.7550311 20190810025518 ;
1 -0.1548 0.3064 0.0536 21.0081917 105.7550311 20190810025518 ;
1 -0.4599 0.2218 0.2134 21.0081917 105.7550311 20190810025518 ;
1 -0.1634 0.2204 0.4707 21.0081917 105.7550311 20190810025518 ;
1 -0.2624 0.4748 0.1357 21.0081917 105.7550311 20190810025518 ;
1 -0.3493 0.2868 -0.1247 21.0081917 105.7550311 20190810025518 ;
1 -0.4166 0.2058 0.0622 21.0081917 105.7550311 20190810025518 ;
1 -0.1801 0.3276 0.0596 21.0081917 105.7550311 20190810025518 ;
1 -0.5268 0.3469 0.1511 21.0081917 105.7550311 20190810025518 ;
1 -0.2667 0.3211 0.0071 21.0081917 105.7550311 20190810025518 ;
1 -0.6037 0.2479 0.1518 21.0081917 105.7550311 20190810025518 ;
1 -0.2847 0.3409 0.0021 21.0081917 105.7550311 20190810025518 ;
1 -0.1637 0.2523 0.0287 21.0081917 105.7550311 20190810025518 ;
1 -0.3122 0.3175 0.1684 21.0081917 105.7550311 20190810025518 ;
1 -0.4682 0.3313 -0.2085 21.0081917 105.7550311 20190810025518 ;
1 -0.3757 0.2522 -0.1629 21.0081917 105.7550311 20190810025518 ;
1 -0.0856 0.2999 0.0630 21.0081917 105.7550311 20190810025518 ;
1 -0.6168 0.3709 -0.3067 21.0081917 105.7550311 20190810025518 ;
1 -0.1930 0.3722 -0.3055 21.0081917 105.7550311 20190810025518 ;
1 -0.4990 0.3016 -0.0495 21.0081917 105.7550311 20190810025518 ;
1 0.0360 0.3273 -0.0443 21.0081917 105.7550311 20190810025518 ;
1 -0.4545 0.1736 0.2985 21.0081917 105.7550311 20190810025518 ;
1 -0.1140 0.4571 0.2233 21.0081917 105.7550311 20190810025518 ;
1 -0.6054 0.3424 -0.2367 21.0081917 105.7550311 20190810025518 ;
1 -0.0903 0.3092 -0.1270 21.0081917 105.7550311 20190810025518 ;
1 -0.3318 0.2604 0.1905 21.0081917 105.7550311 20190810025518 ;
1 -0.0301 0.5718 -0.2447 21.0081917 105.7550311 20190810025518 ;
1 -0.6379 0.4106 -0.3840 21.0081917 105.7550311 20190810025518 ;
1 -0.2230 0.2804 0.1710 21.0082222 105.7548798 20190810025518 ;
1 -0.4216 0.3992 0.1919 21.0082222 105.7548798 20190810025518 ;
1 -0.4298 0.3952 0.0986 21.0082222 105.7548798 20190810025518 ;
1 -0.4725 0.4102 0.0602 21.0082222 105.7548798 20190810025518 ;
1 -0.3548 0.3280 -0.0926 21.0082222 105.7548798 20190810025518 ;
1 -0.4319 0.3113 -0.0527 21.0082222 105.7548798 20190810025518 ;
1 -0.1420 0.3698 -0.2592 21.0082222 105.7548798 20190810025518 ;
1 -0.5135 0.4504 -0.2552 21.0082222 105.7548798 20190810025518 ;
1 -0.3779 0.3882 -0.2496 21.0082222 105.7548798 20190810025518 ;
1 -0.2638 0.3215 -0.1175 21.0082222 105.7548798 20190810025518 ;
1 -0.4009 0.3333 -0.0186 21.0082222 105.7548798 20190810025518 ;
1 -0.3708 0.4140 -0.1098 21.0082222 105.7548798 20190810025518 ;
1 -0.4335 0.2995 -0.0306 21.0082222 105.7548798 20190810025518 ;
1 -0.1728 0.3360 0.0731 21.0082222 105.7548798 20190810025518 ;
1 -0.4088 0.3495 0.0408 21.0082222 105.7548798 20190810025518 ;
1 0.0476 0.4385 -0.0590 21.0082222 105.7548798 20190810025518 ;
1 -0.2557 0.3389 -0.2813 21.0082222 105.7548798 20190810025518 ;
1 -0.1544 0.4232 -0.3636 21.0082222 105.7548798 20190810025519 ;
1 -0.3094 0.2323 0.0480 21.0082222 105.7548798 20190810025519 ;
1 -0.0755 0.4058 -0.0845 21.0082222 105.7548798 20190810025519 ;
1 -0.3644 0.3382 -0.0203 21.0082222 105.7548798 20190810025519 ;
1 -0.1380 0.3446 -0.0175 21.0082222 105.7548798 20190810025519 ;
1 -0.4895 0.2396 0.0863 21.0082222 105.7548798 20190810025519 ;
1 0.1646 0.3990 -0.0286 21.0082222 105.7548798 20190810025519 ;
1 -0.3648 0.3608 -0.2144 21.0082222 105.7548798 20190810025519 ;
1 -0.2784 0.2551 -0.1601 21.0082222 105.7548798 20190810025519 ;
1 -0.2736 0.3659 -0.0534 21.0082222 105.7548798 20190810025519 ;
1 -0.2910 0.1804 -0.0352 21.0082222 105.7548798 20190810025519 ;
1 -0.3082 0.3256 0.1651 21.0082222 105.7548798 20190810025519 ;
1 -0.5186 0.2415 0.1718 21.0082222 105.7548798 20190810025519 ;
1 -0.2619 0.3757 -0.0761 21.0082222 105.7548798 20190810025519 ;
1 -0.4237 0.1362 -0.0456 21.0082222 105.7548798 20190810025519 ;
1 -0.3062 0.2605 0.1020 21.0082222 105.7548798 20190810025519 ;
1 -0.2913 0.4192 -0.1331 21.0082222 105.7548798 20190810025519 ;
1 -0.2662 0.2769 0.0318 21.0082222 105.7548798 20190810025519 ;
1 -0.3594 0.3224 0.1630 21.0082222 105.7548798 20190810025519 ;
1 -0.1944 0.2771 0.2291 21.0082222 105.7548798 20190810025519 ;
1 -0.3501 0.3141 0.0639 21.0082222 105.7548798 20190810025519 ;
1 -0.4155 0.2580 -0.0335 21.0082222 105.7548798 20190810025519 ;
1 -0.1822 0.3531 -0.1608 21.0082222 105.7548798 20190810025519 ;
1 -0.2515 0.1363 -0.0001 21.0082222 105.7548798 20190810025519 ;
1 -0.1180 0.3377 -0.1159 21.0082222 105.7548798 20190810025519 ;
1 -0.2486 0.2189 -0.4670 21.0082222 105.7548798 20190810025519 ;
1 -0.0834 0.2633 0.0302 21.0082222 105.7548798 20190810025519 ;
1 -0.1001 0.3383 0.1161 21.0082222 105.7548798 20190810025519 ;
1 -0.3971 0.3073 -0.0746 21.0082222 105.7548798 20190810025519 ;
1 -0.0692 0.3313 -0.2431 21.0082222 105.7548798 20190810025519 ;
1 -0.2041 0.2010 0.0271 21.008251 105.754734 20190810025519 ;
1 0.0130 0.4091 -0.4105 21.008251 105.754734 20190810025519 ;
1 -0.2511 0.1358 -0.1254 21.008251 105.754734 20190810025519 ;
1 0.1542 0.3024 0.1826 21.008251 105.754734 20190810025519 ;
1 -0.4675 0.1674 0.1244 21.008251 105.754734 20190810025519 ;
1 0.3877 0.3754 0.1383 21.008251 105.754734 20190810025519 ;
1 -0.3772 0.2702 0.0204 21.008251 105.754734 20190810025519 ;
1 0.0204 0.1648 -0.0339 21.008251 105.754734 20190810025519 ;
1 -0.0324 0.2441 -0.0568 21.008251 105.754734 20190810025519 ;
1 -0.0987 0.0729 0.4253 21.008251 105.754734 20190810025519 ;
1 0.2179 0.4752 0.3430 21.008251 105.754734 20190810025519 ;
1 -0.2367 0.1766 0.2227 21.008251 105.754734 20190810025519 ;
1 0.1482 0.0701 0.8517 21.008251 105.754734 20190810025519 ;
1 -0.2134 0.0834 0.7148 21.008251 105.754734 20190810025519 ;
1 0.4424 0.4859 0.3289 21.008251 105.754734 20190810025519 ;
1 -0.4203 0.1651 0.4115 21.008251 105.754734 20190810025519 ;
1 0.1188 0.1429 0.3777 21.008251 105.754734 20190810025520 ;
1 0.0045 0.1459 0.3129 21.008251 105.754734 20190810025520 ;
1 0.1209 0.3967 0.4687 21.008251 105.754734 20190810025520 ;
1 0.0378 0.2450 0.3835 21.008251 105.754734 20190810025520 ;
1 -0.3313 0.1115 0.3724 21.008251 105.754734 20190810025520 ;
1 0.0394 0.1387 0.5944 21.008251 105.754734 20190810025520 ;
1 -0.3977 0.2512 -0.0636 21.008251 105.754734 20190810025520 ;
1 -0.0845 0.2711 -0.2771 21.008251 105.754734 20190810025520 ;
1 -0.0871 0.0579 -0.2336 21.008251 105.754734 20190810025520 ;
1 -0.1932 0.1445 -0.4226 21.008251 105.754734 20190810025520 ;
1 -0.1124 0.1049 -0.3733 21.008251 105.754734 20190810025520 ;
1 0.0033 0.1991 -0.3896 21.008251 105.754734 20190810025520 ;
1 -0.0730 0.2301 -0.3753 21.008251 105.754734 20190810025520 ;
1 -0.2564 0.1929 -0.3021 21.008251 105.754734 20190810025520 ;
1 -0.0082 0.0671 -0.4889 21.008251 105.754734 20190810025520 ;
1 -0.2984 0.1715 -0.5286 21.008251 105.754734 20190810025520 ;
1 -0.1150 0.1254 -0.4959 21.008251 105.754734 20190810025520 ;
1 -0.2001 0.1313 -0.4637 21.008251 105.754734 20190810025520 ;
1 0.0473 -0.0283 -0.0015 21.008251 105.754734 20190810025520 ;
1 -0.0684 0.1067 0.0573 21.008251 105.754734 20190810025520 ;
1 -0.1287 0.1915 0.1044 21.008251 105.754734 20190810025520 ;
1 -0.0621 0.2368 -0.2468 21.008251 105.754734 20190810025520 ;
1 -0.0989 0.2745 0.0220 21.008251 105.754734 20190810025520 ;
1 -0.0055 0.0083 0.7351 21.008251 105.754734 20190810025520 ;
1 -0.3880 0.3465 0.0797 21.008251 105.754734 20190810025520 ;
1 -0.1316 0.2969 0.0350 21.008251 105.754734 20190810025520 ;
1 0.1717 0.1274 0.0265 21.008251 105.754734 20190810025520 ;
1 -0.3600 0.1639 0.3398 21.008251 105.754734 20190810025520 ;
1 -0.0005 0.2149 0.6012 21.008251 105.754734 20190810025520 ;
1 0.1039 0.3696 0.5225 21.008251 105.754734 20190810025520 ;
1 0.1746 0.3726 0.3709 21.008251 105.754734 20190810025520 ;
1 -0.1028 0.1459 0.2368 21.008251 105.754734 20190810025520 ;
1 0.1477 0.3218 -0.0834 21.008251 105.754734 20190810025520 ;
1 0.1916 0.2415 0.1514 21.008251 105.754734 20190810025520 ;
1 0.0378 0.2616 0.4950 21.008251 105.754734 20190810025520 ;
1 0.0024 0.5898 -0.2987 21.008251 105.754734 20190810025520 ;
1 0.1732 0.1990 -0.2020 21.0082765 105.7545859 20190810025520 ;
1 0.3132 0.2497 0.3366 21.0082765 105.7545859 20190810025520 ;
1 -0.0787 0.4649 -0.2981 21.0082765 105.7545859 20190810025520 ;
1 -0.4240 0.1794 0.3048 21.0082765 105.7545859 20190810025520 ;
1 0.4423 0.4599 -0.2104 21.0082765 105.7545859 20190810025520 ;
1 -0.1337 0.2513 -0.5889 21.0082765 105.7545859 20190810025520 ;
1 -0.1531 0.1175 0.0365 21.0082765 105.7545859 20190810025520 ;
1 -0.1745 0.2799 -0.1704 21.0082765 105.7545859 20190810025520 ;
1 0.0254 0.4644 -0.5492 21.0082765 105.7545859 20190810025520 ;
1 -0.2210 0.3712 -0.5772 21.0082765 105.7545859 20190810025520 ;
1 -0.0033 0.5072 -0.8893 21.0082765 105.7545859 20190810025520 ;
1 0.3017 -0.1182 -0.1349 21.0082765 105.7545859 20190810025520 ;
1 -0.0370 0.5695 -0.1913 21.0082765 105.7545859 20190810025520 ;
1 0.4154 0.5150 -0.3719 21.0082765 105.7545859 20190810025520 ;
1 0.2862 0.1474 0.0788 21.0082765 105.7545859 20190810025520 ;
1 -0.0584 0.2014 0.1991 21.0082765 105.7545859 20190810025520 ;
1 0.5079 0.3956 -0.5616 21.0082765 105.7545859 20190810025521 ;
1 -0.3191 0.0815 -0.1130 21.0082765 105.7545859 20190810025521 ;
1 0.9813 0.5361 -0.3950 21.0082765 105.7545859 20190810025521 ;
1 0.1496 0.0579 -0.5248 21.0082765 105.7545859 20190810025521 ;
1 0.7248 0.3528 0.7286 21.0082765 105.7545859 20190810025521 ;
1 -0.1235 0.1262 0.1167 21.0082765 105.7545859 20190810025521 ;
1 0.2199 0.1064 0.5881 21.0082765 105.7545859 20190810025521 ;
1 0.4025 0.3815 0.9877 21.0082765 105.7545859 20190810025521 ;
1 -0.3628 0.3460 -0.0417 21.0082765 105.7545859 20190810025521 ;
1 0.4979 0.1756 0.6525 21.0082765 105.7545859 20190810025521 ;
1 -0.3943 0.2223 0.9448 21.0082765 105.7545859 20190810025521 ;
1 0.4715 0.6576 -0.1275 21.0082765 105.7545859 20190810025521 ;
1 -0.3928 0.2503 0.2693 21.0082765 105.7545859 20190810025521 ;
1 0.0909 0.3413 0.1012 21.0082765 105.7545859 20190810025521 ;
1 -0.2677 0.0203 -0.4051 21.0082765 105.7545859 20190810025521 ;
1 -0.2539 -0.0156 1.2259 21.0082765 105.7545859 20190810025521 ;
1 0.5988 1.2608 -0.8972 21.0082765 105.7545859 20190810025521 ;
1 -1.0701 -0.4043 -0.6971 21.0082765 105.7545859 20190810025521 ;
1 1.3134 0.2791 0.2946 21.0082765 105.7545859 20190810025521 ;
1 -0.3925 0.4137 -1.2696 21.0082765 105.7545859 20190810025521 ;
1 0.2887 0.2307 -0.4274 21.0082765 105.7545859 20190810025521 ;
1 -0.3334 0.1315 0.3717 21.0082765 105.7545859 20190810025521 ;
1 1.1745 0.7118 -0.4517 21.0082765 105.7545859 20190810025521 ;
1 -1.0133 -0.4582 0.0397 21.0082765 105.7545859 20190810025521 ;
1 1.3438 1.3576 -0.5306 21.0082765 105.7545859 20190810025521 ;
1 0.0599 -0.3831 -0.8805 21.0082765 105.7545859 20190810025521 ;
1 -0.4942 0.3312 0.4303 21.0082765 105.7545859 20190810025521 ;
1 0.8876 0.7951 0.1552 21.0082765 105.7545859 20190810025521 ;
1 -0.8858 -0.1232 -0.0578 21.0082765 105.7545859 20190810025521 ;
1 0.6574 0.6747 0.7479 21.0082765 105.7545859 20190810025521 ;
1 -0.4360 0.3076 -0.5144 21.0082765 105.7545859 20190810025521 ;
1 0.2988 0.0462 -0.2506 21.0083023 105.7544341 20190810025521 ;
1 0.0241 0.4457 0.1991 21.0083023 105.7544341 20190810025521 ;
1 -0.0851 0.2879 -0.5704 21.0083023 105.7544341 20190810025521 ;
1 0.0555 0.2962 -0.3318 21.0083023 105.7544341 20190810025521 ;
1 0.4068 0.2047 0.0625 21.0083023 105.7544341 20190810025521 ;
1 -0.1433 0.3495 -0.0964 21.0083023 105.7544341 20190810025521 ;
1 0.6842 0.4439 -0.0191 21.0083023 105.7544341 20190810025521 ;
1 -0.1755 0.3686 -0.4463 21.0083023 105.7544341 20190810025521 ;
1 0.2829 0.0434 0.0145 21.0083023 105.7544341 20190810025521 ;
1 0.6867 0.2492 0.2179 21.0083023 105.7544341 20190810025521 ;
1 -0.1255 0.1988 -0.3307 21.0083023 105.7544341 20190810025521 ;
1 0.5269 0.0455 -0.3355 21.0083023 105.7544341 20190810025521 ;
1 0.4986 -0.1434 -0.0514 21.0083023 105.7544341 20190810025521 ;
1 0.2641 0.0310 -0.1679 21.0083023 105.7544341 20190810025521 ;
1 0.2193 -0.1513 0.0983 21.0083023 105.7544341 20190810025521 ;
1 0.4939 0.1217 0.1322 21.0083023 105.7544341 20190810025521 ;
1 0.1582 0.2590 0.0279 21.0083023 105.7544341 20190810025521 ;
1 0.4332 -0.0209 0.1848 21.0083023 105.7544341 20190810025521 ;
1 0.3918 0.0148 -0.0027 21.0083023 105.7544341 20190810025522 ;
1 0.0435 0.0525 -0.0261 21.0083023 105.7544341 20190810025522 ;
1 0.0885 0.0537 0.3026 21.0083023 105.7544341 20190810025522 ;
1 -0.0262 0.1362 0.2606 21.0083023 105.7544341 20190810025522 ;
1 0.0531 0.0389 0.0970 21.0083023 105.7544341 20190810025522 ;
1 -0.0085 0.0097 0.3779 21.0083023 105.7544341 20190810025522 ;
1 0.0097 0.0938 0.2910 21.0083023 105.7544341 20190810025522 ;
1 -0.0141 0.1443 0.0485 21.0083023 105.7544341 20190810025522 ;
1 -0.0982 -0.0145 0.0701 21.0083023 105.7544341 20190810025522 ;
1 -0.0705 -0.0249 0.2063 21.0083023 105.7544341 20190810025522 ;
1 -0.0681 0.1504 -0.2147 21.0083023 105.7544341 20190810025522 ;
1 -0.0757 0.0455 -0.2402 21.0083023 105.7544341 20190810025522 ;
1 0.1078 -0.1149 -0.0257 21.0083023 105.7544341 20190810025522 ;
1 0.0161 0.1003 -0.1171 21.0083023 105.7544341 20190810025522 ;
1 0.0151 0.0741 -0.3200 21.0083023 105.7544341 20190810025522 ;
1 -0.1547 -0.0335 -0.2175 21.0083023 105.7544341 20190810025522 ;
1 0.1132 0.0379 -0.0883 21.0083023 105.7544341 20190810025522 ;
1 0.0817 0.0685 -0.4540 21.0083023 105.7544341 20190810025522 ;
1 0.1511 0.0210 -0.4861 21.0083023 105.7544341 20190810025522 ;
1 -0.2685 0.0230 -0.4261 21.0083023 105.7544341 20190810025522 ;
1 0.5000 0.0706 -0.2688 21.0083023 105.7544341 20190810025522 ;
1 -0.1890 0.1505 -0.4568 21.0083023 105.7544341 20190810025522 ;
1 0.1474 0.0569 -0.3429 21.0083023 105.7544341 20190810025522 ;
1 0.0002 -0.0437 -0.0903 21.0083023 105.7544341 20190810025522 ;
1 0.1260 0.0625 -0.1967 21.0083023 105.7544341 20190810025522 ;
1 -0.1867 -0.0313 -0.4015 21.0083023 105.7544341 20190810025522 ;
1 0.1101 -0.1611 -0.1986 21.0083023 105.7544341 20190810025522 ;
1 0.0313 -0.0963 0.0260 21.0083023 105.7544341 20190810025522 ;
1 -0.1082 -0.1419 -0.2902 21.0083023 105.7544341 20190810025522 ;
1 -0.1108 -0.2500 -0.4863 21.0083023 105.7544341 20190810025522 ;
1 -0.0155 -0.2415 -0.0342 21.0083023 105.7544341 20190810025522 ;
1 0.0426 -0.0537 0.1084 21.0083023 105.7544341 20190810025522 ;
1 -0.0974 -0.1389 0.0656 21.0083248 105.7542767 20190810025522 ;
1 -0.0921 -0.1634 0.1646 21.0083248 105.7542767 20190810025522 ;
1 -0.2385 -0.1165 0.1233 21.0083248 105.7542767 20190810025522 ;
1 0.2218 -0.1123 0.2543 21.0083248 105.7542767 20190810025522 ;
1 -0.0951 -0.2867 0.2739 21.0083248 105.7542767 20190810025522 ;
1 -0.1504 -0.1380 0.0719 21.0083248 105.7542767 20190810025522 ;
1 0.1406 -0.3100 0.3273 21.0083248 105.7542767 20190810025522 ;
1 -0.1342 -0.0877 0.1866 21.0083248 105.7542767 20190810025522 ;
1 0.1626 -0.1502 0.0373 21.0083248 105.7542767 20190810025522 ;
1 -0.1422 -0.1831 0.0439 21.0083248 105.7542767 20190810025522 ;
1 0.2809 -0.2057 0.5583 21.0083248 105.7542767 20190810025522 ;
1 -0.0668 -0.2240 0.1756 21.0083248 105.7542767 20190810025522 ;
1 0.2895 -0.1174 0.1324 21.0083248 105.7542767 20190810025522 ;
1 0.0552 -0.1457 -0.0765 21.0083248 105.7542767 20190810025522 ;
1 0.2338 -0.3552 0.3223 21.0083248 105.7542767 20190810025522 ;
1 -0.0150 -0.2781 0.5007 21.0083248 105.7542767 20190810025522 ;
1 0.0797 -0.0747 0.1048 21.0083248 105.7542767 20190810025522 ;
1 0.0280 -0.1110 0.0518 21.0083248 105.7542767 20190810025522 ;
1 -0.0421 -0.3184 0.3011 21.0083248 105.7542767 20190810025523 ;
1 0.0939 -0.2579 0.5040 21.0083248 105.7542767 20190810025523 ;
1 0.1311 -0.0424 0.4471 21.0083248 105.7542767 20190810025523 ;
1 -0.2660 -0.1664 -0.0205 21.0083248 105.7542767 20190810025523 ;
1 0.0903 -0.2588 0.3127 21.0083248 105.7542767 20190810025523 ;
1 -0.0422 -0.2279 0.5065 21.0083248 105.7542767 20190810025523 ;
1 -0.1442 -0.9437 1.2222 21.0083248 105.7542767 20190810025523 ;
1 -0.7618 1.3280 -1.5102 21.0083248 105.7542767 20190810025523 ;
1 1.2643 -0.6599 0.5233 21.0083248 105.7542767 20190810025523 ;
1 -0.5433 -0.7864 0.4185 21.0083248 105.7542767 20190810025523 ;
1 0.3557 0.4397 -0.0257 21.0083248 105.7542767 20190810025523 ;
1 0.1060 -0.0226 -0.7251 21.0083248 105.7542767 20190810025523 ;
1 0.3574 -0.5246 0.2200 21.0083248 105.7542767 20190810025523 ;
1 -0.1144 -0.0842 -0.0130 21.0083248 105.7542767 20190810025523 ;
1 0.0531 -1.0476 0.9459 21.0083248 105.7542767 20190810025523 ;
1 0.6819 1.6066 -0.6259 21.0083248 105.7542767 20190810025523 ;
1 -0.4521 -1.1372 -1.5069 21.0083248 105.7542767 20190810025523 ;
1 1.0928 -0.5865 0.3776 21.0083248 105.7542767 20190810025523 ;
1 -0.6572 0.4868 0.3176 21.0083248 105.7542767 20190810025523 ;
1 0.8898 -0.4929 -0.5994 21.0083248 105.7542767 20190810025523 ;
1 -0.0616 0.0452 -0.1758 21.0083248 105.7542767 20190810025523 ;
1 0.3253 0.1144 -0.1404 21.0083248 105.7542767 20190810025523 ;
1 0.5416 -0.4830 -0.0297 21.0083248 105.7542767 20190810025523 ;
1 -0.3770 0.2222 0.1362 21.0083248 105.7542767 20190810025523 ;
1 0.8665 -0.0513 0.0927 21.0083248 105.7542767 20190810025523 ;
1 -0.2184 0.0386 -0.2569 21.0083248 105.7542767 20190810025523 ;
1 0.2614 0.0960 0.3411 21.0083248 105.7542767 20190810025523 ;
1 0.7186 -0.2693 -0.0562 21.0083248 105.7542767 20190810025523 ;
1 -0.0947 -0.0502 -0.1953 21.0083248 105.7542767 20190810025523 ;
1 0.1015 -0.0383 -0.0010 21.0083248 105.7542767 20190810025523 ;
1 0.6945 0.0335 -0.1681 21.0083248 105.7542767 20190810025523 ;
1 0.0375 -0.1732 -0.1488 21.0083248 105.7542767 20190810025523 ;
1 0.3684 -0.0684 0.0822 21.0083481 105.7541111 20190810025523 ;
1 0.8178 0.0829 -0.3186 21.0083481 105.7541111 20190810025523 ;
1 0.1632 -0.0043 -0.2816 21.0083481 105.7541111 20190810025523 ;
1 0.4985 -0.0317 0.0558 21.0083481 105.7541111 20190810025523 ;
1 0.7644 0.0173 -0.2256 21.0083481 105.7541111 20190810025523 ;
1 0.0742 -0.1711 -0.1366 21.0083481 105.7541111 20190810025523 ;
1 0.6314 0.1042 -0.1628 21.0083481 105.7541111 20190810025523 ;
1 0.4647 -0.0931 -0.4692 21.0083481 105.7541111 20190810025523 ;
1 0.7126 0.0348 -0.1771 21.0083481 105.7541111 20190810025523 ;
1 0.4406 -0.0801 -0.2437 21.0083481 105.7541111 20190810025523 ;
1 0.3240 -0.2287 -0.2308 21.0083481 105.7541111 20190810025523 ;
1 0.8349 0.0675 0.0543 21.0083481 105.7541111 20190810025523 ;
1 0.4240 0.0412 -0.1935 21.0083481 105.7541111 20190810025523 ;
1 0.4999 -0.1172 0.0183 21.0083481 105.7541111 20190810025523 ;
1 0.8074 -0.0364 0.1210 21.0083481 105.7541111 20190810025523 ;
1 0.7453 -0.0500 -0.2652 21.0083481 105.7541111 20190810025523 ;
1 0.4781 0.0340 -0.1005 21.0083481 105.7541111 20190810025523 ;
1 0.6992 -0.0636 0.1691 21.0083481 105.7541111 20190810025524 ;
1 0.6423 0.0502 0.1117 21.0083481 105.7541111 20190810025524 ;
1 0.4221 0.0456 0.0499 21.0083481 105.7541111 20190810025524 ;
1 0.6034 0.0748 0.0407 21.0083481 105.7541111 20190810025524 ;
1 0.4064 0.0477 -0.0869 21.0083481 105.7541111 20190810025524 ;
1 0.7964 0.1391 -0.2361 21.0083481 105.7541111 20190810025524 ;
1 0.3149 0.0549 -0.0877 21.0083481 105.7541111 20190810025524 ;
1 0.6465 0.1888 0.1280 21.0083481 105.7541111 20190810025524 ;
1 0.6329 0.0447 -0.0003 21.0083481 105.7541111 20190810025524 ;
1 0.6573 0.2218 0.0655 21.0083481 105.7541111 20190810025524 ;
1 0.3162 0.0335 -0.1621 21.0083481 105.7541111 20190810025524 ;
1 0.3505 0.0480 -0.0082 21.0083481 105.7541111 20190810025524 ;
1 0.5337 0.0700 0.1367 21.0083481 105.7541111 20190810025524 ;
1 0.2983 0.0675 -0.0610 21.0083481 105.7541111 20190810025524 ;
1 0.3240 -0.0025 -0.1302 21.0083481 105.7541111 20190810025524 ;
1 0.2520 0.0982 -0.1420 21.0083481 105.7541111 20190810025524 ;
1 0.3037 0.0362 -0.1134 21.0083481 105.7541111 20190810025524 ;
1 0.2629 -0.0200 0.0969 21.0083481 105.7541111 20190810025524 ;
1 0.2019 0.0256 0.1209 21.0083481 105.7541111 20190810025524 ;
1 0.1924 0.1092 -0.0442 21.0083481 105.7541111 20190810025524 ;
1 0.3640 0.0533 -0.0947 21.0083481 105.7541111 20190810025524 ;
1 0.1961 0.0504 0.0685 21.0083481 105.7541111 20190810025524 ;
1 0.3520 0.0296 0.1889 21.0083481 105.7541111 20190810025524 ;
1 0.2630 0.0977 0.0239 21.0083481 105.7541111 20190810025524 ;
1 0.1053 0.0581 -0.0406 21.0083481 105.7541111 20190810025524 ;
1 0.3721 0.1507 0.2414 21.0083481 105.7541111 20190810025524 ;
1 0.2194 -0.0182 0.0540 21.0083481 105.7541111 20190810025524 ;
1 0.3810 0.2232 -0.1532 21.0083481 105.7541111 20190810025524 ;
1 0.1929 0.1217 -0.3068 21.0083481 105.7541111 20190810025524 ;
1 0.2298 0.1909 0.0510 21.0083481 105.7541111 20190810025524 ;
1 0.4543 0.1606 0.2342 21.0083787 105.7539701 20190810025524 ;
1 0.1910 0.2384 0.0097 21.0083787 105.7539701 20190810025524 ;
1 0.1953 0.1404 -0.0902 21.0083787 105.7539701 20190810025524 ;
1 0.4240 0.2751 -0.1338 21.0083787 105.7539701 20190810025524 ;
1 0.4096 0.0431 0.1142 21.0083787 105.7539701 20190810025524 ;
1 0.1682 0.2595 -0.2916 21.0083787 105.7539701 20190810025524 ;
1 0.4603 0.1812 -0.1664 21.0083787 105.7539701 20190810025524 ;
1 0.1287 0.1637 -0.0342 21.0083787 105.7539701 20190810025524 ;
1 0.3592 0.1368 -0.0942 21.0083787 105.7539701 20190810025524 ;
1 0.3342 0.1812 -0.0574 21.0083787 105.7539701 20190810025524 ;
1 0.1968 0.0559 0.1801 21.0083787 105.7539701 20190810025524 ;
1 0.1523 0.2489 -0.0591 21.0083787 105.7539701 20190810025524 ;
1 0.3700 0.1691 -0.0131 21.0083787 105.7539701 20190810025524 ;
1 0.2250 0.2188 0.0468 21.0083787 105.7539701 20190810025524 ;
1 0.2737 0.1907 0.0097 21.0083787 105.7539701 20190810025524 ;
1 0.2326 0.2747 -0.0212 21.0083787 105.7539701 20190810025524 ;
1 0.3595 0.4648 -0.1186 21.0083787 105.7539701 20190810025524 ;
1 0.3014 0.3259 -0.2227 21.0083787 105.7539701 20190810025524 ;
1 0.2294 0.1733 0.1772 21.0083787 105.7539701 20190810025525 ;
1 0.2396 0.2781 -0.0050 21.0083787 105.7539701 20190810025525 ;
1 0.1046 0.3260 -0.4057 21.0083787 105.7539701 20190810025525 ;
1 0.2585 0.1936 -0.1187 21.0083787 105.7539701 20190810025525 ;
1 0.1215 0.2047 -0.1704 21.0083787 105.7539701 20190810025525 ;
1 0.1951 0.4281 -0.2738 21.0083787 105.7539701 20190810025525 ;
1 0.1851 0.2074 -0.2205 21.0083787 105.7539701 20190810025525 ;
1 0.1399 0.2608 0.0124 21.0083787 105.7539701 20190810025525 ;
1 0.3110 0.2513 0.1077 21.0083787 105.7539701 20190810025525 ;
1 0.1532 0.3113 -0.0643 21.0083787 105.7539701 20190810025525 ;
1 0.2888 0.2023 -0.0199 21.0083787 105.7539701 20190810025525 ;
1 0.1991 0.2868 0.1722 21.0083787 105.7539701 20190810025525 ;
1 0.2487 0.3335 0.0767 21.0083787 105.7539701 20190810025525 ;
1 -0.1491 0.1797 -0.3633 21.0083787 105.7539701 20190810025525 ;
1 0.2650 0.2302 -0.1370 21.0083787 105.7539701 20190810025525 ;
1 -0.0390 0.1486 0.2282 21.0083787 105.7539701 20190810025525 ;
1 0.1652 0.2393 0.2621 21.0083787 105.7539701 20190810025525 ;
1 0.0556 0.2899 -0.0395 21.0083787 105.7539701 20190810025525 ;
1 0.2463 0.2853 0.1436 21.0083787 105.7539701 20190810025525 ;
1 -0.0732 0.2250 0.1500 21.0083787 105.7539701 20190810025525 ;
1 0.4225 0.2450 0.1277 21.0083787 105.7539701 20190810025525 ;
1 -0.0990 0.1161 0.0073 21.0083787 105.7539701 20190810025525 ;
1 0.1034 0.2573 0.2995 21.0083787 105.7539701 20190810025525 ;
1 0.1163 0.2436 0.0772 21.0083787 105.7539701 20190810025525 ;
1 -0.0406 0.1287 0.4038 21.0083787 105.7539701 20190810025525 ;
1 -0.0338 0.1596 0.4229 21.0083787 105.7539701 20190810025525 ;
1 -0.1077 0.3045 0.1262 21.0083787 105.7539701 20190810025525 ;
1 0.1821 0.2422 0.1920 21.0083787 105.7539701 20190810025525 ;
1 -0.0714 0.2137 0.2700 21.0083787 105.7539701 20190810025525 ;
1 0.0279 0.2901 0.3315 21.0083787 105.7539701 20190810025525 ;
1 0.1701 0.1596 0.2724 21.0083787 105.7539701 20190810025525 ;
1 -0.0450 0.2780 0.2739 21.0083787 105.7539701 20190810025525 ;
1 0.0894 0.2406 0.5142 21.0083787 105.7539701 20190810025525 ;
1 0.2135 0.2713 0.0011 21.008409 105.7538183 20190810025525 ;
1 0.1164 0.1247 0.1344 21.008409 105.7538183 20190810025525 ;
1 0.0532 0.1647 0.3017 21.008409 105.7538183 20190810025525 ;
1 0.0746 0.3552 -0.3183 21.008409 105.7538183 20190810025525 ;
1 0.1052 0.1669 -0.2817 21.008409 105.7538183 20190810025525 ;
1 0.1716 0.1925 0.1427 21.008409 105.7538183 20190810025525 ;
1 0.1978 0.2214 0.2936 21.008409 105.7538183 20190810025525 ;
1 -0.0432 0.3310 -0.1074 21.008409 105.7538183 20190810025525 ;
1 0.1688 0.1634 -0.2177 21.008409 105.7538183 20190810025525 ;
1 0.2721 -0.0323 0.3821 21.008409 105.7538183 20190810025525 ;
1 -0.1997 0.3106 0.1020 21.008409 105.7538183 20190810025525 ;
1 0.4121 0.3692 -0.4430 21.008409 105.7538183 20190810025525 ;
1 0.0617 0.2489 -0.3679 21.008409 105.7538183 20190810025525 ;
1 -0.0973 0.1109 0.0344 21.008409 105.7538183 20190810025525 ;
1 0.1298 0.1833 0.1901 21.008409 105.7538183 20190810025525 ;
1 -0.1190 0.3397 -0.3676 21.008409 105.7538183 20190810025525 ;
1 -0.3268 0.2128 0.0000 21.008409 105.7538183 20190810025525 ;
1 0.2549 0.1589 0.0614 21.008409 105.7538183 20190810025525 ;
1 -0.1064 0.2179 -0.0424 21.008409 105.7538183 20190810025526 ;
1 -0.0292 0.2330 -0.3887 21.008409 105.7538183 20190810025526 ;
1 -0.0054 0.3105 -0.4861 21.008409 105.7538183 20190810025526 ;
1 -0.0029 0.0884 -0.2374 21.008409 105.7538183 20190810025526 ;
1 0.0582 0.2320 0.0716 21.008409 105.7538183 20190810025526 ;
1 -0.0737 0.3156 -0.0379 21.008409 105.7538183 20190810025526 ;
1 -0.1620 0.1253 -0.2845 21.008409 105.7538183 20190810025526 ;
1 0.0671 0.2336 -0.2388 21.008409 105.7538183 20190810025526 ;
1 -0.2101 0.0768 0.1907 21.008409 105.7538183 20190810025526 ;
1 0.0024 0.0827 -0.0500 21.008409 105.7538183 20190810025526 ;
1 -0.0040 0.2445 0.0718 21.008409 105.7538183 20190810025526 ;
1 0.2127 0.1259 0.2484 21.008409 105.7538183 20190810025526 ;
1 0.4711 0.3088 0.1430 21.008409 105.7538183 20190810025526 ;
1 -0.0528 0.0950 -0.1199 21.008409 105.7538183 20190810025526 ;
1 0.0698 0.1921 0.2970 21.008409 105.7538183 20190810025526 ;
1 0.4290 0.2417 0.2338 21.008409 105.7538183 20190810025526 ;
1 -0.3123 0.1705 0.2695 21.008409 105.7538183 20190810025526 ;
1 0.3937 0.3940 0.3784 21.008409 105.7538183 20190810025526 ;
1 -0.2599 0.1428 0.0410 21.008409 105.7538183 20190810025526 ;
1 0.2072 0.1726 0.0928 21.008409 105.7538183 20190810025526 ;
1 0.0745 0.1092 -0.1728 21.008409 105.7538183 20190810025526 ;
1 -0.0760 0.0260 -0.0044 21.008409 105.7538183 20190810025526 ;
1 0.1553 -0.0296 0.2967 21.008409 105.7538183 20190810025526 ;
1 -0.0408 -0.0024 -0.1602 21.008409 105.7538183 20190810025526 ;
1 0.1516 -0.0305 -0.3230 21.008409 105.7538183 20190810025526 ;
1 -0.1491 -0.1091 -0.4426 21.008409 105.7538183 20190810025526 ;
1 -0.0364 -0.0343 -0.2600 21.008409 105.7538183 20190810025526 ;
1 0.0192 -0.0087 0.1243 21.008409 105.7538183 20190810025526 ;
1 -0.1422 -0.0767 -0.1120 21.008409 105.7538183 20190810025526 ;
1 0.0051 -0.2605 -0.1275 21.008409 105.7538183 20190810025526 ;
1 -0.1189 -0.2457 0.2300 21.008409 105.7538183 20190810025526 ;
1 0.0009 -0.0970 0.0514 21.0084426 105.7536603 20190810025526 ;
1 0.0403 -0.1920 0.2424 21.0084426 105.7536603 20190810025526 ;
1 -0.3636 -0.1947 0.2325 21.0084426 105.7536603 20190810025526 ;
1 0.0903 -0.0841 -0.0166 21.0084426 105.7536603 20190810025526 ;
1 -0.0698 -0.2871 0.1945 21.0084426 105.7536603 20190810025526 ;
1 -0.2452 -0.3183 0.4194 21.0084426 105.7536603 20190810025526 ;
1 -0.1231 -0.3016 0.3791 21.0084426 105.7536603 20190810025526 ;
1 -0.1725 -0.2082 0.3404 21.0084426 105.7536603 20190810025526 ;
1 -0.2577 -0.1869 0.1096 21.0084426 105.7536603 20190810025526 ;
1 -0.1350 -0.3300 0.3253 21.0084426 105.7536603 20190810025526 ;
1 -0.3383 -0.2910 0.2620 21.0084426 105.7536603 20190810025526 ;
1 -0.2603 -0.3571 0.2376 21.0084426 105.7536603 20190810025526 ;
1 -0.3497 -0.3617 0.3020 21.0084426 105.7536603 20190810025526 ;
1 -0.3174 -0.1810 0.2351 21.0084426 105.7536603 20190810025526 ;
1 -0.3971 -0.5115 0.5439 21.0084426 105.7536603 20190810025526 ;
1 -0.4248 -0.3679 0.3340 21.0084426 105.7536603 20190810025526 ;
1 -0.1238 -0.1101 -0.5219 21.0084426 105.7536603 20190810025526 ;
1 -0.3557 -0.3210 -0.4547 21.0084426 105.7536603 20190810025527 ;
1 -0.2178 -0.3777 0.1095 21.0084426 105.7536603 20190810025527 ;
1 -0.2509 -0.2454 0.0633 21.0084426 105.7536603 20190810025527 ;
1 -0.2802 -0.1068 -0.1899 21.0084426 105.7536603 20190810025527 ;
1 -0.3970 -0.2122 -0.2783 21.0084426 105.7536603 20190810025527 ;
1 -0.5204 -0.3079 -0.2305 21.0084426 105.7536603 20190810025527 ;
1 -0.0017 -0.1819 -0.3422 21.0084426 105.7536603 20190810025527 ;
1 -0.0803 -0.3704 -0.8889 21.0084426 105.7536603 20190810025527 ;
1 -0.3475 -0.5244 -0.7798 21.0084426 105.7536603 20190810025527 ;
1 -0.2094 -0.0003 -0.6139 21.0084426 105.7536603 20190810025527 ;
1 -0.1762 -0.2172 -1.0606 21.0084426 105.7536603 20190810025527 ;
1 -0.3388 -0.6464 -0.7780 21.0084426 105.7536603 20190810025527 ;
1 -0.3439 -0.3994 -0.3127 21.0084426 105.7536603 20190810025527 ;
1 -0.2433 0.0237 -0.9610 21.0084426 105.7536603 20190810025527 ;
1 -0.3348 -0.4162 -0.4425 21.0084426 105.7536603 20190810025527 ;
1 -0.1977 -0.5422 0.1031 21.0084426 105.7536603 20190810025527 ;
1 -0.1991 -0.4021 -0.0720 21.0084426 105.7536603 20190810025527 ;
1 -0.3989 -0.2100 -0.4326 21.0084426 105.7536603 20190810025527 ;
1 -0.1434 -0.3699 0.1114 21.0084426 105.7536603 20190810025527 ;
1 -0.2061 -0.4958 0.5270 21.0084426 105.7536603 20190810025527 ;
1 -0.2674 -0.4162 0.7010 21.0084426 105.7536603 20190810025527 ;
1 -0.3337 -0.2407 0.4469 21.0084426 105.7536603 20190810025527 ;
1 -0.1689 -0.4198 0.5777 21.0084426 105.7536603 20190810025527 ;
1 -0.1395 -0.2957 0.4500 21.0084426 105.7536603 20190810025527 ;
1 0.0067 -0.5310 0.5182 21.0084426 105.7536603 20190810025527 ;
1 -0.1150 -0.3551 0.4546 21.0084426 105.7536603 20190810025527 ;
1 -0.2436 -0.2760 0.5370 21.0084426 105.7536603 20190810025527 ;
1 0.0027 -0.2470 0.6769 21.0084426 105.7536603 20190810025527 ;
1 -0.3382 -0.5160 0.9020 21.0084426 105.7536603 20190810025527 ;
1 -0.1207 -0.3576 0.2294 21.0084426 105.7536603 20190810025527 ;
1 -0.1601 -0.3711 0.1874 21.0084426 105.7536603 20190810025527 ;
1 -0.0396 -0.2906 0.2964 21.0084426 105.7536603 20190810025527 ;
1 -0.1058 -0.3005 0.1754 21.0084426 105.7536603 20190810025527 ;
1 0.0019 -0.3610 0.2631 21.0084743 105.753502 20190810025527 ;
1 -0.2427 -0.4657 0.2904 21.0084743 105.753502 20190810025527 ;
1 -0.2599 -0.2970 0.0265 21.0084743 105.753502 20190810025527 ;
1 0.0144 -0.3651 0.1186 21.0084743 105.753502 20190810025527 ;
1 -0.2592 -0.4783 0.0432 21.0084743 105.753502 20190810025527 ;
1 -0.0649 -0.4838 0.5059 21.0084743 105.753502 20190810025527 ;
1 -0.1276 -0.2572 0.3670 21.0084743 105.753502 20190810025527 ;
1 -0.0240 -0.1970 -0.2297 21.0084743 105.753502 20190810025527 ;
1 -0.0889 -0.5003 -0.0365 21.0084743 105.753502 20190810025527 ;
1 0.0164 -0.3949 0.4756 21.0084743 105.753502 20190810025527 ;
1 0.0565 -0.2312 0.2663 21.0084743 105.753502 20190810025527 ;
1 -0.2314 -0.2673 -0.2068 21.0084743 105.753502 20190810025527 ;
1 0.1431 -0.3316 0.2224 21.0084743 105.753502 20190810025527 ;
1 0.0748 -0.3963 0.1744 21.0084743 105.753502 20190810025527 ;
1 0.1388 -0.3308 -0.1623 21.0084743 105.753502 20190810025527 ;
1 0.0652 -0.2478 -0.2143 21.0084743 105.753502 20190810025527 ;
1 -0.1029 -0.4081 -0.2325 21.0084743 105.753502 20190810025527 ;
1 0.1746 -0.4223 -0.1037 21.0084743 105.753502 20190810025528 ;
1 0.1233 -0.2638 -0.1989 21.0084743 105.753502 20190810025528 ;
1 0.0329 -0.4027 -0.3519 21.0084743 105.753502 20190810025528 ;
1 0.0174 -0.3241 -0.1984 21.0084743 105.753502 20190810025528 ;
1 0.2307 -0.3400 -0.2552 21.0084743 105.753502 20190810025528 ;
1 0.2074 -0.3099 -0.1594 21.0084743 105.753502 20190810025528 ;
1 -0.1436 -0.4585 0.4149 21.0084743 105.753502 20190810025528 ;
1 -0.0291 -0.2687 0.2039 21.0084743 105.753502 20190810025528 ;
1 0.0563 -0.2955 -0.4520 21.0084743 105.753502 20190810025528 ;
1 0.1271 -0.3843 0.0449 21.0084743 105.753502 20190810025528 ;
1 0.0183 -0.3796 0.1398 21.0084743 105.753502 20190810025528 ;
1 0.0228 -0.3238 -0.1946 21.0084743 105.753502 20190810025528 ;
1 -0.0034 -0.3310 -0.1705 21.0084743 105.753502 20190810025528 ;
1 -0.0239 -0.3210 0.1196 21.0084743 105.753502 20190810025528 ;
1 -0.2006 -0.4764 0.1016 21.0084743 105.753502 20190810025528 ;
1 -0.0838 -0.2971 0.0876 21.0084743 105.753502 20190810025528 ;
1 -0.0866 -0.2702 -0.2787 21.0084743 105.753502 20190810025528 ;
1 -0.2113 -0.3880 -0.0250 21.0084743 105.753502 20190810025528 ;
1 0.1058 -0.2724 -0.1663 21.0084743 105.753502 20190810025528 ;
1 -0.4008 -0.3469 -0.1995 21.0084743 105.753502 20190810025528 ;
1 0.0334 -0.2700 -0.0456 21.0084743 105.753502 20190810025528 ;
1 -0.1491 -0.2999 -0.1206 21.0084743 105.753502 20190810025528 ;
1 -0.1778 -0.3013 -0.2768 21.0084743 105.753502 20190810025528 ;
1 -0.0629 -0.3084 -0.2329 21.0084743 105.753502 20190810025528 ;
1 -0.0721 -0.3394 -0.2082 21.0084743 105.753502 20190810025528 ;
1 -0.1309 -0.2506 -0.1450 21.0084743 105.753502 20190810025528 ;
1 -0.1115 -0.2930 -0.3585 21.0084743 105.753502 20190810025528 ;
1 -0.1709 -0.2763 -0.1695 21.0084743 105.753502 20190810025528 ;
1 -0.1572 -0.3647 -0.0342 21.0084743 105.753502 20190810025528 ;
1 -0.1336 -0.2560 -0.1795 21.0084743 105.753502 20190810025528 ;
1 -0.0906 -0.3086 -0.1377 21.0084743 105.753502 20190810025528 ;
1 -0.2139 -0.1998 -0.0326 21.0084743 105.753502 20190810025528 ;
1 0.1114 -0.2071 -0.0885 21.0084743 105.753502 20190810025528 ;
1 -0.0901 -0.3275 -0.1030 21.0084743 105.753502 20190810025528 ;
1 -0.0768 -0.2084 0.0925 21.0085047 105.7533464 20190810025528 ;
1 -0.0786 -0.1936 0.0806 21.0085047 105.7533464 20190810025528 ;
1 -0.0755 -0.2661 0.2558 21.0085047 105.7533464 20190810025528 ;
1 -0.1035 -0.2561 0.2794 21.0085047 105.7533464 20190810025528 ;
1 0.0195 -0.2695 0.1079 21.0085047 105.7533464 20190810025528 ;
1 0.0308 -0.3089 0.1674 21.0085047 105.7533464 20190810025528 ;
1 -0.0227 -0.2412 0.1968 21.0085047 105.7533464 20190810025528 ;
1 0.1039 -0.2712 0.1901 21.0085047 105.7533464 20190810025528 ;
1 -0.1497 -0.2764 0.3278 21.0085047 105.7533464 20190810025528 ;
1 -0.0359 -0.2487 0.3361 21.0085047 105.7533464 20190810025528 ;
1 0.0254 -0.3240 0.4174 21.0085047 105.7533464 20190810025528 ;
1 -0.0471 -0.3999 0.7288 21.0085047 105.7533464 20190810025528 ;
1 0.0420 -0.4506 1.0233 21.0085047 105.7533464 20190810025528 ;
1 -0.0508 -0.4842 1.0290 21.0085047 105.7533464 20190810025528 ;
1 -0.0359 -0.5045 1.2393 21.0085047 105.7533464 20190810025528 ;
1 -0.1909 -0.5357 1.4075 21.0085047 105.7533464 20190810025528 ;
1 -0.2397 -0.4926 1.2346 21.0085047 105.7533464 20190810025528 ;
1 -0.0116 -0.3730 0.7252 21.0085047 105.7533464 20190810025529 ;
1 -0.0803 -0.4800 1.0731 21.0085047 105.7533464 20190810025529 ;
1 0.0221 -0.4197 1.1631 21.0085047 105.7533464 20190810025529 ;
1 -0.2153 -0.4367 1.7239 21.0085047 105.7533464 20190810025529 ;
1 -0.2081 -0.2220 1.5887 21.0085047 105.7533464 20190810025529 ;
1 -0.1200 -0.1510 1.5139 21.0085047 105.7533464 20190810025529 ;
1 -0.1506 -0.1785 1.1375 21.0085047 105.7533464 20190810025529 ;
1 0.0184 -0.1890 0.9089 21.0085047 105.7533464 20190810025529 ;
1 -0.3637 -0.1587 0.3841 21.0085047 105.7533464 20190810025529 ;
1 0.0620 -0.1277 0.1834 21.0085047 105.7533464 20190810025529 ;
1 -0.1535 -0.1325 -0.3549 21.0085047 105.7533464 20190810025529 ;
1 -0.5866 -0.2449 -0.1021 21.0085047 105.7533464 20190810025529 ;
1 0.5693 -0.0887 -0.1920 21.0085047 105.7533464 20190810025529 ;
1 -0.8941 0.4956 -2.2058 21.0085047 105.7533464 20190810025529 ;
1 0.1059 0.7196 -4.5640 21.0085047 105.7533464 20190810025529 ;
1 0.7065 -0.5807 -1.2027 21.0085047 105.7533464 20190810025529 ;
1 -0.6526 0.3192 -0.0858 21.0085047 105.7533464 20190810025529 ;
1 0.6504 1.0221 -2.7885 21.0085047 105.7533464 20190810025529 ;
1 -0.2944 0.0510 -3.6312 21.0085047 105.7533464 20190810025529 ;
1 -0.0398 -1.5684 -0.4253 21.0085047 105.7533464 20190810025529 ;
1 -0.4109 1.2898 -1.6832 21.0085047 105.7533464 20190810025529 ;
1 0.5542 -0.1548 -0.9000 21.0085047 105.7533464 20190810025529 ;
1 0.5649 -0.2109 -6.9675 21.0085047 105.7533464 20190810025529 ;
1 -0.6805 -0.9198 -5.0337 21.0085047 105.7533464 20190810025529 ;
1 -0.2296 0.4792 0.2818 21.0085047 105.7533464 20190810025529 ;
1 1.5625 -0.7654 -1.3041 21.0085047 105.7533464 20190810025529 ;
1 -1.0947 -0.4079 -2.0972 21.0085047 105.7533464 20190810025529 ;
1 -0.7329 0.5658 -0.2765 21.0085047 105.7533464 20190810025529 ;
1 0.7639 -0.7407 -0.4263 21.0085047 105.7533464 20190810025529 ;
1 -0.1919 -0.2450 -0.4593 21.0085047 105.7533464 20190810025529 ;
1 -0.6204 -0.0951 0.5337 21.0085047 105.7533464 20190810025529 ;
1 0.1828 0.0308 0.4184 21.0085394 105.7531933 20190810025529 ;
1 -0.0074 0.0516 0.4526 21.0085394 105.7531933 20190810025529 ;
1 -0.1061 -0.4767 1.2461 21.0085394 105.7531933 20190810025529 ;
1 -0.2811 -0.4247 1.3929 21.0085394 105.7531933 20190810025529 ;
1 0.1033 -0.0535 0.9464 21.0085394 105.7531933 20190810025529 ;
1 -0.4940 -0.1142 1.0158 21.0085394 105.7531933 20190810025529 ;
1 -0.1613 -0.0784 1.5796 21.0085394 105.7531933 20190810025529 ;
1 -0.1059 -0.1370 1.2680 21.0085394 105.7531933 20190810025529 ;
1 -0.2066 0.0248 0.6135 21.0085394 105.7531933 20190810025529 ;
1 -0.0071 0.1646 0.3012 21.0085394 105.7531933 20190810025529 ;
1 -0.0344 -0.1464 0.6169 21.0085394 105.7531933 20190810025529 ;
1 0.0433 -0.2409 0.7110 21.0085394 105.7531933 20190810025529 ;
1 -0.3581 -0.8100 1.7832 21.0085394 105.7531933 20190810025529 ;
1 -0.0688 0.9805 -1.1135 21.0085394 105.7531933 20190810025529 ;
1 0.3732 0.6472 -2.2639 21.0085394 105.7531933 20190810025529 ;
1 -0.2226 -0.6852 -0.8359 21.0085394 105.7531933 20190810025529 ;
1 0.0265 0.0623 -0.8104 21.0085394 105.7531933 20190810025530 ;
1 -0.0407 0.9111 -2.5251 21.0085394 105.7531933 20190810025530 ;
1 0.6709 0.5421 -2.4402 21.0085394 105.7531933 20190810025530 ;
1 -0.6179 -0.2330 -1.2894 21.0085394 105.7531933 20190810025530 ;
1 -0.2863 -0.7161 0.7782 21.0085394 105.7531933 20190810025530 ;
1 0.2268 1.6100 -1.1203 21.0085394 105.7531933 20190810025530 ;
1 0.2007 0.6539 -3.2731 21.0085394 105.7531933 20190810025530 ;
1 -0.1010 -0.5473 -4.7229 21.0085394 105.7531933 20190810025530 ;
1 -0.2921 -0.4900 -1.9274 21.0085394 105.7531933 20190810025530 ;
1 0.4882 0.6570 -2.5420 21.0085394 105.7531933 20190810025530 ;
1 -0.2335 0.0582 -3.5755 21.0085394 105.7531933 20190810025530 ;
1 -0.3892 0.0758 -2.0221 21.0085394 105.7531933 20190810025530 ;
1 -0.1303 -0.0269 -1.2357 21.0085394 105.7531933 20190810025530 ;
1 -0.0159 0.0231 -1.9331 21.0085394 105.7531933 20190810025530 ;
1 -0.2049 -0.0751 -1.1308 21.0085394 105.7531933 20190810025530 ;
1 -0.2271 -0.3812 -0.1164 21.0085394 105.7531933 20190810025530 ;
1 -0.1527 -0.1274 0.8288 21.0085394 105.7531933 20190810025530 ;
1 -0.1931 -0.0817 1.1365 21.0085394 105.7531933 20190810025530 ;
1 -0.2645 -0.4719 1.4550 21.0085394 105.7531933 20190810025530 ;
1 -0.3647 -0.6634 2.1662 21.0085394 105.7531933 20190810025530 ;
1 -0.0547 -0.3562 2.4952 21.0085394 105.7531933 20190810025530 ;
1 -0.1965 0.0913 2.2413 21.0085394 105.7531933 20190810025530 ;
1 -0.0101 -0.2921 3.1181 21.0085394 105.7531933 20190810025530 ;
1 -0.0788 -0.6441 3.4819 21.0085394 105.7531933 20190810025530 ;
1 0.0361 -0.2031 3.3673 21.0085394 105.7531933 20190810025530 ;
1 -0.0375 0.3014 3.1841 21.0085394 105.7531933 20190810025530 ;
1 0.1159 0.2764 3.2727 21.0085394 105.7531933 20190810025530 ;
1 0.3882 0.0598 2.9886 21.0085394 105.7531933 20190810025530 ;
1 0.4772 0.1647 2.7147 21.0085394 105.7531933 20190810025530 ;
1 0.2703 0.3969 2.0945 21.0085394 105.7531933 20190810025530 ;
1 0.3915 0.2859 1.2444 21.0085394 105.7531933 20190810025530 ;
1 0.3574 0.0828 0.9019 21.0085394 105.7531933 20190810025530 ;
1 0.1645 0.1662 0.2161 21.0085727 105.753042 20190810025530 ;
1 0.1703 0.0778 -0.2757 21.0085727 105.753042 20190810025530 ;
1 0.1894 0.0396 -0.8793 21.0085727 105.753042 20190810025530 ;
1 -0.0094 -0.0829 -1.1006 21.0085727 105.753042 20190810025530 ;
1 0.2118 -0.0676 -1.0164 21.0085727 105.753042 20190810025530 ;
1 -0.0298 0.0414 -1.1289 21.0085727 105.753042 20190810025530 ;
1 0.2957 0.0190 -1.2968 21.0085727 105.753042 20190810025530 ;
1 0.1202 -0.1813 -1.2154 21.0085727 105.753042 20190810025530 ;
1 0.1686 -0.1488 -1.1440 21.0085727 105.753042 20190810025530 ;
1 0.1642 -0.0118 -1.0103 21.0085727 105.753042 20190810025530 ;
1 0.1395 -0.0419 -1.0702 21.0085727 105.753042 20190810025530 ;
1 0.0414 -0.1999 -0.9103 21.0085727 105.753042 20190810025530 ;
1 0.2604 -0.0451 -0.4245 21.0085727 105.753042 20190810025530 ;
1 0.1317 -0.1369 -0.2766 21.0085727 105.753042 20190810025530 ;
1 0.0484 -0.0062 -0.4167 21.0085727 105.753042 20190810025530 ;
1 0.4374 -0.0756 -0.0273 21.0085727 105.753042 20190810025530 ;
1 0.1752 -0.1182 0.1738 21.0085727 105.753042 20190810025530 ;
1 0.3283 0.0383 0.2339 21.0085727 105.753042 20190810025531 ;
1 0.3249 -0.1007 0.3274 21.0085727 105.753042 20190810025531 ;
1 0.2603 0.0047 0.5454 21.0085727 105.753042 20190810025531 ;
1 0.3989 -0.0248 0.7203 21.0085727 105.753042 20190810025531 ;
1 0.3006 -0.0509 0.6294 21.0085727 105.753042 20190810025531 ;
1 0.4977 -0.0065 0.6557 21.0085727 105.753042 20190810025531 ;
1 0.4580 -0.1024 0.4305 21.0085727 105.753042 20190810025531 ;
1 0.4554 0.0015 0.5304 21.0085727 105.753042 20190810025531 ;
1 0.5121 0.0780 0.4130 21.0085727 105.753042 20190810025531 ;
1 0.3555 -0.0113 0.1288 21.0085727 105.753042 20190810025531 ;
1 0.6031 0.0020 0.2480 21.0085727 105.753042 20190810025531 ;
1 0.3798 -0.0337 0.7805 21.0085727 105.753042 20190810025531 ;
1 0.4714 0.0610 0.0137 21.0085727 105.753042 20190810025531 ;
