1 0.2723 0.1018 0.0173 21.0107733 105.7255141 20190810121428 
1 0.3048 0.0149 -0.1993 21.0107733 105.7255141 20190810121428 
1 0.2326 0.4087 -0.4954 21.0107733 105.7255141 20190810121428 
1 0.2409 -0.3327 -0.7002 21.0107733 105.7255141 20190810121428 
1 0.1898 0.1868 -0.4536 21.0107733 105.7255141 20190810121428 
1 0.3765 -0.0996 -1.2554 21.0107733 105.7255141 20190810121428 
1 0.2662 0.0903 -0.7696 21.0107733 105.7255141 20190810121428 
1 0.2558 -0.0857 -0.6212 21.0107733 105.7255141 20190810121428 
1 0.2366 0.2002 -0.7719 21.0107733 105.7255141 20190810121428 
1 0.2521 -0.2962 -1.0684 21.0107586 105.7257185 20190810121428 
1 0.2718 -0.0171 -1.0418 21.0107586 105.7257185 20190810121428 
1 0.2487 -0.0259 -1.1551 21.0107586 105.7257185 20190810121428 
1 0.2735 -0.0486 -1.1246 21.0107586 105.7257185 20190810121428 
1 0.1482 -0.0801 -0.6297 21.0107586 105.7257185 20190810121428 
1 0.2339 0.0199 -0.4743 21.0107586 105.7257185 20190810121428 
1 0.2671 0.0140 -0.5859 21.0107586 105.7257185 20190810121428 
1 0.2202 -0.0640 -0.3493 21.0107586 105.7257185 20190810121428 
1 0.2180 0.0307 -0.0893 21.0107586 105.7257185 20190810121428 
1 0.2532 -0.0108 -0.6478 21.0107586 105.7257185 20190810121428 
1 0.1046 0.0457 -0.0595 21.0107586 105.7257185 20190810121428 
1 0.3714 0.0696 0.2501 21.0107586 105.7257185 20190810121428 
1 0.1590 0.0006 0.2128 21.0107586 105.7257185 20190810121428 
1 0.0156 0.1985 0.4541 21.0107586 105.7257185 20190810121428 
1 0.2729 -0.1145 0.2161 21.0107586 105.7257185 20190810121429 
1 0.1144 0.1772 0.5497 21.0107586 105.7257185 20190810121429 
1 0.0760 -0.0102 0.5593 21.0107586 105.7257185 20190810121429 
1 0.1060 0.1611 0.8791 21.0107586 105.7257185 20190810121429 
1 0.0875 -0.0135 0.8679 21.0107586 105.7257185 20190810121429 
1 0.0407 0.4502 1.2300 21.0107586 105.7257185 20190810121429 
1 0.2059 0.0609 0.9007 21.0107586 105.7257185 20190810121429 
1 0.0719 0.0875 1.2606 21.0107586 105.7257185 20190810121429 
1 0.0778 0.3776 0.9810 21.0107586 105.7257185 20190810121429 
1 0.1701 0.0753 0.6463 21.0107586 105.7257185 20190810121429 
1 0.3360 -0.1415 0.6792 21.0107586 105.7257185 20190810121429 
1 0.2060 0.3317 0.9286 21.0107586 105.7257185 20190810121429 
1 0.1138 0.2141 0.6207 21.0107586 105.7257185 20190810121429 
1 0.3259 -0.0033 0.3924 21.0107586 105.7257185 20190810121429 
1 0.1913 0.1932 0.3230 21.0107586 105.7257185 20190810121429 
1 0.3320 0.2830 -0.4200 21.0107586 105.7257185 20190810121429 
1 0.1334 -0.1092 -0.2264 21.0107586 105.7257185 20190810121429 
1 0.2566 0.0423 -0.4719 21.0107586 105.7257185 20190810121429 
1 0.3375 0.0785 -0.7976 21.0107586 105.7257185 20190810121429 
1 0.3156 0.2746 -0.5977 21.0107586 105.7257185 20190810121429 
1 0.3580 -0.1159 -0.3914 21.0107586 105.7257185 20190810121429 
1 0.1196 0.0731 -0.4753 21.0107586 105.7257185 20190810121429 
1 0.2515 0.0829 -1.0004 21.0107586 105.7257185 20190810121429 
1 0.3004 0.0303 -0.7915 21.0107586 105.7257185 20190810121429 
1 0.1219 0.1400 -0.7287 21.0107586 105.7257185 20190810121429 
1 0.2077 0.1217 -1.1374 21.0107586 105.7257185 20190810121429 
1 0.3281 -0.1340 -1.2365 21.0107586 105.7257185 20190810121429 
1 0.1631 -0.0232 -0.0735 21.0107586 105.7257185 20190810121429 
1 0.1897 0.0277 -0.5909 21.0107586 105.7257185 20190810121429 
1 0.3030 0.0985 -0.6349 21.0107586 105.7257185 20190810121429 
1 0.3004 -0.3081 -0.3621 21.0107586 105.7257185 20190810121429 
1 0.1714 0.2422 -0.3372 21.0107586 105.7257185 20190810121429 
1 0.2271 -0.2891 -0.7079 21.0107586 105.7257185 20190810121429 
1 0.3324 0.0243 -0.2937 21.0107462 105.7259233 20190810121429 
1 0.2873 -0.1138 -0.6918 21.0107462 105.7259233 20190810121429 
1 0.2494 -0.0550 -0.5243 21.0107462 105.7259233 20190810121429 
1 0.2061 -0.3464 -0.3295 21.0107462 105.7259233 20190810121429 
1 -0.0040 0.2545 -0.2596 21.0107462 105.7259233 20190810121429 
1 -0.1251 -0.1187 -0.3867 21.0107462 105.7259233 20190810121429 
1 -0.0793 0.1815 0.3503 21.0107462 105.7259233 20190810121429 
1 0.0779 0.0826 0.3577 21.0107462 105.7259233 20190810121429 
1 0.4566 -0.0054 -0.7669 21.0107462 105.7259233 20190810121429 
1 0.0488 -0.0371 0.1631 21.0107462 105.7259233 20190810121429 
1 0.1117 0.2321 0.5853 21.0107462 105.7259233 20190810121429 
1 0.2507 0.2068 0.2862 21.0107462 105.7259233 20190810121429 
1 0.2550 0.0682 0.5740 21.0107462 105.7259233 20190810121429 
1 0.0464 0.1214 1.0169 21.0107462 105.7259233 20190810121429 
1 0.2339 0.2979 0.1417 21.0107462 105.7259233 20190810121429 
1 0.2574 -0.3160 -0.6424 21.0107462 105.7259233 20190810121429 
1 0.0076 0.2529 0.8092 21.0107462 105.7259233 20190810121429 
1 0.2375 0.1983 0.2852 21.0107462 105.7259233 20190810121430 
1 0.0797 0.2074 0.3463 21.0107462 105.7259233 20190810121430 
1 0.0362 -0.1505 0.7845 21.0107462 105.7259233 20190810121430 
1 0.2347 0.0788 0.5296 21.0107462 105.7259233 20190810121430 
1 0.0912 0.2452 0.4718 21.0107462 105.7259233 20190810121430 
1 0.1838 -0.2783 0.2564 21.0107462 105.7259233 20190810121430 
1 0.2301 0.2545 0.5030 21.0107462 105.7259233 20190810121430 
1 0.1073 0.0626 0.5463 21.0107462 105.7259233 20190810121430 
1 0.1326 -0.0506 0.5330 21.0107462 105.7259233 20190810121430 
1 0.3041 0.1437 0.2227 21.0107462 105.7259233 20190810121430 
1 0.3554 -0.0923 -0.0452 21.0107462 105.7259233 20190810121430 
1 0.0775 0.2304 0.4486 21.0107462 105.7259233 20190810121430 
1 0.2579 -0.2853 -0.0718 21.0107462 105.7259233 20190810121430 
1 0.2977 0.1598 -0.3103 21.0107462 105.7259233 20190810121430 
1 0.2296 0.2090 -0.1031 21.0107462 105.7259233 20190810121430 
1 0.2562 -0.0807 -0.1686 21.0107462 105.7259233 20190810121430 
1 0.2575 0.0722 -0.4147 21.0107462 105.7259233 20190810121430 
1 0.2188 -0.1485 -0.4881 21.0107462 105.7259233 20190810121430 
1 0.2671 0.0148 -0.4177 21.0107462 105.7259233 20190810121430 
1 0.2661 -0.1627 -0.6392 21.0107462 105.7259233 20190810121430 
1 0.1916 0.1095 -0.2572 21.0107462 105.7259233 20190810121430 
1 0.0910 -0.2168 -0.1754 21.0107462 105.7259233 20190810121430 
1 -0.2190 0.0776 0.8630 21.0107462 105.7259233 20190810121430 
1 0.1404 -0.0823 0.0094 21.0107462 105.7259233 20190810121430 
1 0.5291 -0.0917 -0.9672 21.0107462 105.7259233 20190810121430 
1 -0.1921 -0.2545 0.7534 21.0107462 105.7259233 20190810121430 
1 0.0561 -0.0580 0.2469 21.0107462 105.7259233 20190810121430 
1 0.3732 -0.0580 -0.2122 21.0107462 105.7259233 20190810121430 
1 0.0778 -0.0624 1.8290 21.0107462 105.7259233 20190810121430 
1 0.2890 -0.0394 1.4681 21.0107462 105.7259233 20190810121430 
1 0.1529 0.0832 -0.7113 21.0107462 105.7259233 20190810121430 
1 0.2703 -0.3187 -0.5022 21.0107462 105.7259233 20190810121430 
1 0.2134 -0.3221 0.1035 21.0107462 105.7259233 20190810121430 
1 0.2094 0.3709 -0.0702 21.0107319 105.7261356 20190810121430 
1 0.2424 -0.1041 -0.1804 21.0107319 105.7261356 20190810121430 
1 0.3009 -0.0359 -0.3108 21.0107319 105.7261356 20190810121430 
1 0.0589 0.2314 -0.2577 21.0107319 105.7261356 20190810121430 
1 0.3035 -0.0792 -0.7779 21.0107319 105.7261356 20190810121430 
1 0.1639 0.1887 -0.2987 21.0107319 105.7261356 20190810121430 
1 0.0433 0.0917 -0.3601 21.0107319 105.7261356 20190810121430 
1 0.2011 0.0486 -0.4067 21.0107319 105.7261356 20190810121430 
1 0.2244 0.2130 -0.2392 21.0107319 105.7261356 20190810121430 
1 0.2767 0.1297 0.0581 21.0107319 105.7261356 20190810121430 
1 0.1325 0.0681 0.0767 21.0107319 105.7261356 20190810121430 
1 0.1274 0.0969 0.1565 21.0107319 105.7261356 20190810121430 
1 0.2921 0.2488 0.1628 21.0107319 105.7261356 20190810121430 
1 0.2404 -0.0749 -0.0834 21.0107319 105.7261356 20190810121430 
1 0.1646 0.2040 0.3599 21.0107319 105.7261356 20190810121430 
1 0.1745 -0.1954 -0.0604 21.0107319 105.7261356 20190810121430 
1 0.2611 0.2510 0.2203 21.0107319 105.7261356 20190810121431 
1 0.1827 -0.2669 0.0246 21.0107319 105.7261356 20190810121431 
1 0.1517 0.2187 0.1776 21.0107319 105.7261356 20190810121431 
1 0.2488 -0.1737 -0.2644 21.0107319 105.7261356 20190810121431 
1 0.1770 -0.0217 -0.0589 21.0107319 105.7261356 20190810121431 
1 0.1379 0.1963 -0.1930 21.0107319 105.7261356 20190810121431 
1 0.2251 -0.4163 -0.3360 21.0107319 105.7261356 20190810121431 
1 0.1027 0.1001 0.2742 21.0107319 105.7261356 20190810121431 
1 0.1292 -0.0834 -0.2313 21.0107319 105.7261356 20190810121431 
1 0.2320 -0.0257 -0.3195 21.0107319 105.7261356 20190810121431 
1 0.1573 -0.0307 -0.0416 21.0107319 105.7261356 20190810121431 
1 0.1627 0.0315 -0.0133 21.0107319 105.7261356 20190810121431 
1 0.0184 -0.0075 0.1548 21.0107319 105.7261356 20190810121431 
1 0.3011 -0.2820 -0.0659 21.0107319 105.7261356 20190810121431 
1 0.2222 0.2113 0.0417 21.0107319 105.7261356 20190810121431 
1 0.1513 -0.0114 -0.2799 21.0107319 105.7261356 20190810121431 
1 0.0459 -0.0860 0.1227 21.0107319 105.7261356 20190810121431 
1 0.1279 0.0473 0.1287 21.0107319 105.7261356 20190810121431 
1 0.3532 -0.1042 -0.1535 21.0107319 105.7261356 20190810121431 
1 0.1717 -0.0709 0.0009 21.0107319 105.7261356 20190810121431 
1 0.1059 0.0136 0.1421 21.0107319 105.7261356 20190810121431 
1 0.1770 -0.1303 -0.2164 21.0107319 105.7261356 20190810121431 
1 0.1396 -0.0364 0.0883 21.0107319 105.7261356 20190810121431 
1 0.1968 -0.1352 0.0516 21.0107319 105.7261356 20190810121431 
1 0.2108 -0.0010 -0.0742 21.0107319 105.7261356 20190810121431 
1 0.0552 -0.1804 -0.0203 21.0107319 105.7261356 20190810121431 
1 0.2136 -0.0195 0.1845 21.0107319 105.7261356 20190810121431 
1 0.1627 -0.0437 0.0491 21.0107319 105.7261356 20190810121431 
1 0.1619 -0.0852 0.2330 21.0107319 105.7261356 20190810121431 
1 0.1160 0.0746 0.3986 21.0107319 105.7261356 20190810121431 
1 0.0809 -0.0806 0.0209 21.0107319 105.7261356 20190810121431 
1 0.2533 -0.1274 -0.0444 21.0107319 105.7261356 20190810121431 
1 0.1458 0.0100 0.3447 21.0107172 105.7263503 20190810121431 
1 0.1865 0.0465 0.2083 21.0107172 105.7263503 20190810121431 
1 0.0437 -0.1183 0.4633 21.0107172 105.7263503 20190810121431 
1 0.2033 -0.1148 0.2655 21.0107172 105.7263503 20190810121431 
1 0.2311 -0.1673 -0.1891 21.0107172 105.7263503 20190810121431 
1 0.0566 0.1052 0.2520 21.0107172 105.7263503 20190810121431 
1 0.0652 -0.2958 0.4026 21.0107172 105.7263503 20190810121431 
1 0.1588 0.0128 -0.0021 21.0107172 105.7263503 20190810121431 
1 0.1117 0.0348 0.0538 21.0107172 105.7263503 20190810121431 
1 0.0875 -0.2549 0.2036 21.0107172 105.7263503 20190810121431 
1 0.1708 -0.0826 0.1323 21.0107172 105.7263503 20190810121431 
1 0.0709 -0.1810 0.0816 21.0107172 105.7263503 20190810121431 
1 0.0371 0.1175 0.0579 21.0107172 105.7263503 20190810121431 
1 0.1962 -0.3226 -0.1372 21.0107172 105.7263503 20190810121431 
1 0.0851 -0.1428 0.1268 21.0107172 105.7263503 20190810121431 
1 0.1147 -0.2527 0.0090 21.0107172 105.7263503 20190810121431 
1 0.1660 -0.1644 -0.1103 21.0107172 105.7263503 20190810121431 
1 0.1968 -0.1129 -0.3353 21.0107172 105.7263503 20190810121431 
1 0.0789 -0.2828 -0.2304 21.0107172 105.7263503 20190810121432 
1 0.0969 -0.2002 0.0839 21.0107172 105.7263503 20190810121432 
1 0.0686 -0.1655 -0.1599 21.0107172 105.7263503 20190810121432 
1 0.0958 -0.0740 -0.3502 21.0107172 105.7263503 20190810121432 
1 0.1056 -0.1753 -0.0763 21.0107172 105.7263503 20190810121432 
1 0.1726 -0.0230 -0.2944 21.0107172 105.7263503 20190810121432 
1 0.0435 -0.1810 0.1150 21.0107172 105.7263503 20190810121432 
1 0.0944 -0.0352 0.2174 21.0107172 105.7263503 20190810121432 
1 0.0967 -0.0433 -0.0832 21.0107172 105.7263503 20190810121432 
1 0.0920 -0.0594 -0.0078 21.0107172 105.7263503 20190810121432 
1 0.1926 -0.2495 0.1684 21.0107172 105.7263503 20190810121432 
1 0.0382 0.0094 0.0759 21.0107172 105.7263503 20190810121432 
1 -0.0063 -0.2255 -0.0449 21.0107172 105.7263503 20190810121432 
1 -0.1169 0.0818 0.6509 21.0107172 105.7263503 20190810121432 
1 0.0485 -0.2728 0.1325 21.0107172 105.7263503 20190810121432 
1 -0.1284 0.0333 0.3457 21.0107172 105.7263503 20190810121432 
1 0.0056 -0.0957 -0.1270 21.0107172 105.7263503 20190810121432 
1 0.1030 -0.1761 -0.0543 21.0107172 105.7263503 20190810121432 
1 0.0236 0.0317 -0.1368 21.0107172 105.7263503 20190810121432 
1 -0.0275 -0.0479 0.3464 21.0107172 105.7263503 20190810121432 
1 0.0583 0.0306 0.0343 21.0107172 105.7263503 20190810121432 
1 0.0923 -0.1070 -0.1284 21.0107172 105.7263503 20190810121432 
1 -0.0244 -0.2036 0.1533 21.0107172 105.7263503 20190810121432 
1 -0.0178 0.0831 0.3866 21.0107172 105.7263503 20190810121432 
1 0.0454 -0.0785 0.0161 21.0107172 105.7263503 20190810121432 
1 0.1351 -0.0853 -0.1366 21.0107172 105.7263503 20190810121432 
1 -0.1010 0.0630 0.2990 21.0107172 105.7263503 20190810121432 
1 0.0081 -0.1856 -0.1426 21.0107172 105.7263503 20190810121432 
1 -0.1029 -0.2249 0.1397 21.0107172 105.7263503 20190810121432 
1 0.2089 -0.2655 -0.0849 21.0107172 105.7263503 20190810121432 
1 0.0561 0.0239 0.2234 21.0107172 105.7263503 20190810121432 
1 -0.1991 -0.2696 -0.0361 21.0107172 105.7263503 20190810121432 
1 0.1239 -0.4140 -0.0213 21.0107088 105.7265695 20190810121432 
1 -0.0199 -0.0386 0.1164 21.0107088 105.7265695 20190810121432 
1 -0.1229 -0.2888 0.1492 21.0107088 105.7265695 20190810121432 
1 -0.0368 -0.2437 0.2477 21.0107088 105.7265695 20190810121432 
1 0.1391 -0.2090 -0.0770 21.0107088 105.7265695 20190810121432 
1 -0.1186 0.0020 0.3701 21.0107088 105.7265695 20190810121432 
1 -0.0150 -0.1983 0.3663 21.0107088 105.7265695 20190810121432 
1 0.1018 -0.0133 -0.0323 21.0107088 105.7265695 20190810121432 
1 0.0130 -0.1042 0.1363 21.0107088 105.7265695 20190810121432 
1 -0.0213 0.0277 0.5769 21.0107088 105.7265695 20190810121432 
1 0.1330 0.0239 0.1916 21.0107088 105.7265695 20190810121432 
1 -0.0390 0.2137 0.2627 21.0107088 105.7265695 20190810121432 
1 0.0467 -0.0498 0.0548 21.0107088 105.7265695 20190810121432 
1 -0.0018 0.1066 0.0538 21.0107088 105.7265695 20190810121432 
1 -0.0800 -0.0594 -0.0506 21.0107088 105.7265695 20190810121432 
1 0.1270 -0.0240 -0.2225 21.0107088 105.7265695 20190810121432 
1 0.0614 -0.0985 -0.1225 21.0107088 105.7265695 20190810121433 
1 0.1011 0.0947 0.0360 21.0107088 105.7265695 20190810121433 
1 0.0367 0.0304 -0.1708 21.0107088 105.7265695 20190810121433 
1 0.0883 -0.3845 -0.2670 21.0107088 105.7265695 20190810121433 
1 0.0082 0.3316 -0.2256 21.0107088 105.7265695 20190810121433 
1 0.1270 -0.2411 -0.6238 21.0107088 105.7265695 20190810121433 
1 0.0264 -0.2896 -0.2061 21.0107088 105.7265695 20190810121433 
1 0.1626 -0.0998 -0.5849 21.0107088 105.7265695 20190810121433 
1 0.1353 -0.1240 -0.8139 21.0107088 105.7265695 20190810121433 
1 0.0612 -0.2117 -0.4148 21.0107088 105.7265695 20190810121433 
1 0.0090 -0.2617 -0.2601 21.0107088 105.7265695 20190810121433 
1 0.1076 0.0456 -0.7111 21.0107088 105.7265695 20190810121433 
1 -0.0194 -0.3758 -0.4215 21.0107088 105.7265695 20190810121433 
1 0.0023 0.1061 -0.2544 21.0107088 105.7265695 20190810121433 
1 0.0442 -0.3163 -0.6632 21.0107088 105.7265695 20190810121433 
1 0.0787 -0.0468 0.0339 21.0107088 105.7265695 20190810121433 
1 0.0228 -0.1269 0.0642 21.0107088 105.7265695 20190810121433 
1 -0.0205 0.2646 -0.1320 21.0107088 105.7265695 20190810121433 
1 0.0497 -0.3274 -0.0390 21.0107088 105.7265695 20190810121433 
1 -0.0663 0.1232 0.4407 21.0107088 105.7265695 20190810121433 
1 -0.0132 -0.0240 -0.2051 21.0107088 105.7265695 20190810121433 
1 0.1086 -0.1989 -0.2655 21.0107088 105.7265695 20190810121433 
1 -0.1179 0.0488 0.2797 21.0107088 105.7265695 20190810121433 
1 -0.0799 0.0287 0.2040 21.0107088 105.7265695 20190810121433 
1 -0.0331 -0.0931 0.0559 21.0107088 105.7265695 20190810121433 
1 0.0798 -0.0808 0.1628 21.0107088 105.7265695 20190810121433 
1 -0.0176 -0.0196 -0.2208 21.0107088 105.7265695 20190810121433 
1 -0.1672 -0.0826 0.2288 21.0107088 105.7265695 20190810121433 
1 0.0331 -0.1326 0.3395 21.0107088 105.7265695 20190810121433 
1 -0.0572 -0.1157 -0.1386 21.0107088 105.7265695 20190810121433 
1 0.0607 0.1316 0.1664 21.0107088 105.7265695 20190810121433 
1 -0.0341 -0.3709 0.3907 21.0107088 105.7265695 20190810121433 
1 0.0781 0.0337 0.0873 21.0107088 105.7265695 20190810121433 
1 -0.2485 -0.2335 0.2215 21.0107088 105.7265695 20190810121433 
1 0.1162 -0.2180 -0.0252 21.0106978 105.7267931 20190810121433 
1 -0.1399 -0.0555 0.3882 21.0106978 105.7267931 20190810121433 
1 0.0096 -0.1554 0.1461 21.0106978 105.7267931 20190810121433 
1 -0.0494 -0.0237 0.2107 21.0106978 105.7267931 20190810121433 
1 -0.0233 -0.2405 0.1494 21.0106978 105.7267931 20190810121433 
1 -0.0742 0.0247 0.1270 21.0106978 105.7267931 20190810121433 
1 -0.0201 -0.3456 -0.0624 21.0106978 105.7267931 20190810121433 
1 -0.0873 -0.0535 0.4994 21.0106978 105.7267931 20190810121433 
1 0.0135 -0.1002 -0.1380 21.0106978 105.7267931 20190810121433 
1 0.0856 0.0388 -0.3839 21.0106978 105.7267931 20190810121433 
1 -0.1876 -0.1588 0.4976 21.0106978 105.7267931 20190810121433 
1 -0.0100 -0.0587 -0.1065 21.0106978 105.7267931 20190810121433 
1 -0.0132 -0.2693 -0.3162 21.0106978 105.7267931 20190810121433 
1 0.0063 0.1357 0.1856 21.0106978 105.7267931 20190810121433 
1 -0.1388 -0.0444 -0.3851 21.0106978 105.7267931 20190810121433 
1 0.0356 -0.1347 -0.1367 21.0106978 105.7267931 20190810121433 
1 -0.0071 0.0250 0.4142 21.0106978 105.7267931 20190810121434 
1 -0.0464 0.0479 -0.5012 21.0106978 105.7267931 20190810121434 
1 -0.1309 -0.3391 -0.2188 21.0106978 105.7267931 20190810121434 
1 -0.0877 -0.0947 -0.0611 21.0106978 105.7267931 20190810121434 
1 0.0863 0.1588 -0.2983 21.0106978 105.7267931 20190810121434 
1 -0.1948 -0.1333 0.3457 21.0106978 105.7267931 20190810121434 
1 -0.0247 -0.1383 0.2577 21.0106978 105.7267931 20190810121434 
1 -0.1522 0.0616 -0.2200 21.0106978 105.7267931 20190810121434 
1 -0.0845 -0.1019 0.1722 21.0106978 105.7267931 20190810121434 
1 -0.1005 -0.2392 0.2595 21.0106978 105.7267931 20190810121434 
1 -0.2185 0.0097 0.0164 21.0106978 105.7267931 20190810121434 
1 -0.1246 -0.0936 0.2585 21.0106978 105.7267931 20190810121434 
1 -0.0120 -0.0212 0.5953 21.0106978 105.7267931 20190810121434 
1 -0.1154 -0.0802 0.3118 21.0106978 105.7267931 20190810121434 
1 -0.0945 0.0337 0.4006 21.0106978 105.7267931 20190810121434 
1 -0.0547 -0.2039 -0.0743 21.0106978 105.7267931 20190810121434 
1 -0.0652 -0.1424 0.1261 21.0106978 105.7267931 20190810121434 
1 -0.0530 -0.0180 0.3314 21.0106978 105.7267931 20190810121434 
1 -0.1907 -0.0912 0.4889 21.0106978 105.7267931 20190810121434 
1 0.1551 -0.2106 -0.4338 21.0106978 105.7267931 20190810121434 
1 -0.1501 0.0014 0.1592 21.0106978 105.7267931 20190810121434 
1 -0.0857 -0.0835 0.0036 21.0106978 105.7267931 20190810121434 
1 -0.0084 -0.1934 -0.1303 21.0106978 105.7267931 20190810121434 
1 0.0288 -0.0376 -0.3400 21.0106978 105.7267931 20190810121434 
1 -0.2237 0.0142 0.1146 21.0106978 105.7267931 20190810121434 
1 0.0632 -0.1588 -0.2768 21.0106978 105.7267931 20190810121434 
1 -0.1804 0.0637 -0.0735 21.0106978 105.7267931 20190810121434 
1 -0.0208 -0.2069 -0.3541 21.0106978 105.7267931 20190810121434 
1 -0.0677 0.0266 -0.0141 21.0106978 105.7267931 20190810121434 
1 -0.1880 -0.0281 -0.0537 21.0106978 105.7267931 20190810121434 
1 -0.0267 -0.0804 -0.2286 21.0106978 105.7267931 20190810121434 
1 -0.0723 -0.0424 0.1811 21.0106978 105.7267931 20190810121434 
1 -0.0524 0.0203 -0.2514 21.0106833 105.7270043 20190810121434 
1 -0.1792 0.0825 -0.1245 21.0106833 105.7270043 20190810121434 
1 -0.1139 -0.1574 0.1263 21.0106833 105.7270043 20190810121434 
1 -0.0640 0.0918 0.0000 21.0106833 105.7270043 20190810121434 
1 0.0293 -0.1511 -0.4043 21.0106833 105.7270043 20190810121434 
1 -0.3001 0.2461 0.4100 21.0106833 105.7270043 20190810121434 
1 0.0584 -0.2110 -0.2637 21.0106833 105.7270043 20190810121434 
1 -0.1016 -0.1240 -0.0879 21.0106833 105.7270043 20190810121434 
1 -0.1741 0.0197 0.1484 21.0106833 105.7270043 20190810121434 
1 -0.1410 -0.2257 0.0722 21.0106833 105.7270043 20190810121434 
1 -0.0200 -0.1645 -0.1230 21.0106833 105.7270043 20190810121434 
1 -0.2587 0.0657 0.0981 21.0106833 105.7270043 20190810121434 
1 -0.0197 -0.2485 -0.1538 21.0106833 105.7270043 20190810121434 
1 -0.1290 0.0373 0.0733 21.0106833 105.7270043 20190810121434 
1 -0.1841 -0.3785 -0.0647 21.0106833 105.7270043 20190810121434 
1 -0.1160 -0.0267 0.6584 21.0106833 105.7270043 20190810121434 
1 -0.0161 -0.1915 -0.0649 21.0106833 105.7270043 20190810121434 
1 -0.1039 -0.0906 0.0401 21.0106833 105.7270043 20190810121434 
1 -0.0856 0.0216 0.2482 21.0106833 105.7270043 20190810121435 
1 -0.1811 -0.0657 0.0511 21.0106833 105.7270043 20190810121435 
1 -0.1012 0.0436 0.3961 21.0106833 105.7270043 20190810121435 
1 -0.0528 -0.0171 0.2939 21.0106833 105.7270043 20190810121435 
1 -0.1430 0.1214 0.0197 21.0106833 105.7270043 20190810121435 
1 -0.0861 -0.0737 -0.2385 21.0106833 105.7270043 20190810121435 
1 -0.0362 0.0815 0.0002 21.0106833 105.7270043 20190810121435 
1 -0.1517 0.1355 0.1080 21.0106833 105.7270043 20190810121435 
1 -0.0491 0.0300 0.1550 21.0106833 105.7270043 20190810121435 
1 -0.1231 -0.0228 0.3271 21.0106833 105.7270043 20190810121435 
1 -0.1014 0.2235 -0.1331 21.0106833 105.7270043 20190810121435 
1 -0.0576 -0.0237 -0.2319 21.0106833 105.7270043 20190810121435 
1 -0.2133 0.1056 -0.1907 21.0106833 105.7270043 20190810121435 
1 0.0020 0.0154 -0.2112 21.0106833 105.7270043 20190810121435 
1 -0.0934 0.0751 -0.0089 21.0106833 105.7270043 20190810121435 
1 -0.0846 -0.0776 0.0424 21.0106833 105.7270043 20190810121435 
1 0.0161 0.1432 -0.2819 21.0106833 105.7270043 20190810121435 
1 -0.1480 0.2325 -0.2255 21.0106833 105.7270043 20190810121435 
1 0.0574 -0.1952 -0.2910 21.0106833 105.7270043 20190810121435 
1 -0.1220 -0.0142 0.1185 21.0106833 105.7270043 20190810121435 
1 0.0429 -0.0860 -0.5435 21.0106833 105.7270043 20190810121435 
1 -0.2036 0.2515 -0.0928 21.0106833 105.7270043 20190810121435 
1 0.0221 -0.5066 -0.7491 21.0106833 105.7270043 20190810121435 
1 -0.1131 0.4028 -0.2009 21.0106833 105.7270043 20190810121435 
1 -0.1012 -0.3608 -0.4772 21.0106833 105.7270043 20190810121435 
1 0.0211 -0.0097 -0.0897 21.0106833 105.7270043 20190810121435 
1 -0.1650 0.1682 -0.0121 21.0106833 105.7270043 20190810121435 
1 -0.1385 0.0956 -0.0358 21.0106833 105.7270043 20190810121435 
1 -0.0265 -0.2152 0.2030 21.0106833 105.7270043 20190810121435 
1 -0.1112 0.1496 -0.0327 21.0106833 105.7270043 20190810121435 
1 -0.1560 0.2126 0.1355 21.0106833 105.7270043 20190810121435 
1 -0.0729 -0.1153 0.3448 21.0106833 105.7270043 20190810121435 
1 -0.2311 0.3126 0.5026 21.0106833 105.7270043 20190810121435 
1 -0.0536 0.1176 0.1374 21.0106833 105.7270043 20190810121435 
1 -0.0278 0.0245 0.5319 21.0106833 105.7270043 20190810121435 
1 -0.1528 0.2478 0.5839 21.0106688 105.7272248 20190810121435 
1 0.0353 0.0258 0.0319 21.0106688 105.7272248 20190810121435 
1 -0.1555 0.2084 0.8235 21.0106688 105.7272248 20190810121435 
1 -0.0230 0.0965 0.0707 21.0106688 105.7272248 20190810121435 
1 -0.1118 0.2496 0.1590 21.0106688 105.7272248 20190810121435 
1 -0.1707 0.1460 0.6172 21.0106688 105.7272248 20190810121435 
1 -0.0029 0.0010 0.3377 21.0106688 105.7272248 20190810121435 
1 -0.0795 0.3054 -0.0441 21.0106688 105.7272248 20190810121435 
1 -0.0386 0.0688 0.1271 21.0106688 105.7272248 20190810121435 
1 -0.0479 0.1557 -0.1810 21.0106688 105.7272248 20190810121435 
1 -0.2051 0.1813 0.2277 21.0106688 105.7272248 20190810121435 
1 -0.0323 0.1739 0.1336 21.0106688 105.7272248 20190810121435 
1 -0.0042 0.0991 -0.0394 21.0106688 105.7272248 20190810121435 
1 -0.1451 0.1979 0.0097 21.0106688 105.7272248 20190810121435 
1 -0.1092 0.2532 0.0376 21.0106688 105.7272248 20190810121435 
1 -0.0921 0.0273 -0.1610 21.0106688 105.7272248 20190810121436 
1 -0.0969 0.1032 -0.0704 21.0106688 105.7272248 20190810121436 
1 -0.1030 0.3019 -0.0122 21.0106688 105.7272248 20190810121436 
1 -0.0221 -0.3399 -0.0836 21.0106688 105.7272248 20190810121436 
1 -0.1536 0.3550 0.2795 21.0106688 105.7272248 20190810121436 
1 -0.0406 -0.1297 -0.4584 21.0106688 105.7272248 20190810121436 
1 -0.0045 0.0606 0.0273 21.0106688 105.7272248 20190810121436 
1 -0.1008 0.1055 -0.1191 21.0106688 105.7272248 20190810121436 
1 -0.1702 -0.0742 -0.2572 21.0106688 105.7272248 20190810121436 
1 -0.0436 -0.0731 0.1246 21.0106688 105.7272248 20190810121436 
1 0.0218 -0.0572 -0.4202 21.0106688 105.7272248 20190810121436 
1 -0.2094 0.1010 -0.0922 21.0106688 105.7272248 20190810121436 
1 0.0011 -0.1221 -0.0780 21.0106688 105.7272248 20190810121436 
1 -0.1703 -0.1122 -0.0144 21.0106688 105.7272248 20190810121436 
1 -0.1082 0.1678 -0.2649 21.0106688 105.7272248 20190810121436 
1 -0.0797 0.0612 -0.0707 21.0106688 105.7272248 20190810121436 
1 -0.0982 -0.0251 0.1798 21.0106688 105.7272248 20190810121436 
1 -0.2334 0.0811 0.2547 21.0106688 105.7272248 20190810121436 
1 0.0483 -0.0888 -0.3733 21.0106688 105.7272248 20190810121436 
1 -0.1067 0.1557 0.3688 21.0106688 105.7272248 20190810121436 
1 -0.1639 0.0559 -0.0591 21.0106688 105.7272248 20190810121436 
1 -0.0057 0.0360 -0.0103 21.0106688 105.7272248 20190810121436 
1 -0.1123 -0.0572 0.4418 21.0106688 105.7272248 20190810121436 
1 -0.0542 0.4366 -0.1825 21.0106688 105.7272248 20190810121436 
1 0.0376 -0.2501 -0.5957 21.0106688 105.7272248 20190810121436 
1 -0.1142 0.0537 0.5971 21.0106688 105.7272248 20190810121436 
1 -0.0767 0.2047 -0.1720 21.0106688 105.7272248 20190810121436 
1 -0.0290 0.1453 -0.2273 21.0106688 105.7272248 20190810121436 
1 -0.0516 -0.0362 0.1169 21.0106688 105.7272248 20190810121436 
1 -0.0318 0.2143 -0.3360 21.0106688 105.7272248 20190810121436 
1 -0.1376 0.1276 -0.2641 21.0106688 105.7272248 20190810121436 
1 0.0114 -0.0274 -0.2427 21.0106571 105.7274427 20190810121436 
1 -0.0270 0.2474 -0.2997 21.0106571 105.7274427 20190810121436 
1 -0.2086 0.1086 -0.2069 21.0106571 105.7274427 20190810121436 
1 0.0529 0.0002 0.0601 21.0106571 105.7274427 20190810121436 
1 0.0176 -0.0547 -0.2986 21.0106571 105.7274427 20190810121436 
1 -0.1064 0.1980 -0.2922 21.0106571 105.7274427 20190810121436 
1 -0.0383 -0.0486 -0.1626 21.0106571 105.7274427 20190810121436 
1 -0.0471 0.1719 -0.2112 21.0106571 105.7274427 20190810121436 
1 -0.1063 -0.0714 -0.2480 21.0106571 105.7274427 20190810121436 
1 0.1012 0.0011 -0.4093 21.0106571 105.7274427 20190810121436 
1 -0.0247 0.0152 -0.3724 21.0106571 105.7274427 20190810121436 
1 -0.1067 -0.0373 -0.3728 21.0106571 105.7274427 20190810121436 
1 -0.0532 0.0038 -0.4339 21.0106571 105.7274427 20190810121436 
1 -0.0669 0.0554 -0.2983 21.0106571 105.7274427 20190810121436 
1 -0.0309 0.1035 -0.1631 21.0106571 105.7274427 20190810121436 
1 -0.0417 -0.1776 -0.2866 21.0106571 105.7274427 20190810121436 
1 -0.0469 0.1210 0.0145 21.0106571 105.7274427 20190810121436 
1 -0.0771 0.0494 -0.2941 21.0106571 105.7274427 20190810121437 
1 0.0425 0.1538 -0.0968 21.0106571 105.7274427 20190810121437 
1 -0.0685 -0.0159 0.0829 21.0106571 105.7274427 20190810121437 
1 -0.0979 0.1219 0.1296 21.0106571 105.7274427 20190810121437 
1 -0.0840 0.1309 0.1082 21.0106571 105.7274427 20190810121437 
1 0.0976 -0.0493 -0.0332 21.0106571 105.7274427 20190810121437 
1 -0.0050 0.4128 0.1672 21.0106571 105.7274427 20190810121437 
1 -0.1100 0.0080 0.2845 21.0106571 105.7274427 20190810121437 
1 0.0137 0.2046 0.6069 21.0106571 105.7274427 20190810121437 
1 0.0446 0.0625 -0.2161 21.0106571 105.7274427 20190810121437 
1 -0.0715 0.2027 0.1293 21.0106571 105.7274427 20190810121437 
1 -0.0928 0.0390 -0.0957 21.0106571 105.7274427 20190810121437 
1 -0.0743 0.1342 -0.1632 21.0106571 105.7274427 20190810121437 
1 -0.0750 0.1362 0.1437 21.0106571 105.7274427 20190810121437 
1 -0.0344 0.1936 0.3479 21.0106571 105.7274427 20190810121437 
1 -0.1528 0.2375 0.3245 21.0106571 105.7274427 20190810121437 
1 -0.1238 -0.0138 0.2680 21.0106571 105.7274427 20190810121437 
1 -0.0524 0.0083 0.2003 21.0106571 105.7274427 20190810121437 
1 0.0306 0.1302 0.4252 21.0106571 105.7274427 20190810121437 
1 -0.0657 0.1029 0.4300 21.0106571 105.7274427 20190810121437 
1 -0.1261 0.0003 0.4431 21.0106571 105.7274427 20190810121437 
1 -0.0608 -0.0545 0.5257 21.0106571 105.7274427 20190810121437 
1 0.0262 0.2122 0.2484 21.0106571 105.7274427 20190810121437 
1 0.0430 -0.0896 0.2805 21.0106571 105.7274427 20190810121437 
1 -0.1054 -0.1625 0.2594 21.0106571 105.7274427 20190810121437 
1 0.0523 0.1068 -0.3165 21.0106571 105.7274427 20190810121437 
1 0.0334 -0.1241 -0.5208 21.0106571 105.7274427 20190810121437 
1 -0.0565 0.2019 -0.1501 21.0106571 105.7274427 20190810121437 
1 0.0202 -0.1605 -0.5278 21.0106571 105.7274427 20190810121437 
1 -0.0285 -0.0856 -0.3095 21.0106571 105.7274427 20190810121437 
1 0.0072 0.0130 -0.3143 21.0106571 105.7274427 20190810121437 
1 -0.0009 0.0736 -0.7811 21.0106571 105.7274427 20190810121437 
1 -0.0543 0.0440 -0.8205 21.0106571 105.7274427 20190810121437 
1 -0.1535 0.0114 -0.2731 21.0106571 105.7274427 20190810121437 
1 0.1449 -0.0373 -0.6104 21.0106571 105.7274427 20190810121437 
1 0.0042 0.1431 -0.6620 21.0106571 105.7274427 20190810121437 
1 -0.3322 0.0341 0.3244 21.0106444 105.72766 20190810121437 
1 -0.0066 0.1269 0.0143 21.0106444 105.72766 20190810121437 
1 -0.0576 -0.0492 -0.2397 21.0106444 105.72766 20190810121437 
1 -0.1555 0.2483 0.6561 21.0106444 105.72766 20190810121437 
1 -0.1699 0.2980 -0.2168 21.0106444 105.72766 20190810121437 
1 0.0600 -0.2290 0.0080 21.0106444 105.72766 20190810121437 
1 -0.2434 0.5240 1.7730 21.0106444 105.72766 20190810121437 
1 0.0917 -0.0060 1.0482 21.0106444 105.72766 20190810121437 
1 -0.1110 0.1776 1.0975 21.0106444 105.72766 20190810121437 
1 -0.0234 -0.0583 0.7330 21.0106444 105.72766 20190810121437 
1 -0.0261 0.3573 0.5375 21.0106444 105.72766 20190810121437 
1 -0.1372 -0.1507 0.3506 21.0106444 105.72766 20190810121437 
1 -0.0517 0.0261 0.2629 21.0106444 105.72766 20190810121437 
1 -0.0031 -0.1271 -0.0676 21.0106444 105.72766 20190810121438 
1 -0.0164 0.3431 0.2923 21.0106444 105.72766 20190810121438 
1 0.0363 -0.3317 -0.0728 21.0106444 105.72766 20190810121438 
1 -0.0180 0.0933 0.0459 21.0106444 105.72766 20190810121438 
1 -0.0313 0.0238 -0.5806 21.0106444 105.72766 20190810121438 
1 -0.1164 0.2072 -0.1928 21.0106444 105.72766 20190810121438 
1 0.0280 -0.2339 -0.3355 21.0106444 105.72766 20190810121438 
1 -0.0946 -0.0810 -0.2171 21.0106444 105.72766 20190810121438 
1 -0.1512 0.2544 -0.0135 21.0106444 105.72766 20190810121438 
1 0.0374 -0.2068 -0.1286 21.0106444 105.72766 20190810121438 
1 -0.1629 0.0506 0.3018 21.0106444 105.72766 20190810121438 
1 -0.2084 -0.1566 0.4379 21.0106444 105.72766 20190810121438 
1 0.0111 -0.0513 0.2345 21.0106444 105.72766 20190810121438 
1 -0.1145 0.1505 0.4839 21.0106444 105.72766 20190810121438 
1 0.0069 -0.1579 0.0639 21.0106444 105.72766 20190810121438 
1 0.0005 -0.2310 0.6337 21.0106444 105.72766 20190810121438 
1 -0.1694 -0.1040 0.5682 21.0106444 105.72766 20190810121438 
1 0.1380 -0.0387 -0.0303 21.0106444 105.72766 20190810121438 
1 -0.0001 -0.2533 0.2546 21.0106444 105.72766 20190810121438 
1 -0.1258 0.1809 0.4139 21.0106444 105.72766 20190810121438 
1 0.0373 0.0459 -0.8725 21.0106444 105.72766 20190810121438 
1 -0.0574 -0.0271 -0.4931 21.0106444 105.72766 20190810121438 
1 -0.0680 0.2959 -0.0845 21.0106444 105.72766 20190810121438 
1 0.0590 0.0828 -0.7591 21.0106444 105.72766 20190810121438 
1 0.0200 -0.0202 -0.4904 21.0106444 105.72766 20190810121438 
1 -0.0001 0.2673 -0.5787 21.0106444 105.72766 20190810121438 
1 -0.0591 0.1470 -0.8057 21.0106444 105.72766 20190810121438 
1 -0.0815 0.3119 -0.3592 21.0106444 105.72766 20190810121438 
1 0.0931 0.1607 -0.5265 21.0106444 105.72766 20190810121438 
1 -0.0321 0.0620 -0.6164 21.0106444 105.72766 20190810121438 
1 -0.0655 0.1659 -0.8175 21.0106444 105.72766 20190810121438 
1 0.0026 -0.0370 -0.7312 21.0106444 105.72766 20190810121438 
1 0.0271 0.1187 -0.0460 21.0106444 105.72766 20190810121438 
1 -0.0797 -0.0604 0.2922 21.0106444 105.72766 20190810121438 
1 0.0077 -0.0651 -0.3681 21.0106444 105.72766 20190810121438 
1 -0.1453 0.2765 -0.2528 21.0106311 105.7278719 20190810121438 
1 0.0564 -0.4721 -0.6717 21.0106311 105.7278719 20190810121438 
1 -0.0852 -0.0915 0.5033 21.0106311 105.7278719 20190810121438 
1 0.0415 0.0151 -0.2837 21.0106311 105.7278719 20190810121438 
1 -0.1924 -0.0459 0.2978 21.0106311 105.7278719 20190810121438 
1 0.1083 -0.4280 0.1687 21.0106311 105.7278719 20190810121438 
1 -0.1102 0.0868 0.2115 21.0106311 105.7278719 20190810121438 
1 -0.1095 -0.1410 0.0590 21.0106311 105.7278719 20190810121438 
1 0.1119 0.1223 0.1924 21.0106311 105.7278719 20190810121438 
1 0.0214 -0.4694 -0.2591 21.0106311 105.7278719 20190810121438 
1 -0.2155 0.1684 0.5427 21.0106311 105.7278719 20190810121438 
1 0.0497 -0.2261 -0.1508 21.0106311 105.7278719 20190810121438 
1 0.0013 -0.2125 -0.0334 21.0106311 105.7278719 20190810121438 
1 -0.0943 0.2370 0.3983 21.0106311 105.7278719 20190810121438 
1 -0.0323 0.1567 -0.0861 21.0106311 105.7278719 20190810121438 
1 -0.1228 -0.1379 0.0342 21.0106311 105.7278719 20190810121438 
1 0.0914 0.0889 0.1905 21.0106311 105.7278719 20190810121438 
1 -0.0701 0.0076 0.0909 21.0106311 105.7278719 20190810121439 
1 -0.0638 0.2190 0.3991 21.0106311 105.7278719 20190810121439 
1 -0.0510 -0.1189 0.1337 21.0106311 105.7278719 20190810121439 
1 -0.0284 0.0056 0.2157 21.0106311 105.7278719 20190810121439 
1 -0.0493 0.1551 0.1751 21.0106311 105.7278719 20190810121439 
1 -0.1741 0.2740 0.1713 21.0106311 105.7278719 20190810121439 
1 0.0064 -0.2901 0.1162 21.0106311 105.7278719 20190810121439 
1 -0.1618 0.1629 0.2333 21.0106311 105.7278719 20190810121439 
1 -0.1494 -0.0468 -0.1947 21.0106311 105.7278719 20190810121439 
1 -0.0499 0.1297 0.0176 21.0106311 105.7278719 20190810121439 
1 -0.1250 -0.4576 -0.0374 21.0106311 105.7278719 20190810121439 
1 -0.2775 0.4559 0.1093 21.0106311 105.7278719 20190810121439 
1 -0.0735 -0.1986 -0.2675 21.0106311 105.7278719 20190810121439 
1 -0.1676 -0.1305 0.1867 21.0106311 105.7278719 20190810121439 
1 -0.2667 -0.0385 -0.0288 21.0106311 105.7278719 20190810121439 
1 -0.2119 -0.1556 -0.0828 21.0106311 105.7278719 20190810121439 
1 -0.1887 -0.1166 0.0961 21.0106311 105.7278719 20190810121439 
1 -0.2359 -0.1219 -0.2710 21.0106311 105.7278719 20190810121439 
1 -0.1812 0.0810 0.0192 21.0106311 105.7278719 20190810121439 
1 -0.1847 -0.3262 0.1662 21.0106311 105.7278719 20190810121439 
1 -0.1796 -0.1236 0.2771 21.0106311 105.7278719 20190810121439 
1 -0.2144 -0.0746 0.2001 21.0106311 105.7278719 20190810121439 
1 -0.0957 -0.0923 0.1065 21.0106311 105.7278719 20190810121439 
1 -0.2462 -0.0151 0.5253 21.0106311 105.7278719 20190810121439 
1 -0.1644 -0.0780 0.5452 21.0106311 105.7278719 20190810121439 
1 -0.1101 -0.1272 0.3082 21.0106311 105.7278719 20190810121439 
1 -0.2542 -0.0560 0.3078 21.0106311 105.7278719 20190810121439 
1 -0.3997 -0.1742 0.2057 21.0106311 105.7278719 20190810121439 
1 -0.1862 -0.1460 0.2569 21.0106311 105.7278719 20190810121439 
1 -0.2777 -0.1459 0.4444 21.0106311 105.7278719 20190810121439 
1 -0.0816 0.0282 0.1474 21.0106311 105.7278719 20190810121439 
1 -0.2068 -0.3961 -0.1546 21.0106311 105.7278719 20190810121439 
1 -0.2883 -0.1891 0.2391 21.0106172 105.7280933 20190810121439 
1 -0.1404 0.1212 0.0927 21.0106172 105.7280933 20190810121439 
1 0.0128 -0.4796 -0.4301 21.0106172 105.7280933 20190810121439 
1 -0.4578 0.0602 0.5922 21.0106172 105.7280933 20190810121439 
1 -0.3695 -0.0418 -0.1370 21.0106172 105.7280933 20190810121439 
1 -0.0327 0.0611 -0.3689 21.0106172 105.7280933 20190810121439 
1 -0.1254 -0.5337 0.1897 21.0106172 105.7280933 20190810121439 
1 -0.3981 0.2818 0.3386 21.0106172 105.7280933 20190810121439 
1 -0.2964 -0.2455 -0.5260 21.0106172 105.7280933 20190810121439 
1 -0.0996 -0.1628 0.1288 21.0106172 105.7280933 20190810121439 
1 -0.1696 -0.3222 -0.1502 21.0106172 105.7280933 20190810121439 
1 -0.2593 0.1408 0.1084 21.0106172 105.7280933 20190810121439 
1 -0.2571 -0.4917 0.0077 21.0106172 105.7280933 20190810121439 
1 -0.2147 -0.1016 0.1971 21.0106172 105.7280933 20190810121439 
1 -0.1236 -0.0070 -0.2950 21.0106172 105.7280933 20190810121439 
1 -0.2507 -0.2848 -0.5134 21.0106172 105.7280933 20190810121439 
1 -0.3539 -0.2485 -0.1962 21.0106172 105.7280933 20190810121440 
1 -0.1969 -0.0603 -0.4827 21.0106172 105.7280933 20190810121440 
1 -0.2078 -0.0216 -0.0741 21.0106172 105.7280933 20190810121440 
1 -0.2107 -0.1385 0.0490 21.0106172 105.7280933 20190810121440 
1 -0.2537 0.0695 -0.2630 21.0106172 105.7280933 20190810121440 
1 -0.1388 -0.0518 -0.6600 21.0106172 105.7280933 20190810121440 
1 -0.2770 -0.1722 -0.1309 21.0106172 105.7280933 20190810121440 
1 -0.3577 0.1276 -0.1090 21.0106172 105.7280933 20190810121440 
1 -0.1570 0.0965 -0.2515 21.0106172 105.7280933 20190810121440 
1 -0.1192 -0.1640 0.0005 21.0106172 105.7280933 20190810121440 
1 -0.4285 0.2422 0.2367 21.0106172 105.7280933 20190810121440 
1 -0.1690 -0.2645 -0.2754 21.0106172 105.7280933 20190810121440 
1 -0.0893 -0.0763 -0.1760 21.0106172 105.7280933 20190810121440 
1 -0.3174 0.2756 0.1558 21.0106172 105.7280933 20190810121440 
1 -0.3437 -0.1936 -0.1152 21.0106172 105.7280933 20190810121440 
1 -0.2059 0.2936 0.1412 21.0106172 105.7280933 20190810121440 
1 -0.0366 -0.1578 -0.4012 21.0106172 105.7280933 20190810121440 
1 -0.3923 0.3169 0.4782 21.0106172 105.7280933 20190810121440 
1 -0.1229 -0.2639 0.0142 21.0106172 105.7280933 20190810121440 
1 0.0276 0.2465 -0.1975 21.0106172 105.7280933 20190810121440 
1 -0.1546 0.0671 -0.0457 21.0106172 105.7280933 20190810121440 
1 -0.3273 0.2236 0.5208 21.0106172 105.7280933 20190810121440 
1 0.0584 -0.0380 -0.3092 21.0106172 105.7280933 20190810121440 
1 -0.0829 0.4196 0.1696 21.0106172 105.7280933 20190810121440 
1 -0.1853 -0.2089 0.2053 21.0106172 105.7280933 20190810121440 
1 -0.1351 0.3306 0.3165 21.0106172 105.7280933 20190810121440 
1 -0.1348 0.0532 0.0106 21.0106172 105.7280933 20190810121440 
1 0.0831 0.2581 -0.4852 21.0106172 105.7280933 20190810121440 
1 -0.2093 0.6484 0.4558 21.0106172 105.7280933 20190810121440 
1 -0.1022 0.0088 -0.2138 21.0106172 105.7280933 20190810121440 
1 -0.0552 0.5121 -0.4828 21.0106172 105.7280933 20190810121440 
1 0.1595 -0.4503 -0.6051 21.0106172 105.7280933 20190810121440 
1 -0.1634 0.2742 0.6341 21.0106051 105.7283089 20190810121440 
1 -0.4207 0.4541 -0.1289 21.0106051 105.7283089 20190810121440 
1 0.3583 0.3558 -1.1366 21.0106051 105.7283089 20190810121440 
1 -0.1953 -0.0526 0.0581 21.0106051 105.7283089 20190810121440 
1 -0.3792 0.5716 0.2190 21.0106051 105.7283089 20190810121440 
1 -0.0221 -0.2320 -0.9071 21.0106051 105.7283089 20190810121440 
1 0.0474 -0.0898 0.1023 21.0106051 105.7283089 20190810121440 
1 -0.3912 0.1896 1.1357 21.0106051 105.7283089 20190810121440 
1 -0.1158 0.3412 0.4292 21.0106051 105.7283089 20190810121440 
1 -0.0436 -0.2417 0.2930 21.0106051 105.7283089 20190810121440 
1 -0.1998 -0.3375 0.9298 21.0106051 105.7283089 20190810121440 
1 -0.1506 0.0576 0.8350 21.0106051 105.7283089 20190810121440 
1 -0.1026 -0.2778 0.5298 21.0106051 105.7283089 20190810121440 
1 -0.0221 -0.3615 0.5209 21.0106051 105.7283089 20190810121440 
1 -0.1904 -0.0058 0.5618 21.0106051 105.7283089 20190810121440 
1 0.0227 -0.2166 0.0676 21.0106051 105.7283089 20190810121440 
1 -0.0836 -0.3228 0.0301 21.0106051 105.7283089 20190810121440 
1 0.0191 -0.0189 -0.2753 21.0106051 105.7283089 20190810121441 
1 0.1080 -0.3837 -0.1094 21.0106051 105.7283089 20190810121441 
1 0.0878 0.0245 0.0170 21.0106051 105.7283089 20190810121441 
1 -0.0222 -0.0844 -0.8800 21.0106051 105.7283089 20190810121441 
1 -0.1711 -0.0668 -0.6336 21.0106051 105.7283089 20190810121441 
1 0.1609 -0.1836 -0.6438 21.0106051 105.7283089 20190810121441 
1 0.0756 -0.3048 -0.7420 21.0106051 105.7283089 20190810121441 
1 -0.2179 -0.2354 -0.7092 21.0106051 105.7283089 20190810121441 
1 -0.1020 -0.0224 -0.8662 21.0106051 105.7283089 20190810121441 
1 0.0579 0.0178 -0.7283 21.0106051 105.7283089 20190810121441 
1 0.0419 -0.0352 -0.3403 21.0106051 105.7283089 20190810121441 
1 0.0185 0.1312 -0.3449 21.0106051 105.7283089 20190810121441 
1 -0.1777 -0.2658 -0.6099 21.0106051 105.7283089 20190810121441 
1 0.2429 0.1138 -0.1039 21.0106051 105.7283089 20190810121441 
1 -0.1863 -0.6612 -0.1862 21.0106051 105.7283089 20190810121441 
1 -0.1063 0.8706 0.1408 21.0106051 105.7283089 20190810121441 
1 -0.1690 -0.5260 -0.4554 21.0106051 105.7283089 20190810121441 
1 0.0804 0.2056 0.4030 21.0106051 105.7283089 20190810121441 
1 -0.1910 -0.1625 0.5104 21.0106051 105.7283089 20190810121441 
1 0.1325 -0.1767 -0.3844 21.0106051 105.7283089 20190810121441 
1 -0.2616 -0.3607 0.4394 21.0106051 105.7283089 20190810121441 
1 0.0487 -0.0577 0.6501 21.0106051 105.7283089 20190810121441 
1 -0.2426 0.0957 0.0529 21.0106051 105.7283089 20190810121441 
1 -0.0161 -0.4720 0.8140 21.0106051 105.7283089 20190810121441 
1 0.0170 -0.4228 0.4958 21.0106051 105.7283089 20190810121441 
1 -0.2086 -0.4246 0.3204 21.0106051 105.7283089 20190810121441 
1 -0.1863 -0.0550 0.5727 21.0106051 105.7283089 20190810121441 
1 -0.0467 -0.1628 0.2974 21.0106051 105.7283089 20190810121441 
1 -0.1514 0.0447 0.4957 21.0106051 105.7283089 20190810121441 
1 -0.1517 -0.0857 0.8084 21.0106051 105.7283089 20190810121441 
1 -0.1094 -0.2507 0.7150 21.0106051 105.7283089 20190810121441 
1 -0.1174 -0.0042 0.8614 21.0106051 105.7283089 20190810121441 
1 -0.1303 -0.1643 0.5741 21.0106051 105.7283089 20190810121441 
1 -0.0530 0.1444 0.6622 21.0106051 105.7283089 20190810121441 
1 -0.1201 0.1530 0.5048 21.0106051 105.7283089 20190810121441 
1 0.0574 -0.0590 0.8262 21.0105932 105.7285252 20190810121441 
1 -0.0194 -0.0379 0.7591 21.0105932 105.7285252 20190810121441 
1 -0.0652 0.0873 0.0457 21.0105932 105.7285252 20190810121441 
1 0.0185 -0.1884 -0.3128 21.0105932 105.7285252 20190810121441 
1 -0.0506 -0.0308 0.2461 21.0105932 105.7285252 20190810121441 
1 0.0668 0.0351 -0.4607 21.0105932 105.7285252 20190810121441 
1 -0.0161 0.0193 -0.2150 21.0105932 105.7285252 20190810121441 
1 0.1009 -0.0957 -0.2951 21.0105932 105.7285252 20190810121441 
1 0.1058 -0.1169 -0.6994 21.0105932 105.7285252 20190810121441 
1 -0.0902 0.0464 -0.7694 21.0105932 105.7285252 20190810121441 
1 0.0913 -0.3058 -0.9241 21.0105932 105.7285252 20190810121441 
1 -0.0239 0.0634 -1.0780 21.0105932 105.7285252 20190810121441 
1 -0.1713 0.1353 -0.6575 21.0105932 105.7285252 20190810121441 
1 0.1327 -0.2367 -1.1218 21.0105932 105.7285252 20190810121441 
1 -0.0357 -0.1478 -0.6805 21.0105932 105.7285252 20190810121442 
1 -0.1269 0.0935 -0.4686 21.0105932 105.7285252 20190810121442 
1 0.0304 -0.1153 -0.7850 21.0105932 105.7285252 20190810121442 
1 -0.0365 -0.0731 -0.7267 21.0105932 105.7285252 20190810121442 
1 -0.1219 0.1391 -0.0909 21.0105932 105.7285252 20190810121442 
1 0.0765 -0.0671 -0.4943 21.0105932 105.7285252 20190810121442 
1 -0.0970 -0.1707 -0.1430 21.0105932 105.7285252 20190810121442 
1 -0.0977 -0.1571 0.1083 21.0105932 105.7285252 20190810121442 
1 -0.1064 0.2568 0.1373 21.0105932 105.7285252 20190810121442 
1 -0.0532 -0.1029 0.4906 21.0105932 105.7285252 20190810121442 
1 0.1698 -0.1507 -0.0887 21.0105932 105.7285252 20190810121442 
1 -0.0350 -0.0319 0.0811 21.0105932 105.7285252 20190810121442 
1 -0.1237 -0.2833 0.4572 21.0105932 105.7285252 20190810121442 
1 -0.1063 -0.1943 0.0917 21.0105932 105.7285252 20190810121442 
1 -0.0921 -0.3044 0.3269 21.0105932 105.7285252 20190810121442 
1 -0.0508 -0.2795 0.7045 21.0105932 105.7285252 20190810121442 
1 -0.0888 -0.3116 0.4031 21.0105932 105.7285252 20190810121442 
1 -0.2034 -0.0614 0.3382 21.0105932 105.7285252 20190810121442 
1 0.0963 -0.4065 0.1509 21.0105932 105.7285252 20190810121442 
1 0.0308 -0.1933 0.2665 21.0105932 105.7285252 20190810121442 
1 -0.1788 -0.0570 0.5311 21.0105932 105.7285252 20190810121442 
1 0.0043 -0.1633 0.0208 21.0105932 105.7285252 20190810121442 
1 0.0484 -0.0175 0.2709 21.0105932 105.7285252 20190810121442 
1 -0.0197 0.3042 0.1016 21.0105932 105.7285252 20190810121442 
1 0.0437 0.1960 -0.2986 21.0105932 105.7285252 20190810121442 
1 -0.0172 0.1456 -0.1132 21.0105932 105.7285252 20190810121442 
1 -0.0806 0.0636 0.2019 21.0105932 105.7285252 20190810121442 
1 -0.1895 0.2348 0.4898 21.0105932 105.7285252 20190810121442 
1 0.3181 -0.2159 -0.6970 21.0105932 105.7285252 20190810121442 
1 0.2439 0.2388 -1.1289 21.0105932 105.7285252 20190810121442 
1 -0.3145 0.2372 -0.5361 21.0105932 105.7285252 20190810121442 
1 -0.0039 0.3398 0.0725 21.0105932 105.7285252 20190810121442 
1 0.3407 0.0145 0.2014 21.0105932 105.7285252 20190810121442 
1 -0.1143 -0.2259 0.8654 21.0105932 105.7285252 20190810121442 
1 -0.4349 0.3681 0.0895 21.0105819 105.7287359 20190810121442 
1 0.1263 -0.0470 -1.4533 21.0105819 105.7287359 20190810121442 
1 0.0421 -0.2480 -0.8924 21.0105819 105.7287359 20190810121442 
1 0.0459 0.1653 1.2516 21.0105819 105.7287359 20190810121442 
1 -0.6062 0.3702 0.6239 21.0105819 105.7287359 20190810121442 
1 0.2783 0.2577 -0.8187 21.0105819 105.7287359 20190810121442 
1 -0.1367 -0.6318 0.9956 21.0105819 105.7287359 20190810121442 
1 -0.5398 0.1983 2.2750 21.0105819 105.7287359 20190810121442 
1 0.3867 0.1888 0.0121 21.0105819 105.7287359 20190810121442 
1 0.1041 -0.2592 0.2067 21.0105819 105.7287359 20190810121442 
1 -0.2369 -0.4272 1.1805 21.0105819 105.7287359 20190810121442 
1 0.1926 -0.1915 -0.2577 21.0105819 105.7287359 20190810121442 
1 -0.0670 -0.3047 0.3725 21.0105819 105.7287359 20190810121442 
1 -0.0816 -0.3028 1.2889 21.0105819 105.7287359 20190810121442 
1 0.0588 -0.1011 0.1148 21.0105819 105.7287359 20190810121442 
1 -0.0494 0.0348 -0.1174 21.0105819 105.7287359 20190810121442 
1 -0.0623 -0.4094 -0.2990 21.0105819 105.7287359 20190810121443 
1 -0.0472 -0.3034 -0.9901 21.0105819 105.7287359 20190810121443 
1 0.1255 0.0780 -0.2608 21.0105819 105.7287359 20190810121443 
1 -0.0324 0.3135 0.7633 21.0105819 105.7287359 20190810121443 
1 0.0542 0.5406 0.1284 21.0105819 105.7287359 20190810121443 
1 0.2208 0.0303 -0.8741 21.0105819 105.7287359 20190810121443 
1 0.0086 0.2064 -0.3383 21.0105819 105.7287359 20190810121443 
1 0.1158 0.4384 -0.5951 21.0105819 105.7287359 20190810121443 
1 0.0653 0.2181 -0.8525 21.0105819 105.7287359 20190810121443 
1 -0.0305 0.4132 -0.8546 21.0105819 105.7287359 20190810121443 
1 0.1787 -0.1094 -1.0357 21.0105819 105.7287359 20190810121443 
1 -0.0168 1.0926 -0.3528 21.0105819 105.7287359 20190810121443 
1 0.1677 -0.2218 -1.4323 21.0105819 105.7287359 20190810121443 
1 0.0016 0.3761 -0.5206 21.0105819 105.7287359 20190810121443 
1 -0.0260 -0.1318 -0.5016 21.0105819 105.7287359 20190810121443 
1 -0.1429 0.6144 -0.5068 21.0105819 105.7287359 20190810121443 
1 0.0705 -0.0702 -0.7548 21.0105819 105.7287359 20190810121443 
1 0.0520 0.0431 -0.2049 21.0105819 105.7287359 20190810121443 
1 -0.0988 0.2279 0.0279 21.0105819 105.7287359 20190810121443 
1 -0.1310 0.0119 0.2359 21.0105819 105.7287359 20190810121443 
1 -0.0239 -0.0585 0.5371 21.0105819 105.7287359 20190810121443 
1 -0.1052 -0.1187 0.6452 21.0105819 105.7287359 20190810121443 
1 -0.1795 -0.0544 0.8830 21.0105819 105.7287359 20190810121443 
1 -0.1033 -0.1539 0.8931 21.0105819 105.7287359 20190810121443 
1 -0.0989 -0.2984 0.9520 21.0105819 105.7287359 20190810121443 
1 -0.1245 -0.1225 1.2891 21.0105819 105.7287359 20190810121443 
1 -0.1177 -0.4216 1.2023 21.0105819 105.7287359 20190810121443 
1 -0.0406 0.0226 1.2331 21.0105819 105.7287359 20190810121443 
1 -0.1417 -0.3552 0.8418 21.0105819 105.7287359 20190810121443 
1 -0.0513 -0.0318 0.8376 21.0105819 105.7287359 20190810121443 
1 -0.0827 -0.0046 0.6733 21.0105819 105.7287359 20190810121443 
1 -0.0080 -0.2028 0.3102 21.0105819 105.7287359 20190810121443 
1 -0.1078 0.0180 0.8251 21.0105819 105.7287359 20190810121443 
1 -0.0186 -0.0197 0.2769 21.0105819 105.7287359 20190810121443 
1 -0.1526 0.2419 -0.0301 21.0105798 105.7289499 20190810121443 
1 -0.0360 -0.0051 0.3608 21.0105798 105.7289499 20190810121443 
1 0.0263 0.1530 0.3623 21.0105798 105.7289499 20190810121443 
1 -0.1273 0.0945 -0.0282 21.0105798 105.7289499 20190810121443 
1 -0.1755 0.2715 0.6670 21.0105798 105.7289499 20190810121443 
1 0.0474 0.3140 0.2340 21.0105798 105.7289499 20190810121443 
1 -0.0897 0.2581 0.0842 21.0105798 105.7289499 20190810121443 
1 -0.1687 0.2207 0.4658 21.0105798 105.7289499 20190810121443 
1 0.0060 0.2256 0.1143 21.0105798 105.7289499 20190810121443 
1 0.0729 0.2268 -0.1528 21.0105798 105.7289499 20190810121443 
1 -0.1821 0.1636 0.5805 21.0105798 105.7289499 20190810121443 
1 0.1439 0.3802 -0.0518 21.0105798 105.7289499 20190810121443 
1 0.0253 -0.0133 -0.3872 21.0105798 105.7289499 20190810121443 
1 -0.0732 0.1054 0.0076 21.0105798 105.7289499 20190810121443 
1 0.1009 0.1001 -0.5100 21.0105798 105.7289499 20190810121443 
1 0.0359 -0.0614 -0.8493 21.0105798 105.7289499 20190810121443 
1 -0.1907 0.1418 -0.4853 21.0105798 105.7289499 20190810121444 
1 0.0206 0.0150 -0.9048 21.0105798 105.7289499 20190810121444 
1 0.0854 -0.1480 -1.0295 21.0105798 105.7289499 20190810121444 
1 -0.0700 0.0481 -0.6075 21.0105798 105.7289499 20190810121444 
1 0.0800 -0.0277 -1.0712 21.0105798 105.7289499 20190810121444 
1 -0.0622 -0.0543 -0.9169 21.0105798 105.7289499 20190810121444 
1 0.0075 -0.0118 -0.5836 21.0105798 105.7289499 20190810121444 
1 -0.0200 0.0102 -0.6832 21.0105798 105.7289499 20190810121444 
1 0.0034 -0.1356 -0.4999 21.0105798 105.7289499 20190810121444 
1 -0.0732 0.0048 -0.1546 21.0105798 105.7289499 20190810121444 
1 0.0134 -0.0900 -0.6692 21.0105798 105.7289499 20190810121444 
1 0.0179 -0.2727 -0.6580 21.0105798 105.7289499 20190810121444 
1 0.0981 -0.2554 -0.1430 21.0105798 105.7289499 20190810121444 
1 -0.0223 0.0975 -0.2176 21.0105798 105.7289499 20190810121444 
1 0.1171 -0.3151 -0.2473 21.0105798 105.7289499 20190810121444 
1 0.0626 0.0280 0.4106 21.0105798 105.7289499 20190810121444 
1 0.1728 -0.1309 -0.6771 21.0105798 105.7289499 20190810121444 
1 0.1338 -0.2808 -0.9295 21.0105798 105.7289499 20190810121444 
1 -0.0654 -0.3099 -0.4645 21.0105798 105.7289499 20190810121444 
1 0.0618 -0.0757 -0.8697 21.0105798 105.7289499 20190810121444 
1 0.1233 -0.1270 -0.9176 21.0105798 105.7289499 20190810121444 
1 0.0747 -0.2670 -0.3591 21.0105798 105.7289499 20190810121444 
1 -0.0555 0.2264 -0.3784 21.0105798 105.7289499 20190810121444 
1 0.0951 -0.2374 -0.8802 21.0105798 105.7289499 20190810121444 
1 0.0606 -0.0975 -0.1895 21.0105798 105.7289499 20190810121444 
1 0.1636 0.0110 -0.1545 21.0105798 105.7289499 20190810121444 
1 0.0785 0.1029 -0.1149 21.0105798 105.7289499 20190810121444 
1 -0.0097 -0.0267 0.2637 21.0105798 105.7289499 20190810121444 
1 0.0319 0.2885 0.1152 21.0105798 105.7289499 20190810121444 
1 0.0862 0.2457 -0.1396 21.0105798 105.7289499 20190810121444 
1 -0.0188 0.2862 0.2051 21.0105798 105.7289499 20190810121444 
1 0.0359 0.1175 0.2046 21.0105798 105.7289499 20190810121444 
1 -0.0065 0.4068 0.4208 21.0105798 105.7289499 20190810121444 
1 0.1048 0.2100 0.5554 21.0105798 105.7289499 20190810121444 
1 -0.0784 0.0950 0.7996 21.0105651 105.7291678 20190810121444 
1 -0.0217 0.3466 0.6155 21.0105651 105.7291678 20190810121444 
1 -0.0092 0.0831 0.5488 21.0105651 105.7291678 20190810121444 
1 -0.0612 0.0561 0.8891 21.0105651 105.7291678 20190810121444 
1 -0.0675 0.0339 0.9710 21.0105651 105.7291678 20190810121444 
1 -0.1696 -0.0328 0.9131 21.0105651 105.7291678 20190810121444 
1 -0.0862 0.1098 1.1452 21.0105651 105.7291678 20190810121444 
1 -0.0711 0.0270 1.3434 21.0105651 105.7291678 20190810121444 
1 0.0154 -0.1356 0.9908 21.0105651 105.7291678 20190810121444 
1 -0.0431 -0.1439 1.1223 21.0105651 105.7291678 20190810121444 
1 0.0813 -0.1946 0.9247 21.0105651 105.7291678 20190810121444 
1 0.0286 0.0666 0.7579 21.0105651 105.7291678 20190810121444 
1 0.1838 -0.0197 0.5587 21.0105651 105.7291678 20190810121444 
1 0.2428 0.0318 0.3702 21.0105651 105.7291678 20190810121444 
1 0.1815 -0.0955 0.0975 21.0105651 105.7291678 20190810121444 
1 0.1066 0.0371 -0.3830 21.0105651 105.7291678 20190810121444 
1 0.2801 -0.1748 -0.9180 21.0105651 105.7291678 20190810121445 
1 0.2663 -0.1200 -1.0696 21.0105651 105.7291678 20190810121445 
1 0.0676 0.1439 -0.7757 21.0105651 105.7291678 20190810121445 
1 0.1288 -0.2754 -1.2967 21.0105651 105.7291678 20190810121445 
1 0.1570 0.2321 -1.3139 21.0105651 105.7291678 20190810121445 
1 0.1836 -0.2455 -1.5339 21.0105651 105.7291678 20190810121445 
1 0.0402 -0.0324 -1.0995 21.0105651 105.7291678 20190810121445 
1 0.0322 -0.0722 -1.3580 21.0105651 105.7291678 20190810121445 
1 0.0510 -0.1520 -1.3298 21.0105651 105.7291678 20190810121445 
1 0.0699 0.0459 -0.7634 21.0105651 105.7291678 20190810121445 
1 0.1201 -0.0352 -0.7507 21.0105651 105.7291678 20190810121445 
1 0.0412 -0.0337 -0.6919 21.0105651 105.7291678 20190810121445 
1 -0.1379 0.1702 0.1902 21.0105651 105.7291678 20190810121445 
1 0.0404 0.3018 0.5344 21.0105651 105.7291678 20190810121445 
1 0.3127 0.1173 0.0315 21.0105651 105.7291678 20190810121445 
1 -0.1729 0.0418 1.0012 21.0105651 105.7291678 20190810121445 
1 -0.0808 0.2297 0.8659 21.0105651 105.7291678 20190810121445 
1 0.3369 0.2597 0.0559 21.0105651 105.7291678 20190810121445 
1 0.0243 0.2607 1.0340 21.0105651 105.7291678 20190810121445 
1 -0.0578 0.4146 1.6625 21.0105651 105.7291678 20190810121445 
1 0.1545 0.2321 -0.0330 21.0105651 105.7291678 20190810121445 
1 0.0924 -0.0560 0.1939 21.0105651 105.7291678 20190810121445 
1 0.1228 0.1535 1.1371 21.0105651 105.7291678 20190810121445 
1 0.0731 0.2696 0.0021 21.0105651 105.7291678 20190810121445 
1 0.0286 0.0388 -0.1330 21.0105651 105.7291678 20190810121445 
1 0.0750 -0.1219 -0.0097 21.0105651 105.7291678 20190810121445 
1 0.0857 0.1797 -0.3000 21.0105651 105.7291678 20190810121445 
1 0.0016 0.1495 -0.0242 21.0105651 105.7291678 20190810121445 
1 -0.0892 -0.3269 0.4753 21.0105651 105.7291678 20190810121445 
1 0.0488 0.2163 0.2303 21.0105651 105.7291678 20190810121445 
1 -0.0697 -0.1791 0.1756 21.0105651 105.7291678 20190810121445 
1 -0.0808 -0.2440 1.0733 21.0105651 105.7291678 20190810121445 
1 -0.0552 0.0065 0.5602 21.0105651 105.7291678 20190810121445 
1 0.0206 -0.1490 0.5302 21.0105471 105.7293798 20190810121445 
1 -0.0124 -0.1961 1.2936 21.0105471 105.7293798 20190810121445 
1 -0.0551 -0.0729 1.5113 21.0105471 105.7293798 20190810121445 
1 -0.0179 0.1555 0.9384 21.0105471 105.7293798 20190810121445 
1 0.1215 0.0406 0.7552 21.0105471 105.7293798 20190810121445 
1 0.0197 -0.2133 0.9268 21.0105471 105.7293798 20190810121445 
1 -0.0369 0.2549 0.9866 21.0105471 105.7293798 20190810121445 
1 0.0135 0.1615 0.4393 21.0105471 105.7293798 20190810121445 
1 0.0575 -0.0112 0.0407 21.0105471 105.7293798 20190810121445 
1 0.0647 0.3068 0.4769 21.0105471 105.7293798 20190810121445 
1 0.1247 0.0698 -0.0882 21.0105471 105.7293798 20190810121445 
1 -0.0267 -0.1110 -0.2689 21.0105471 105.7293798 20190810121445 
1 -0.0732 0.0629 0.1297 21.0105471 105.7293798 20190810121445 
1 0.0168 0.1554 -0.2280 21.0105471 105.7293798 20190810121445 
1 0.0020 0.0704 -0.3061 21.0105471 105.7293798 20190810121445 
1 -0.0685 -0.0855 -0.0427 21.0105471 105.7293798 20190810121446 
1 0.0157 0.0916 -0.1985 21.0105471 105.7293798 20190810121446 
1 0.0183 -0.0607 -0.4984 21.0105471 105.7293798 20190810121446 
1 -0.0638 0.1720 0.4406 21.0105471 105.7293798 20190810121446 
1 -0.0450 0.0620 0.5351 21.0105471 105.7293798 20190810121446 
1 -0.1654 0.1594 0.6198 21.0105471 105.7293798 20190810121446 
1 -0.1937 0.0944 0.7796 21.0105471 105.7293798 20190810121446 
1 -0.2074 -0.0684 0.9060 21.0105471 105.7293798 20190810121446 
1 -0.2506 -0.0105 0.6914 21.0105471 105.7293798 20190810121446 
1 -0.2682 -0.0702 0.9657 21.0105471 105.7293798 20190810121446 
1 -0.3833 -0.0919 1.5848 21.0105471 105.7293798 20190810121446 
1 -0.1673 0.2609 1.3442 21.0105471 105.7293798 20190810121446 
1 -0.3464 -0.1461 2.0628 21.0105471 105.7293798 20190810121446 
1 -0.0529 -0.1991 2.0688 21.0105471 105.7293798 20190810121446 
1 -0.0206 -0.0914 1.5364 21.0105471 105.7293798 20190810121446 
1 -0.3868 -0.2564 2.0789 21.0105471 105.7293798 20190810121446 
1 -0.0593 0.3938 1.6360 21.0105471 105.7293798 20190810121446 
1 0.2573 -0.6003 -0.1536 21.0105471 105.7293798 20190810121446 
1 0.4271 0.0953 -0.5193 21.0105471 105.7293798 20190810121446 
1 -0.1917 0.4050 -0.7141 21.0105471 105.7293798 20190810121446 
1 0.6130 0.1127 -2.0082 21.0105471 105.7293798 20190810121446 
1 0.1419 0.3237 -0.5343 21.0105471 105.7293798 20190810121446 
1 0.3944 -0.1888 -0.9881 21.0105471 105.7293798 20190810121446 
1 0.2118 0.4044 -2.6419 21.0105471 105.7293798 20190810121446 
1 0.0426 -0.3482 -4.5841 21.0105471 105.7293798 20190810121446 
1 0.1763 -0.1869 -3.6535 21.0105471 105.7293798 20190810121446 
1 0.1369 0.1355 -3.4018 21.0105471 105.7293798 20190810121446 
1 0.0395 0.3880 -3.6415 21.0105471 105.7293798 20190810121446 
1 0.0791 -0.4686 -3.1846 21.0105471 105.7293798 20190810121446 
1 0.1064 -0.2053 -2.5284 21.0105471 105.7293798 20190810121446 
1 0.0133 0.0879 -2.2129 21.0105471 105.7293798 20190810121446 
1 0.0738 -0.2181 -2.2617 21.0105471 105.7293798 20190810121446 
1 0.1396 -0.5490 -1.6376 21.0105471 105.7293798 20190810121446 
1 -0.0508 -0.1314 -0.8850 21.0105305 105.7295918 20190810121446 
1 -0.0854 0.1872 -0.6625 21.0105305 105.7295918 20190810121446 
1 0.2464 -0.4927 -0.4959 21.0105305 105.7295918 20190810121446 
1 0.1378 -0.0707 0.1259 21.0105305 105.7295918 20190810121446 
1 0.0102 0.0048 0.0904 21.0105305 105.7295918 20190810121446 
1 0.0521 0.1266 0.1359 21.0105305 105.7295918 20190810121446 
1 0.2566 -0.1099 0.6094 21.0105305 105.7295918 20190810121446 
1 0.6823 0.4148 -0.5075 21.0105305 105.7295918 20190810121446 
1 0.2757 -0.2914 -0.7756 21.0105305 105.7295918 20190810121446 
1 -0.4794 0.7790 1.7953 21.0105305 105.7295918 20190810121446 
1 1.7198 -0.3476 -3.7333 21.0105305 105.7295918 20190810121446 
1 0.2152 -0.0021 -1.5177 21.0105305 105.7295918 20190810121446 
1 -0.0571 -0.0460 -0.3257 21.0105305 105.7295918 20190810121446 
1 0.9297 0.3890 -3.5615 21.0105305 105.7295918 20190810121446 
1 0.9218 -0.6936 -4.8851 21.0105305 105.7295918 20190810121446 
1 -0.3446 -0.1722 0.6781 21.0105305 105.7295918 20190810121447 
1 1.0936 0.0938 -5.1626 21.0105305 105.7295918 20190810121447 
1 -0.2622 0.0336 -5.4190 21.0105305 105.7295918 20190810121447 
1 0.7173 -0.8794 -3.1633 21.0105305 105.7295918 20190810121447 
1 0.3747 -0.0093 -2.2621 21.0105305 105.7295918 20190810121447 
1 -0.4818 0.2015 -2.2356 21.0105305 105.7295918 20190810121447 
1 0.5093 -0.2410 -2.1239 21.0105305 105.7295918 20190810121447 
1 -0.1302 -0.1546 -0.5160 21.0105305 105.7295918 20190810121447 
1 -0.3970 0.1734 0.4554 21.0105305 105.7295918 20190810121447 
1 -0.0617 0.1817 0.7143 21.0105305 105.7295918 20190810121447 
1 -0.2923 -0.1926 2.2125 21.0105305 105.7295918 20190810121447 
1 -0.4749 0.1430 3.9238 21.0105305 105.7295918 20190810121447 
1 -0.3904 0.4444 4.2766 21.0105305 105.7295918 20190810121447 
1 -0.2241 0.2446 4.7524 21.0105305 105.7295918 20190810121447 
1 -0.3293 0.2616 5.9480 21.0105305 105.7295918 20190810121447 
1 0.0329 0.4362 6.2532 21.0105305 105.7295918 20190810121447 
1 0.1196 -0.0647 6.3798 21.0105305 105.7295918 20190810121447 
1 0.2453 0.3989 6.4526 21.0105305 105.7295918 20190810121447 
1 0.4820 0.4176 5.5775 21.0105305 105.7295918 20190810121447 
1 0.3180 -0.2383 4.2540 21.0105305 105.7295918 20190810121447 
1 0.3085 0.0597 3.7660 21.0105305 105.7295918 20190810121447 
1 0.5993 0.0115 1.2935 21.0105305 105.7295918 20190810121447 
1 0.1540 0.0888 0.6286 21.0105305 105.7295918 20190810121447 
1 0.2764 -0.3561 -0.0948 21.0105305 105.7295918 20190810121447 
1 0.2608 0.2245 -1.4986 21.0105305 105.7295918 20190810121447 
1 -0.0084 -0.0976 -1.8906 21.0105305 105.7295918 20190810121447 
1 0.0680 -0.3040 -1.4842 21.0105305 105.7295918 20190810121447 
1 0.1691 0.0289 -1.8531 21.0105305 105.7295918 20190810121447 
1 -0.0423 0.0651 -2.1364 21.0105305 105.7295918 20190810121447 
1 0.1319 -0.2548 -2.1455 21.0105305 105.7295918 20190810121447 
1 0.0941 -0.2176 -1.8817 21.0105305 105.7295918 20190810121447 
1 0.0675 0.1820 -1.7889 21.0105305 105.7295918 20190810121447 
1 0.1765 -0.1472 -1.6435 21.0105305 105.7295918 20190810121447 
1 0.1792 -0.1203 -1.2106 21.0105305 105.7295918 20190810121447 
1 0.1590 0.0758 -1.2337 21.0105305 105.7295918 20190810121447 
1 0.1497 -0.1180 -1.0713 21.0105191 105.7298056 20190810121447 
1 0.2111 -0.0333 -0.5027 21.0105191 105.7298056 20190810121447 
1 0.1247 0.0632 -0.6166 21.0105191 105.7298056 20190810121447 
1 0.0950 0.1055 -0.3876 21.0105191 105.7298056 20190810121447 
1 0.1843 -0.0314 -0.3130 21.0105191 105.7298056 20190810121447 
1 0.0801 0.1058 -0.2630 21.0105191 105.7298056 20190810121447 
1 0.0085 0.1427 0.1841 21.0105191 105.7298056 20190810121447 
1 0.1248 -0.0380 0.1927 21.0105191 105.7298056 20190810121447 
1 0.1346 0.0971 0.5061 21.0105191 105.7298056 20190810121447 
1 0.0041 0.2939 0.6883 21.0105191 105.7298056 20190810121447 
1 0.0880 -0.0035 0.5593 21.0105191 105.7298056 20190810121447 
1 0.0175 -0.4359 0.7257 21.0105191 105.7298056 20190810121447 
1 -0.3297 0.0723 2.0008 21.0105191 105.7298056 20190810121447 
1 0.6225 -0.6280 -0.8376 21.0105191 105.7298056 20190810121447 
1 -0.5400 0.7084 1.7297 21.0105191 105.7298056 20190810121447 
1 -0.3430 0.0775 0.8651 21.0105191 105.7298056 20190810121447 
1 0.3994 -0.0197 0.2524 21.0105191 105.7298056 20190810121448 
1 -0.0915 -0.5460 1.6804 21.0105191 105.7298056 20190810121448 
1 -0.6148 0.4573 2.4813 21.0105191 105.7298056 20190810121448 
1 0.4322 0.0278 -0.5503 21.0105191 105.7298056 20190810121448 
1 -0.2051 -0.6271 0.7432 21.0105191 105.7298056 20190810121448 
1 0.0411 0.9838 2.6463 21.0105191 105.7298056 20190810121448 
1 0.1523 -0.2396 0.2978 21.0105191 105.7298056 20190810121448 
1 -0.1723 0.0556 0.7343 21.0105191 105.7298056 20190810121448 
1 0.2557 -0.1174 0.4686 21.0105191 105.7298056 20190810121448 
1 0.0957 0.2370 0.3486 21.0105191 105.7298056 20190810121448 
1 -0.0787 -0.1578 0.1509 21.0105191 105.7298056 20190810121448 
1 0.3026 0.0258 -0.0988 21.0105191 105.7298056 20190810121448 
1 -0.1788 0.3167 0.2220 21.0105191 105.7298056 20190810121448 
1 -0.0260 0.0493 0.0167 21.0105191 105.7298056 20190810121448 
1 0.1102 0.1469 -0.4661 21.0105191 105.7298056 20190810121448 
1 0.0237 0.0408 -0.5157 21.0105191 105.7298056 20190810121448 
1 0.0785 -0.2287 0.3474 21.0105191 105.7298056 20190810121448 
1 0.0534 0.3756 0.2170 21.0105191 105.7298056 20190810121448 
1 -0.0843 0.1074 -0.0323 21.0105191 105.7298056 20190810121448 
1 -0.1067 -0.0517 0.4472 21.0105191 105.7298056 20190810121448 
1 -0.0143 -0.0960 0.3550 21.0105191 105.7298056 20190810121448 
1 -0.0508 0.0653 0.1633 21.0105191 105.7298056 20190810121448 
1 -0.0987 -0.1207 -0.0704 21.0105191 105.7298056 20190810121448 
1 -0.0466 -0.1626 0.2656 21.0105191 105.7298056 20190810121448 
1 0.1529 -0.1964 0.2714 21.0105191 105.7298056 20190810121448 
1 0.0092 -0.1180 0.4904 21.0105191 105.7298056 20190810121448 
1 0.0246 -0.0882 0.7220 21.0105191 105.7298056 20190810121448 
1 -0.0435 -0.3320 0.4264 21.0105191 105.7298056 20190810121448 
1 0.0579 0.2490 -0.4528 21.0105191 105.7298056 20190810121448 
1 -0.0039 -0.1092 -0.5700 21.0105191 105.7298056 20190810121448 
1 -0.0051 -0.2247 -0.1690 21.0105191 105.7298056 20190810121448 
1 -0.0847 0.1495 -0.3101 21.0105191 105.7298056 20190810121448 
1 -0.1634 -0.0130 -0.4167 21.0105191 105.7298056 20190810121448 
1 0.0138 -0.0513 -0.4969 21.0105062 105.7300188 20190810121448 
1 -0.3501 0.2211 -1.1264 21.0105062 105.7300188 20190810121448 
1 0.5046 -0.0846 0.6084 21.0105062 105.7300188 20190810121448 
1 0.3431 -0.2348 1.3543 21.0105062 105.7300188 20190810121448 
1 -0.5645 -0.0410 -0.2404 21.0105062 105.7300188 20190810121448 
