1 -0.1579 -0.2715 0.2405 20.9896924 105.5592477 20190810115617 
1 0.1553 0.0167 -0.1713 20.9896924 105.5592477 20190810115617 
1 -0.0220 -0.0603 -0.1404 20.9896924 105.5592477 20190810115617 
1 0.0015 0.0144 -0.3636 20.9896924 105.5592477 20190810115617 
1 0.0361 -0.0469 -0.0622 20.9896924 105.5592477 20190810115617 
1 0.0596 -0.1691 -0.1921 20.9896924 105.5592477 20190810115617 
1 0.1314 0.0659 -0.0023 20.9896924 105.5592477 20190810115617 
1 0.0430 -0.1256 -0.2384 20.9896924 105.5592477 20190810115618 
1 0.0225 -0.0922 -0.2424 20.9896924 105.5592477 20190810115618 
1 -0.0822 -0.0500 -0.1813 20.9896924 105.5592477 20190810115618 
1 0.1330 0.0658 -0.3200 20.9896924 105.5592477 20190810115618 
1 0.0551 -0.1439 -0.3919 20.9896924 105.5592477 20190810115618 
1 0.0369 0.0560 -0.3455 20.9896924 105.5592477 20190810115618 
1 0.0404 -0.1882 -0.4117 20.9896924 105.5592477 20190810115618 
1 0.0997 -0.0473 -0.1628 20.9896924 105.5592477 20190810115618 
1 0.0640 -0.0788 -0.3386 20.9896924 105.5592477 20190810115618 
1 -0.0335 0.2409 -0.3283 20.9896924 105.5592477 20190810115618 
1 0.1166 -0.1748 -0.4884 20.9896924 105.5592477 20190810115618 
1 -0.0880 0.0507 -0.2093 20.9896924 105.5592477 20190810115618 
1 0.0783 -0.2081 -0.0687 20.9896924 105.5592477 20190810115618 
1 -0.0061 0.0773 -0.0342 20.9896924 105.5592477 20190810115618 
1 0.1139 -0.2504 -0.3050 20.9896924 105.5592477 20190810115618 
1 -0.1355 0.1803 0.1034 20.9896924 105.5592477 20190810115618 
1 -0.0711 -0.1504 0.0942 20.9896924 105.5592477 20190810115618 
1 0.0302 -0.0442 0.1525 20.9896924 105.5592477 20190810115618 
1 0.0145 -0.0900 0.1410 20.9896924 105.5592477 20190810115618 
1 -0.0220 0.0535 0.0421 20.9896924 105.5592477 20190810115618 
1 -0.1257 -0.0168 0.0524 20.9896823 105.5593957 20190810115618 
1 0.0321 -0.1523 0.3526 20.9896823 105.5593957 20190810115618 
1 -0.0582 0.1102 0.3018 20.9896823 105.5593957 20190810115618 
1 0.0490 -0.0515 0.2934 20.9896823 105.5593957 20190810115618 
1 -0.0837 0.0139 0.5160 20.9896823 105.5593957 20190810115618 
1 -0.0904 -0.1318 0.3613 20.9896823 105.5593957 20190810115618 
1 -0.0880 0.0759 0.6027 20.9896823 105.5593957 20190810115618 
1 0.1302 -0.2277 0.1103 20.9896823 105.5593957 20190810115618 
1 0.0055 0.0401 0.5417 20.9896823 105.5593957 20190810115618 
1 -0.0001 -0.0105 0.4536 20.9896823 105.5593957 20190810115618 
1 -0.0183 0.0930 0.3388 20.9896823 105.5593957 20190810115618 
1 -0.0477 -0.1404 0.3385 20.9896823 105.5593957 20190810115618 
1 -0.0077 0.0364 0.4894 20.9896823 105.5593957 20190810115618 
1 -0.1110 -0.0557 0.2640 20.9896823 105.5593957 20190810115618 
1 0.0823 -0.0928 0.1995 20.9896823 105.5593957 20190810115618 
1 -0.2855 -0.0072 0.4294 20.9896823 105.5593957 20190810115618 
1 -0.4353 0.0336 1.2288 20.9896823 105.5593957 20190810115618 
1 0.4467 -0.2552 -0.1367 20.9896823 105.5593957 20190810115618 
1 0.0074 -0.0107 0.2744 20.9896823 105.5593957 20190810115618 
1 -0.3759 0.1185 0.6852 20.9896823 105.5593957 20190810115618 
1 0.0769 -0.2528 -0.0478 20.9896823 105.5593957 20190810115618 
1 0.3668 -0.1141 0.1922 20.9896823 105.5593957 20190810115618 
1 -0.2561 -0.0333 0.0998 20.9896823 105.5593957 20190810115618 
1 -0.1181 0.1378 -0.2418 20.9896823 105.5593957 20190810115618 
1 0.2181 -0.3416 -0.2179 20.9896823 105.5593957 20190810115618 
1 -0.2652 0.1661 1.6763 20.9896823 105.5593957 20190810115618 
1 0.2719 -0.4062 -0.1258 20.9896823 105.5593957 20190810115618 
1 0.0733 0.0987 -0.7721 20.9896823 105.5593957 20190810115618 
1 -0.1409 -0.3415 -0.5553 20.9896823 105.5593957 20190810115618 
1 0.0927 0.1119 -0.6375 20.9896823 105.5593957 20190810115619 
1 -0.0384 -0.2779 -0.2699 20.9896823 105.5593957 20190810115619 
1 0.2133 0.0625 -0.3992 20.9896823 105.5593957 20190810115619 
1 0.0413 -0.3150 -0.6244 20.9896823 105.5593957 20190810115619 
1 -0.1531 -0.0279 -0.3956 20.9896823 105.5593957 20190810115619 
1 0.0544 -0.3033 -0.7140 20.9896823 105.5593957 20190810115619 
1 -0.0326 0.1470 -0.7653 20.9896823 105.5593957 20190810115619 
1 0.0868 -0.4215 -0.7733 20.9896823 105.5593957 20190810115619 
1 -0.0284 0.1478 -0.2627 20.9896823 105.5593957 20190810115619 
1 0.0712 -0.2414 -0.7289 20.9896823 105.5593957 20190810115619 
1 -0.0567 0.1446 -0.3587 20.9896823 105.5593957 20190810115619 
1 0.1653 -0.1441 -0.5875 20.9896823 105.5593957 20190810115619 
1 0.0529 0.1207 -0.2734 20.9896823 105.5593957 20190810115619 
1 -0.1498 -0.1204 -0.1973 20.9896823 105.5593957 20190810115619 
1 0.1090 0.1129 -0.0895 20.9896823 105.5593957 20190810115619 
1 -0.0224 -0.2642 -0.2251 20.9896823 105.5593957 20190810115619 
1 0.1198 0.0500 0.0607 20.9896823 105.5593957 20190810115619 
1 0.0251 -0.2218 -0.0744 20.9896823 105.5593957 20190810115619 
1 0.2426 0.1005 -0.3665 20.9896823 105.5593957 20190810115619 
1 0.1354 -0.3261 -0.4936 20.9896668 105.5595399 20190810115619 
1 -0.2955 0.3663 0.5415 20.9896668 105.5595399 20190810115619 
1 0.2209 -0.5040 -0.2686 20.9896668 105.5595399 20190810115619 
1 0.2084 0.1820 0.0627 20.9896668 105.5595399 20190810115619 
1 -0.0176 -0.3023 -0.0566 20.9896668 105.5595399 20190810115619 
1 -0.2453 0.3346 0.1733 20.9896668 105.5595399 20190810115619 
1 0.1633 -0.5756 -0.1044 20.9896668 105.5595399 20190810115619 
1 0.1319 0.2106 0.2630 20.9896668 105.5595399 20190810115619 
1 -0.0350 -0.1937 -0.5517 20.9896668 105.5595399 20190810115619 
1 0.0112 -0.1907 -0.6330 20.9896668 105.5595399 20190810115619 
1 -0.1519 -0.1916 0.3027 20.9896668 105.5595399 20190810115619 
1 0.0533 -0.0943 0.5650 20.9896668 105.5595399 20190810115619 
1 0.0126 0.0358 0.2882 20.9896668 105.5595399 20190810115619 
1 -0.0153 -0.1538 0.3615 20.9896668 105.5595399 20190810115619 
1 0.0385 0.0476 0.1229 20.9896668 105.5595399 20190810115619 
1 -0.0904 -0.0491 0.3756 20.9896668 105.5595399 20190810115619 
1 -0.0326 -0.0668 0.6152 20.9896668 105.5595399 20190810115619 
1 0.2625 -0.1498 0.1023 20.9896668 105.5595399 20190810115619 
1 -0.0622 -0.1192 0.3457 20.9896668 105.5595399 20190810115619 
1 -0.0828 -0.0566 0.5432 20.9896668 105.5595399 20190810115619 
1 0.0298 -0.2045 0.3382 20.9896668 105.5595399 20190810115619 
1 0.1776 0.0471 0.0199 20.9896668 105.5595399 20190810115619 
1 -0.0435 -0.0672 0.3121 20.9896668 105.5595399 20190810115619 
1 0.0285 -0.1326 0.1655 20.9896668 105.5595399 20190810115619 
1 0.0147 -0.3017 0.2050 20.9896668 105.5595399 20190810115619 
1 -0.0535 0.0029 0.2313 20.9896668 105.5595399 20190810115619 
1 0.1927 -0.1791 -0.0344 20.9896668 105.5595399 20190810115619 
1 0.0248 0.0582 0.1021 20.9896668 105.5595399 20190810115619 
1 0.0150 -0.2508 -0.0586 20.9896668 105.5595399 20190810115619 
1 -0.0207 0.1216 0.0149 20.9896668 105.5595399 20190810115619 
1 0.0347 -0.2199 -0.0954 20.9896668 105.5595399 20190810115619 
1 0.0155 0.1792 0.2986 20.9896668 105.5595399 20190810115620 
1 0.0316 -0.2465 -0.1333 20.9896668 105.5595399 20190810115620 
1 -0.0194 0.0857 0.1502 20.9896668 105.5595399 20190810115620 
1 0.0144 -0.1366 -0.1900 20.9896668 105.5595399 20190810115620 
1 -0.0527 0.0183 -0.0748 20.9896668 105.5595399 20190810115620 
1 -0.0088 -0.1656 0.1876 20.9896668 105.5595399 20190810115620 
1 0.1247 0.1925 0.3498 20.9896668 105.5595399 20190810115620 
1 -0.0381 -0.0237 -0.1778 20.9896668 105.5595399 20190810115620 
1 -0.0628 0.0965 0.2885 20.9896668 105.5595399 20190810115620 
1 -0.0668 0.1659 0.2622 20.9896668 105.5595399 20190810115620 
1 0.1626 -0.2036 -0.1033 20.9896668 105.5595399 20190810115620 
1 -0.0384 0.1961 0.3353 20.9896668 105.5595399 20190810115620 
1 -0.0706 -0.1420 0.0438 20.9896668 105.5595399 20190810115620 
1 0.0246 -0.1033 -0.0754 20.9896668 105.5595399 20190810115620 
1 -0.0830 0.0483 0.1816 20.9896668 105.5595399 20190810115620 
1 0.1795 -0.0109 0.3397 20.9896668 105.5595399 20190810115620 
1 0.0423 0.2780 0.0479 20.9896668 105.5595399 20190810115620 
1 -0.0874 -0.0799 0.1596 20.9896668 105.5595399 20190810115620 
1 0.0287 -0.0208 0.1095 20.9896668 105.5595399 20190810115620 
1 0.1063 -0.0110 -0.2090 20.9896567 105.5596858 20190810115620 
1 0.0303 -0.0405 -0.0107 20.9896567 105.5596858 20190810115620 
1 0.0378 -0.0634 -0.1754 20.9896567 105.5596858 20190810115620 
1 0.0417 -0.0725 -0.1590 20.9896567 105.5596858 20190810115620 
1 -0.1124 0.1765 0.0225 20.9896567 105.5596858 20190810115620 
1 0.1367 -0.1510 -0.2401 20.9896567 105.5596858 20190810115620 
1 0.0561 -0.0808 -0.2650 20.9896567 105.5596858 20190810115620 
1 0.0427 -0.0412 -0.1325 20.9896567 105.5596858 20190810115620 
1 -0.1103 -0.0201 -0.0911 20.9896567 105.5596858 20190810115620 
1 0.0567 -0.1595 -0.2234 20.9896567 105.5596858 20190810115620 
1 -0.0130 0.0388 0.0071 20.9896567 105.5596858 20190810115620 
1 0.1061 -0.0515 -0.2678 20.9896567 105.5596858 20190810115620 
1 -0.0563 0.1170 -0.1107 20.9896567 105.5596858 20190810115620 
1 -0.0463 -0.1552 -0.0283 20.9896567 105.5596858 20190810115620 
1 0.0576 0.0951 0.1637 20.9896567 105.5596858 20190810115620 
1 -0.0423 0.0047 -0.0300 20.9896567 105.5596858 20190810115620 
1 0.1289 -0.1319 0.0694 20.9896567 105.5596858 20190810115620 
1 -0.1462 0.1518 0.2186 20.9896567 105.5596858 20190810115620 
1 -0.0163 -0.0761 0.0054 20.9896567 105.5596858 20190810115620 
1 -0.0454 0.2466 0.2148 20.9896567 105.5596858 20190810115620 
1 0.1501 -0.0686 -0.2391 20.9896567 105.5596858 20190810115620 
1 -0.0609 0.1640 0.3450 20.9896567 105.5596858 20190810115620 
1 -0.0145 0.0636 0.2914 20.9896567 105.5596858 20190810115620 
1 0.1186 0.0959 0.0670 20.9896567 105.5596858 20190810115620 
1 -0.0311 0.1358 0.0999 20.9896567 105.5596858 20190810115620 
1 0.1074 0.2030 0.0923 20.9896567 105.5596858 20190810115620 
1 0.0268 -0.0451 -0.1052 20.9896567 105.5596858 20190810115620 
1 -0.0858 0.1537 0.3549 20.9896567 105.5596858 20190810115620 
1 0.0268 -0.0741 -0.1380 20.9896567 105.5596858 20190810115620 
1 0.1513 0.2739 -0.1564 20.9896567 105.5596858 20190810115620 
1 -0.0032 0.1288 -0.0964 20.9896567 105.5596858 20190810115621 
1 0.0013 0.1743 -0.0059 20.9896567 105.5596858 20190810115621 
1 0.0651 0.0011 -0.0248 20.9896567 105.5596858 20190810115621 
1 0.0098 0.1405 -0.2080 20.9896567 105.5596858 20190810115621 
1 0.0156 0.2194 -0.1240 20.9896567 105.5596858 20190810115621 
1 -0.0558 -0.0457 -0.1400 20.9896567 105.5596858 20190810115621 
1 0.0562 0.2179 0.2061 20.9896567 105.5596858 20190810115621 
1 0.0803 0.1525 -0.3856 20.9896567 105.5596858 20190810115621 
1 -0.0687 0.1971 -0.0598 20.9896567 105.5596858 20190810115621 
1 -0.0991 0.1490 0.0467 20.9896567 105.5596858 20190810115621 
1 0.1855 -0.0238 -0.2819 20.9896567 105.5596858 20190810115621 
1 0.0220 0.0879 0.0594 20.9896567 105.5596858 20190810115621 
1 -0.0917 0.3132 0.1279 20.9896567 105.5596858 20190810115621 
1 0.0490 0.1802 0.2314 20.9896567 105.5596858 20190810115621 
1 0.0842 0.0310 0.1835 20.9896567 105.5596858 20190810115621 
1 0.0946 0.2143 -0.0794 20.9896567 105.5596858 20190810115621 
1 -0.0574 0.4103 -0.4486 20.9896567 105.5596858 20190810115621 
1 0.0311 -0.1676 -0.1624 20.9896567 105.5596858 20190810115621 
1 0.0308 0.1094 0.2898 20.9896567 105.5596858 20190810115621 
1 0.2161 0.2003 -0.1878 20.9896567 105.5596858 20190810115621 
1 0.0425 0.2927 -0.0801 20.9896567 105.5596858 20190810115621 
1 -0.0855 -0.1014 -0.0318 20.9896409 105.5598282 20190810115621 
1 0.0271 0.2494 0.2890 20.9896409 105.5598282 20190810115621 
1 0.0903 0.1124 -0.2487 20.9896409 105.5598282 20190810115621 
1 0.1118 0.0778 -0.2640 20.9896409 105.5598282 20190810115621 
1 -0.0691 0.1415 -0.4320 20.9896409 105.5598282 20190810115621 
1 0.0142 0.0650 -0.2517 20.9896409 105.5598282 20190810115621 
1 -0.0449 0.1929 0.0380 20.9896409 105.5598282 20190810115621 
1 0.1788 0.1174 -0.1837 20.9896409 105.5598282 20190810115621 
1 0.0575 0.1030 -0.0964 20.9896409 105.5598282 20190810115621 
1 -0.0430 0.0108 0.0173 20.9896409 105.5598282 20190810115621 
1 -0.0576 0.2096 0.1338 20.9896409 105.5598282 20190810115621 
1 0.0431 0.0158 -0.1081 20.9896409 105.5598282 20190810115621 
1 0.0282 0.1020 0.2343 20.9896409 105.5598282 20190810115621 
1 0.0328 0.3112 0.0664 20.9896409 105.5598282 20190810115621 
1 0.0639 0.1300 0.1219 20.9896409 105.5598282 20190810115621 
1 -0.0722 0.1954 0.2099 20.9896409 105.5598282 20190810115621 
1 0.1105 0.1268 0.0110 20.9896409 105.5598282 20190810115621 
1 -0.0220 0.1765 0.3533 20.9896409 105.5598282 20190810115621 
1 0.1611 0.1836 0.0804 20.9896409 105.5598282 20190810115621 
1 0.0353 0.0807 -0.0660 20.9896409 105.5598282 20190810115621 
1 -0.0467 0.1589 -0.0525 20.9896409 105.5598282 20190810115621 
1 0.0301 0.2367 0.2347 20.9896409 105.5598282 20190810115621 
1 0.1565 0.0533 0.1215 20.9896409 105.5598282 20190810115621 
1 0.0995 0.0684 0.0965 20.9896409 105.5598282 20190810115621 
1 -0.1256 0.2420 0.0003 20.9896409 105.5598282 20190810115621 
1 0.0390 -0.0664 -0.0848 20.9896409 105.5598282 20190810115621 
1 0.0260 0.2236 0.0632 20.9896409 105.5598282 20190810115621 
1 0.1241 -0.0067 -0.3854 20.9896409 105.5598282 20190810115621 
1 0.0108 0.1052 -0.1280 20.9896409 105.5598282 20190810115622 
1 -0.0553 -0.1885 -0.0695 20.9896409 105.5598282 20190810115622 
1 0.0562 0.0876 0.1328 20.9896409 105.5598282 20190810115622 
1 0.0813 0.1010 -0.1506 20.9896409 105.5598282 20190810115622 
1 0.1502 -0.0427 -0.0670 20.9896409 105.5598282 20190810115622 
1 -0.0207 0.1866 -0.1999 20.9896409 105.5598282 20190810115622 
1 0.0092 -0.1162 -0.2154 20.9896409 105.5598282 20190810115622 
1 -0.1119 0.0504 0.1526 20.9896409 105.5598282 20190810115622 
1 0.2032 -0.0184 -0.3037 20.9896409 105.5598282 20190810115622 
1 -0.0084 -0.1619 0.0344 20.9896409 105.5598282 20190810115622 
1 -0.0455 0.0668 0.1403 20.9896409 105.5598282 20190810115622 
1 0.0816 -0.0204 -0.0539 20.9896409 105.5598282 20190810115622 
1 -0.0371 -0.0325 -0.2013 20.9896409 105.5598282 20190810115622 
1 0.0218 0.0416 0.1207 20.9896409 105.5598282 20190810115622 
1 0.1223 -0.0715 -0.2485 20.9896409 105.5598282 20190810115622 
1 0.0586 0.0522 0.0730 20.9896409 105.5598282 20190810115622 
1 -0.1520 0.0112 0.4236 20.9896409 105.5598282 20190810115622 
1 0.2303 -0.1254 -0.1302 20.9896409 105.5598282 20190810115622 
1 -0.0078 0.0897 0.1575 20.9896409 105.5598282 20190810115622 
1 -0.0025 -0.0447 0.0372 20.9896337 105.5599718 20190810115622 
1 -0.0179 -0.0002 0.1702 20.9896337 105.5599718 20190810115622 
1 0.0331 -0.0919 0.2171 20.9896337 105.5599718 20190810115622 
1 0.0931 0.0567 0.0922 20.9896337 105.5599718 20190810115622 
1 -0.0121 -0.0070 -0.1680 20.9896337 105.5599718 20190810115622 
1 0.1213 -0.0891 -0.0767 20.9896337 105.5599718 20190810115622 
1 -0.1105 0.1751 0.3163 20.9896337 105.5599718 20190810115622 
1 0.1240 -0.2006 -0.1458 20.9896337 105.5599718 20190810115622 
1 0.0088 0.0495 0.1554 20.9896337 105.5599718 20190810115622 
1 -0.0120 -0.0332 -0.0392 20.9896337 105.5599718 20190810115622 
1 0.0268 -0.0551 0.1716 20.9896337 105.5599718 20190810115622 
1 0.0176 -0.2222 0.0330 20.9896337 105.5599718 20190810115622 
1 0.0375 0.1436 0.0033 20.9896337 105.5599718 20190810115622 
1 -0.0966 0.2227 -0.0860 20.9896337 105.5599718 20190810115622 
1 0.1463 -0.3858 0.0231 20.9896337 105.5599718 20190810115622 
1 -0.0337 0.2810 0.3385 20.9896337 105.5599718 20190810115622 
1 0.0760 -0.0928 -0.2109 20.9896337 105.5599718 20190810115622 
1 -0.1341 0.0977 0.3073 20.9896337 105.5599718 20190810115622 
1 0.0448 -0.2969 -0.0932 20.9896337 105.5599718 20190810115622 
1 0.0421 0.3286 0.0596 20.9896337 105.5599718 20190810115622 
1 -0.0590 -0.0823 0.0469 20.9896337 105.5599718 20190810115622 
1 0.0495 0.0727 0.1159 20.9896337 105.5599718 20190810115622 
1 -0.1262 -0.2040 0.1660 20.9896337 105.5599718 20190810115622 
1 0.0183 0.1294 0.4407 20.9896337 105.5599718 20190810115622 
1 0.1091 -0.2711 -0.0196 20.9896337 105.5599718 20190810115622 
1 -0.0414 -0.0220 0.2679 20.9896337 105.5599718 20190810115622 
1 -0.1485 0.0741 0.0856 20.9896337 105.5599718 20190810115622 
1 0.0157 -0.1029 -0.0516 20.9896337 105.5599718 20190810115622 
1 0.0363 -0.0561 0.1211 20.9896337 105.5599718 20190810115622 
1 -0.0744 0.0427 0.2587 20.9896337 105.5599718 20190810115622 
1 0.0928 -0.1302 0.2892 20.9896337 105.5599718 20190810115623 
1 -0.0158 -0.1685 0.1143 20.9896337 105.5599718 20190810115623 
1 -0.0518 0.0158 0.2287 20.9896337 105.5599718 20190810115623 
1 0.0218 -0.0435 -0.1036 20.9896337 105.5599718 20190810115623 
1 -0.0049 -0.2745 0.1057 20.9896337 105.5599718 20190810115623 
1 -0.0167 0.0072 0.3793 20.9896337 105.5599718 20190810115623 
1 0.0631 -0.0246 -0.1418 20.9896337 105.5599718 20190810115623 
1 -0.1354 -0.0206 0.2173 20.9896337 105.5599718 20190810115623 
1 0.1587 -0.1125 -0.3465 20.9896337 105.5599718 20190810115623 
1 -0.0426 0.1569 -0.0547 20.9896337 105.5599718 20190810115623 
1 -0.1358 -0.0606 0.0029 20.9896337 105.5599718 20190810115623 
1 0.0820 -0.1494 -0.0164 20.9896337 105.5599718 20190810115623 
1 -0.0099 -0.0195 0.0404 20.9896337 105.5599718 20190810115623 
1 0.0778 -0.1328 -0.1122 20.9896337 105.5599718 20190810115623 
1 0.0142 -0.0857 -0.0997 20.9896337 105.5599718 20190810115623 
1 0.0883 -0.1468 -0.3243 20.9896337 105.5599718 20190810115623 
1 -0.0834 0.0732 0.1134 20.9896337 105.5599718 20190810115623 
1 0.0608 -0.0250 -0.1551 20.9896337 105.5599718 20190810115623 
1 0.0915 -0.1386 -0.0346 20.9896337 105.5599718 20190810115623 
1 -0.1022 0.0360 -0.0585 20.9896245 105.5601187 20190810115623 
1 0.1325 -0.1443 -0.2654 20.9896245 105.5601187 20190810115623 
1 0.0187 -0.2283 -0.1721 20.9896245 105.5601187 20190810115623 
1 0.0806 -0.0324 -0.1058 20.9896245 105.5601187 20190810115623 
1 0.0357 0.0150 -0.1957 20.9896245 105.5601187 20190810115623 
1 0.1088 -0.1830 -0.4679 20.9896245 105.5601187 20190810115623 
1 -0.0520 0.0806 -0.0853 20.9896245 105.5601187 20190810115623 
1 -0.0540 -0.1440 -0.3308 20.9896245 105.5601187 20190810115623 
1 0.1427 -0.1172 -0.1832 20.9896245 105.5601187 20190810115623 
1 0.0374 -0.1790 -0.3522 20.9896245 105.5601187 20190810115623 
1 -0.0133 0.1150 -0.2301 20.9896245 105.5601187 20190810115623 
1 0.0889 -0.0624 -0.5372 20.9896245 105.5601187 20190810115623 
1 0.0636 -0.1855 -0.1812 20.9896245 105.5601187 20190810115623 
1 -0.0059 0.0549 -0.1440 20.9896245 105.5601187 20190810115623 
1 0.1199 0.1069 -0.4222 20.9896245 105.5601187 20190810115623 
1 -0.0065 -0.1855 -0.0956 20.9896245 105.5601187 20190810115623 
1 -0.0184 0.2210 0.0352 20.9896245 105.5601187 20190810115623 
1 0.0600 0.0476 -0.3512 20.9896245 105.5601187 20190810115623 
1 0.0311 -0.0761 -0.0680 20.9896245 105.5601187 20190810115623 
1 0.0286 -0.0200 0.2618 20.9896245 105.5601187 20190810115623 
1 0.0141 0.0767 -0.1793 20.9896245 105.5601187 20190810115623 
1 0.0538 -0.0467 -0.0247 20.9896245 105.5601187 20190810115623 
1 -0.0149 -0.0926 0.1355 20.9896245 105.5601187 20190810115623 
1 0.0036 -0.0137 0.1919 20.9896245 105.5601187 20190810115623 
1 0.1102 0.0609 0.3276 20.9896245 105.5601187 20190810115623 
1 0.0624 0.0177 0.2507 20.9896245 105.5601187 20190810115623 
1 0.0689 -0.0134 0.1171 20.9896245 105.5601187 20190810115623 
1 -0.1056 0.0142 0.2337 20.9896245 105.5601187 20190810115623 
1 0.1361 -0.2942 0.2615 20.9896245 105.5601187 20190810115623 
1 0.0300 -0.1157 0.2762 20.9896245 105.5601187 20190810115623 
1 0.0426 -0.0834 0.0575 20.9896245 105.5601187 20190810115623 
1 -0.0620 -0.0368 0.2359 20.9896245 105.5601187 20190810115624 
1 0.0844 -0.3684 -0.1650 20.9896245 105.5601187 20190810115624 
1 0.0877 0.0213 0.3510 20.9896245 105.5601187 20190810115624 
1 0.1098 -0.1776 -0.2455 20.9896245 105.5601187 20190810115624 
1 -0.0037 -0.2504 -0.0306 20.9896245 105.5601187 20190810115624 
1 -0.0470 -0.0312 -0.0882 20.9896245 105.5601187 20190810115624 
1 0.0333 -0.2109 -0.1829 20.9896245 105.5601187 20190810115624 
1 0.0612 -0.0149 0.1425 20.9896245 105.5601187 20190810115624 
1 0.1720 -0.3080 -0.2262 20.9896245 105.5601187 20190810115624 
1 -0.1526 0.0242 0.1146 20.9896245 105.5601187 20190810115624 
1 0.1096 -0.3021 -0.1867 20.9896245 105.5601187 20190810115624 
1 0.1388 -0.1371 -0.0613 20.9896245 105.5601187 20190810115624 
1 0.1067 -0.1153 -0.1625 20.9896245 105.5601187 20190810115624 
1 0.0980 -0.0922 0.1028 20.9896245 105.5601187 20190810115624 
1 -0.0461 -0.0240 -0.0101 20.9896245 105.5601187 20190810115624 
1 0.0933 -0.1805 -0.3321 20.9896245 105.5601187 20190810115624 
1 -0.1211 0.1631 0.1942 20.9896245 105.5601187 20190810115624 
1 0.2149 -0.3756 -0.2515 20.9896245 105.5601187 20190810115624 
1 -0.1078 0.0057 0.1791 20.989613 105.560258 20190810115624 
1 -0.0426 -0.0359 0.0234 20.989613 105.560258 20190810115624 
1 0.0611 0.0177 -0.0447 20.989613 105.560258 20190810115624 
1 -0.0096 -0.1684 0.0144 20.989613 105.560258 20190810115624 
1 0.0406 0.0272 0.3114 20.989613 105.560258 20190810115624 
1 0.0069 -0.0717 0.1449 20.989613 105.560258 20190810115624 
1 0.0634 -0.1242 0.3360 20.989613 105.560258 20190810115624 
1 0.0519 -0.2786 0.1640 20.989613 105.560258 20190810115624 
1 0.0336 -0.0021 0.3053 20.989613 105.560258 20190810115624 
1 -0.0257 -0.3039 0.1785 20.989613 105.560258 20190810115624 
1 0.1132 -0.1427 0.1016 20.989613 105.560258 20190810115624 
1 0.0354 -0.1093 0.2999 20.989613 105.560258 20190810115624 
1 0.0422 -0.0469 -0.0294 20.989613 105.560258 20190810115624 
1 0.1148 -0.2074 0.2040 20.989613 105.560258 20190810115624 
1 0.0120 -0.2630 0.2072 20.989613 105.560258 20190810115624 
1 0.1051 -0.0272 0.2743 20.989613 105.560258 20190810115624 
1 0.0622 -0.2482 0.0442 20.989613 105.560258 20190810115624 
1 -0.0150 -0.1701 -0.0220 20.989613 105.560258 20190810115624 
1 0.0061 -0.1625 -0.1307 20.989613 105.560258 20190810115624 
1 0.1036 0.0399 -0.4253 20.989613 105.560258 20190810115624 
1 -0.0744 -0.2378 -0.0312 20.989613 105.560258 20190810115624 
1 0.0689 0.0409 -0.1737 20.989613 105.560258 20190810115624 
1 0.0347 -0.0881 -0.2125 20.989613 105.560258 20190810115624 
1 -0.0302 -0.1558 -0.1006 20.989613 105.560258 20190810115624 
1 0.1508 0.0650 -0.1977 20.989613 105.560258 20190810115624 
1 0.0506 -0.0658 -0.1702 20.989613 105.560258 20190810115624 
1 0.0209 -0.2259 -0.0544 20.989613 105.560258 20190810115624 
1 -0.0324 -0.0615 0.1194 20.989613 105.560258 20190810115624 
1 0.2015 -0.0714 -0.4063 20.989613 105.560258 20190810115624 
1 0.0049 -0.0035 -0.1662 20.989613 105.560258 20190810115624 
1 -0.1767 0.1966 0.3847 20.989613 105.560258 20190810115624 
1 0.1971 -0.2099 -0.0287 20.989613 105.560258 20190810115625 
1 -0.0360 0.0035 0.0653 20.989613 105.560258 20190810115625 
1 0.1241 0.0252 0.0236 20.989613 105.560258 20190810115625 
1 -0.0718 0.0054 -0.0586 20.989613 105.560258 20190810115625 
1 0.0237 -0.3142 0.0294 20.989613 105.560258 20190810115625 
1 -0.0396 -0.0767 0.4152 20.989613 105.560258 20190810115625 
1 0.0689 -0.1469 0.1094 20.989613 105.560258 20190810115625 
1 0.0134 -0.2206 0.1683 20.989613 105.560258 20190810115625 
1 -0.0056 -0.1564 0.0453 20.989613 105.560258 20190810115625 
1 0.0378 0.0381 0.0015 20.989613 105.560258 20190810115625 
1 0.0199 -0.1667 0.0097 20.989613 105.560258 20190810115625 
1 0.0045 -0.1162 0.3681 20.989613 105.560258 20190810115625 
1 0.0462 -0.0632 0.1841 20.989613 105.560258 20190810115625 
1 0.1695 -0.1032 -0.1481 20.989613 105.560258 20190810115625 
1 -0.0808 -0.1260 0.1958 20.989613 105.560258 20190810115625 
1 0.0688 -0.0372 -0.0862 20.989613 105.560258 20190810115625 
1 0.1105 -0.2970 -0.1358 20.989613 105.560258 20190810115625 
1 0.0982 0.0223 -0.0410 20.989613 105.560258 20190810115625 
1 0.1313 0.0623 -0.3955 20.989613 105.560258 20190810115625 
1 -0.1240 -0.0327 -0.2028 20.989613 105.560258 20190810115625 
1 0.0490 -0.2872 0.0603 20.989613 105.560258 20190810115625 
1 -0.0152 0.0794 0.1673 20.9896059 105.5603946 20190810115625 
1 0.0788 -0.1780 -0.2706 20.9896059 105.5603946 20190810115625 
1 -0.0633 -0.2230 0.0559 20.9896059 105.5603946 20190810115625 
1 -0.1677 -0.0648 0.0779 20.9896059 105.5603946 20190810115625 
1 0.1653 -0.1358 -0.1640 20.9896059 105.5603946 20190810115625 
1 -0.0160 0.1441 -0.2104 20.9896059 105.5603946 20190810115625 
1 0.1305 -0.0203 -0.1022 20.9896059 105.5603946 20190810115625 
1 -0.0259 -0.0455 0.1481 20.9896059 105.5603946 20190810115625 
1 -0.0236 -0.1154 0.4187 20.9896059 105.5603946 20190810115625 
1 0.0079 -0.0894 0.3891 20.9896059 105.5603946 20190810115625 
1 0.0251 0.0359 0.1560 20.9896059 105.5603946 20190810115625 
1 0.0200 -0.0559 0.0937 20.9896059 105.5603946 20190810115625 
1 -0.2169 -0.2557 0.2814 20.9896059 105.5603946 20190810115625 
1 -0.0011 -0.1011 0.4467 20.9896059 105.5603946 20190810115625 
1 0.2000 -0.2304 -0.2364 20.9896059 105.5603946 20190810115625 
1 0.2366 -0.3442 -0.2908 20.9896059 105.5603946 20190810115625 
1 -0.0250 -0.0896 -0.0222 20.9896059 105.5603946 20190810115625 
1 -0.0274 -0.1073 0.0733 20.9896059 105.5603946 20190810115625 
1 0.0379 -0.0574 0.1287 20.9896059 105.5603946 20190810115625 
1 0.1945 -0.0677 0.0395 20.9896059 105.5603946 20190810115625 
1 -0.0690 0.1109 -0.0878 20.9896059 105.5603946 20190810115625 
1 -0.1008 -0.4461 -0.1636 20.9896059 105.5603946 20190810115625 
1 0.0252 -0.0351 0.0993 20.9896059 105.5603946 20190810115625 
1 0.0539 -0.1423 -0.3225 20.9896059 105.5603946 20190810115625 
1 -0.0059 0.0183 -0.2305 20.9896059 105.5603946 20190810115625 
1 -0.0142 -0.2409 -0.4390 20.9896059 105.5603946 20190810115625 
1 0.0757 -0.0973 -0.1115 20.9896059 105.5603946 20190810115625 
1 -0.0647 0.1563 0.2686 20.9896059 105.5603946 20190810115625 
1 0.1232 -0.0754 -0.0068 20.9896059 105.5603946 20190810115625 
1 0.1059 0.0048 -0.1622 20.9896059 105.5603946 20190810115626 
1 0.1154 -0.0639 -0.1935 20.9896059 105.5603946 20190810115626 
1 -0.0396 0.1980 0.3614 20.9896059 105.5603946 20190810115626 
1 0.1100 -0.0148 -0.2959 20.9896059 105.5603946 20190810115626 
1 0.0303 0.0635 -0.0158 20.9896059 105.5603946 20190810115626 
1 0.0384 0.0733 -0.0882 20.9896059 105.5603946 20190810115626 
1 0.0840 -0.0591 -0.1305 20.9896059 105.5603946 20190810115626 
1 -0.1896 0.0416 0.3573 20.9896059 105.5603946 20190810115626 
1 0.1435 0.1497 0.0089 20.9896059 105.5603946 20190810115626 
1 0.1232 -0.1909 -0.1226 20.9896059 105.5603946 20190810115626 
1 0.0252 -0.1028 0.2775 20.9896059 105.5603946 20190810115626 
1 0.0218 -0.1834 -0.0198 20.9896059 105.5603946 20190810115626 
1 -0.1679 -0.1176 -0.1770 20.9896059 105.5603946 20190810115626 
1 0.0604 0.1332 0.3655 20.9896059 105.5603946 20190810115626 
1 -0.0221 -0.1468 0.3310 20.9896059 105.5603946 20190810115626 
1 -0.4560 -0.0387 0.3976 20.9896059 105.5603946 20190810115626 
1 -0.4095 -0.0250 0.0626 20.9896059 105.5603946 20190810115626 
1 0.1992 -0.1786 0.0860 20.9896059 105.5603946 20190810115626 
1 0.0709 -0.2412 -0.1017 20.9896059 105.5603946 20190810115626 
1 -0.6315 -0.1315 0.1682 20.9896059 105.5603946 20190810115626 
1 0.1403 0.0061 0.3278 20.989585 105.5605417 20190810115626 
1 0.3347 -0.4406 0.1532 20.989585 105.5605417 20190810115626 
1 -0.2545 0.2471 0.5682 20.989585 105.5605417 20190810115626 
1 -0.1385 0.0926 -0.4057 20.989585 105.5605417 20190810115626 
1 -0.0022 -0.0518 -0.0067 20.989585 105.5605417 20190810115626 
1 0.1258 -0.1328 0.0897 20.989585 105.5605417 20190810115626 
1 0.1566 -0.0956 -0.3412 20.989585 105.5605417 20190810115626 
1 -0.1086 0.0951 -0.0364 20.989585 105.5605417 20190810115626 
1 -0.0792 -0.0824 -0.1941 20.989585 105.5605417 20190810115626 
1 0.1393 -0.2134 0.0785 20.989585 105.5605417 20190810115626 
1 0.4052 -0.0877 -0.2346 20.989585 105.5605417 20190810115626 
1 -0.0372 -0.0460 0.0840 20.989585 105.5605417 20190810115626 
1 -0.1551 0.0771 -0.2049 20.989585 105.5605417 20190810115626 
1 0.0356 0.0214 -0.0556 20.989585 105.5605417 20190810115626 
1 0.0474 0.0104 0.1603 20.989585 105.5605417 20190810115626 
1 0.2516 0.2322 -0.2858 20.989585 105.5605417 20190810115626 
1 -0.0738 -0.0538 -0.1829 20.989585 105.5605417 20190810115626 
1 -0.1711 -0.0244 -0.2587 20.989585 105.5605417 20190810115626 
1 -0.0153 0.1000 -0.1954 20.989585 105.5605417 20190810115626 
1 0.1588 -0.0639 -0.3593 20.989585 105.5605417 20190810115626 
1 0.1736 -0.1960 0.1416 20.989585 105.5605417 20190810115626 
1 -0.1559 0.1530 0.0877 20.989585 105.5605417 20190810115626 
1 0.1449 -0.1299 -0.5372 20.989585 105.5605417 20190810115626 
1 0.1115 -0.0216 -0.0211 20.989585 105.5605417 20190810115626 
1 -0.0027 0.2470 0.0845 20.989585 105.5605417 20190810115626 
1 0.2071 0.0660 -0.4921 20.989585 105.5605417 20190810115626 
1 -0.0695 -0.1772 -0.1493 20.989585 105.5605417 20190810115626 
1 0.0042 0.1273 0.1318 20.989585 105.5605417 20190810115626 
1 0.1420 -0.1893 -0.5757 20.989585 105.5605417 20190810115626 
1 0.2073 0.0775 -0.4235 20.989585 105.5605417 20190810115627 
1 -0.2035 -0.0422 -0.1465 20.989585 105.5605417 20190810115627 
1 0.1444 0.0012 -0.6411 20.989585 105.5605417 20190810115627 
1 0.0169 0.1999 0.0268 20.989585 105.5605417 20190810115627 
1 0.0645 -0.1607 -0.1974 20.989585 105.5605417 20190810115627 
1 0.0532 0.2083 0.0372 20.989585 105.5605417 20190810115627 
1 0.0712 -0.0779 -0.1652 20.989585 105.5605417 20190810115627 
1 -0.0110 0.1704 0.1037 20.989585 105.5605417 20190810115627 
1 0.0963 0.2043 -0.3225 20.989585 105.5605417 20190810115627 
1 0.0485 -0.0854 -0.3710 20.989585 105.5605417 20190810115627 
1 -0.2589 0.3191 0.4302 20.989585 105.5605417 20190810115627 
1 0.1710 0.0390 -0.2402 20.989585 105.5605417 20190810115627 
1 0.1995 0.1606 0.2370 20.989585 105.5605417 20190810115627 
1 0.0127 -0.0680 -0.1434 20.989585 105.5605417 20190810115627 
1 -0.0714 0.2243 0.1610 20.989585 105.5605417 20190810115627 
1 -0.1383 0.2487 0.5763 20.989585 105.5605417 20190810115627 
1 0.4252 0.1687 0.2624 20.989585 105.5605417 20190810115627 
1 -0.0153 0.0870 -0.0431 20.989585 105.5605417 20190810115627 
1 -0.2536 0.0223 0.4441 20.989585 105.5605417 20190810115627 
1 0.0986 0.1965 0.1334 20.9895721 105.5606761 20190810115627 
1 0.2906 -0.0585 -0.1731 20.9895721 105.5606761 20190810115627 
1 -0.0016 -0.1254 0.7269 20.9895721 105.5606761 20190810115627 
1 0.0135 0.2836 0.0219 20.9895721 105.5606761 20190810115627 
1 0.1564 -0.2934 -0.6052 20.9895721 105.5606761 20190810115627 
1 -0.1418 0.3596 0.7106 20.9895721 105.5606761 20190810115627 
1 0.1802 0.0719 0.4435 20.9895721 105.5606761 20190810115627 
1 0.1464 -0.0513 0.0364 20.9895721 105.5606761 20190810115627 
1 -0.0551 0.2202 0.2526 20.9895721 105.5606761 20190810115627 
1 -0.1453 0.1291 0.2589 20.9895721 105.5606761 20190810115627 
1 0.1375 0.1203 -0.0912 20.9895721 105.5606761 20190810115627 
1 0.0823 0.0207 0.1358 20.9895721 105.5606761 20190810115627 
1 -0.0978 0.1695 0.1627 20.9895721 105.5606761 20190810115627 
1 0.0622 0.0297 0.3086 20.9895721 105.5606761 20190810115627 
1 -0.0458 0.0685 0.4497 20.9895721 105.5606761 20190810115627 
1 0.0914 0.0853 0.1538 20.9895721 105.5606761 20190810115627 
1 -0.0137 0.2995 0.2248 20.9895721 105.5606761 20190810115627 
1 0.1125 -0.0583 -0.1072 20.9895721 105.5606761 20190810115627 
1 0.0137 0.0741 0.1326 20.9895721 105.5606761 20190810115627 
1 -0.0188 0.2037 -0.2379 20.9895721 105.5606761 20190810115627 
1 0.1774 0.0571 0.0542 20.9895721 105.5606761 20190810115627 
1 0.1131 -0.1552 0.4488 20.9895721 105.5606761 20190810115627 
1 0.1923 0.2708 0.2710 20.9895721 105.5606761 20190810115627 
1 0.0079 -0.2333 -0.2531 20.9895721 105.5606761 20190810115627 
1 -0.0914 0.0100 0.0347 20.9895721 105.5606761 20190810115627 
1 0.0308 0.2723 -0.0616 20.9895721 105.5606761 20190810115627 
1 0.1384 -0.0377 -0.5381 20.9895721 105.5606761 20190810115627 
1 0.0437 -0.0555 -0.0654 20.9895721 105.5606761 20190810115627 
1 0.0321 0.2841 -0.4564 20.9895721 105.5606761 20190810115627 
1 0.0416 0.0018 -0.3371 20.9895721 105.5606761 20190810115627 
1 -0.0142 0.1876 0.0076 20.9895721 105.5606761 20190810115628 
1 0.1832 -0.3593 -0.3738 20.9895721 105.5606761 20190810115628 
1 -0.2003 0.5482 0.2852 20.9895721 105.5606761 20190810115628 
1 0.0076 -0.1995 -0.3563 20.9895721 105.5606761 20190810115628 
1 -0.1625 0.1211 0.1610 20.9895721 105.5606761 20190810115628 
1 -0.0568 0.2224 0.0282 20.9895721 105.5606761 20190810115628 
1 0.0724 0.2751 -0.1333 20.9895721 105.5606761 20190810115628 
1 -0.1258 -0.0988 0.0250 20.9895721 105.5606761 20190810115628 
1 -0.0084 0.1604 0.3289 20.9895721 105.5606761 20190810115628 
1 -0.0474 0.1046 0.1897 20.9895721 105.5606761 20190810115628 
1 0.0627 -0.0186 0.4265 20.9895721 105.5606761 20190810115628 
1 -0.1037 -0.0154 0.6723 20.9895721 105.5606761 20190810115628 
1 0.0454 0.1093 0.0042 20.9895721 105.5606761 20190810115628 
1 -0.0170 0.0298 0.3068 20.9895721 105.5606761 20190810115628 
1 -0.0858 0.1369 0.4516 20.9895721 105.5606761 20190810115628 
1 0.1116 0.1946 0.3056 20.9895721 105.5606761 20190810115628 
1 0.0845 -0.1587 -0.0261 20.9895721 105.5606761 20190810115628 
1 -0.0143 0.4753 0.4598 20.9895721 105.5606761 20190810115628 
1 0.1397 -0.3118 -0.3796 20.9895721 105.5606761 20190810115628 
1 0.0533 0.4256 0.3388 20.9895721 105.5606761 20190810115628 
1 0.0216 -0.0070 0.2130 20.989567 105.5608089 20190810115628 
1 0.2410 0.0942 -0.2514 20.989567 105.5608089 20190810115628 
1 0.0288 -0.1966 -0.2703 20.989567 105.5608089 20190810115628 
1 -0.1246 0.2516 -0.3836 20.989567 105.5608089 20190810115628 
1 0.0541 -0.0929 -0.0641 20.989567 105.5608089 20190810115628 
1 0.0597 0.1436 0.0161 20.989567 105.5608089 20190810115628 
1 0.1750 -0.1007 -0.2356 20.989567 105.5608089 20190810115628 
1 -0.1298 0.3464 -0.1281 20.989567 105.5608089 20190810115628 
1 0.0411 -0.0743 -0.3512 20.989567 105.5608089 20190810115628 
1 0.1001 0.0516 -0.1618 20.989567 105.5608089 20190810115628 
1 0.1015 -0.1748 -0.3608 20.989567 105.5608089 20190810115628 
1 0.0221 0.0493 -0.0542 20.989567 105.5608089 20190810115628 
1 -0.0022 -0.3290 -0.1288 20.989567 105.5608089 20190810115628 
1 0.0809 0.1685 -0.0216 20.989567 105.5608089 20190810115628 
1 -0.0012 -0.0239 -0.1584 20.989567 105.5608089 20190810115628 
1 0.1520 -0.0371 0.0670 20.989567 105.5608089 20190810115628 
1 0.1338 0.0297 -0.2204 20.989567 105.5608089 20190810115628 
1 -0.1604 -0.0038 0.3995 20.989567 105.5608089 20190810115628 
1 -0.1646 -0.0309 0.9223 20.989567 105.5608089 20190810115628 
1 0.5827 -0.3143 -0.7366 20.989567 105.5608089 20190810115628 
1 -0.0994 0.9158 0.4226 20.989567 105.5608089 20190810115628 
1 -0.1538 -0.2987 -0.0246 20.989567 105.5608089 20190810115628 
1 0.3030 0.2106 0.1485 20.989567 105.5608089 20190810115628 
1 0.1834 -0.0188 -0.5833 20.989567 105.5608089 20190810115628 
1 -0.1864 0.5190 0.4887 20.989567 105.5608089 20190810115628 
1 0.1366 -0.3250 -0.1690 20.989567 105.5608089 20190810115628 
1 0.2302 0.0563 0.2325 20.989567 105.5608089 20190810115628 
1 -0.2092 0.1399 1.1504 20.989567 105.5608089 20190810115628 
1 0.2856 0.4069 0.0054 20.989567 105.5608089 20190810115628 
1 0.1368 -0.1060 -0.5226 20.989567 105.5608089 20190810115629 
1 -0.0056 0.4277 -0.0708 20.989567 105.5608089 20190810115629 
1 0.0963 0.0911 -0.2107 20.989567 105.5608089 20190810115629 
1 0.1340 0.0740 -0.5178 20.989567 105.5608089 20190810115629 
1 0.0381 0.0241 0.4221 20.989567 105.5608089 20190810115629 
1 -0.1302 0.4305 0.3865 20.989567 105.5608089 20190810115629 
1 0.2747 -0.3795 -0.3138 20.989567 105.5608089 20190810115629 
1 -0.1187 0.3686 0.5080 20.989567 105.5608089 20190810115629 
1 0.0497 -0.0769 -0.4516 20.989567 105.5608089 20190810115629 
1 0.0584 0.1442 0.0205 20.989567 105.5608089 20190810115629 
1 0.0600 -0.2708 0.2923 20.989567 105.5608089 20190810115629 
1 0.0833 0.3289 0.3360 20.989567 105.5608089 20190810115629 
1 0.0398 -0.0757 -0.2632 20.989567 105.5608089 20190810115629 
1 0.0693 0.1164 0.1899 20.989567 105.5608089 20190810115629 
1 -0.1246 -0.0626 0.7755 20.989567 105.5608089 20190810115629 
1 0.1941 0.1216 0.1222 20.989567 105.5608089 20190810115629 
1 -0.0038 0.0758 0.4252 20.989567 105.5608089 20190810115629 
1 0.0482 0.0675 0.1259 20.989567 105.5608089 20190810115629 
1 0.0781 -0.0168 0.2346 20.989567 105.5608089 20190810115629 
1 0.0664 0.0322 0.1795 20.989567 105.5608089 20190810115629 
1 0.2233 0.0102 0.1087 20.989567 105.5608089 20190810115629 
1 0.0939 0.0010 0.0992 20.989567 105.5608089 20190810115629 
1 0.1074 0.0289 0.2921 20.98955 105.5609468 20190810115629 
1 0.0575 -0.1458 0.2568 20.98955 105.5609468 20190810115629 
1 0.1937 0.0719 -0.0554 20.98955 105.5609468 20190810115629 
1 0.0981 0.1088 0.0576 20.98955 105.5609468 20190810115629 
1 -0.0121 0.0609 -0.1693 20.98955 105.5609468 20190810115629 
1 0.0882 0.0997 -0.1175 20.98955 105.5609468 20190810115629 
1 0.0530 -0.1275 -0.0464 20.98955 105.5609468 20190810115629 
1 0.1884 -0.0448 -0.1908 20.98955 105.5609468 20190810115629 
1 0.0367 0.3251 -0.0355 20.98955 105.5609468 20190810115629 
1 0.2376 -0.0947 -0.2152 20.98955 105.5609468 20190810115629 
1 -0.0169 0.2145 0.0068 20.98955 105.5609468 20190810115629 
1 0.0971 0.1542 -0.2158 20.98955 105.5609468 20190810115629 
1 0.1955 0.0398 -0.1493 20.98955 105.5609468 20190810115629 
1 0.0072 0.1508 0.1113 20.98955 105.5609468 20190810115629 
1 0.2068 0.1707 -0.0720 20.98955 105.5609468 20190810115629 
1 0.0857 -0.0829 -0.0895 20.98955 105.5609468 20190810115629 
1 0.1343 0.1383 -0.1591 20.98955 105.5609468 20190810115629 
1 0.0416 0.1008 -0.1349 20.98955 105.5609468 20190810115629 
1 0.1747 0.0433 -0.3062 20.98955 105.5609468 20190810115629 
1 0.1300 0.2264 -0.1998 20.98955 105.5609468 20190810115629 
1 0.0044 -0.0088 -0.2354 20.98955 105.5609468 20190810115629 
1 0.1074 0.1547 0.0391 20.98955 105.5609468 20190810115629 
1 0.1527 0.0159 -0.1176 20.98955 105.5609468 20190810115629 
1 0.1721 0.2576 0.2606 20.98955 105.5609468 20190810115629 
1 0.1979 0.0018 -0.3931 20.98955 105.5609468 20190810115629 
1 0.0166 0.1235 -0.3500 20.98955 105.5609468 20190810115629 
1 0.0554 -0.1336 -0.1319 20.98955 105.5609468 20190810115630 
1 0.2186 0.2454 -0.3747 20.98955 105.5609468 20190810115630 
1 0.1627 -0.1968 0.0347 20.98955 105.5609468 20190810115630 
1 0.0910 0.1472 0.2191 20.98955 105.5609468 20190810115630 
1 0.1853 0.0306 -0.0813 20.98955 105.5609468 20190810115630 
1 0.1009 0.2612 -0.0599 20.98955 105.5609468 20190810115630 
1 0.0417 0.0875 0.2561 20.98955 105.5609468 20190810115630 
1 0.1925 0.0400 -0.0506 20.98955 105.5609468 20190810115630 
1 0.2240 0.0933 -0.2607 20.98955 105.5609468 20190810115630 
1 -0.0133 0.0012 0.0783 20.98955 105.5609468 20190810115630 
1 0.1099 0.0525 0.2648 20.98955 105.5609468 20190810115630 
1 0.1633 0.0277 0.1507 20.98955 105.5609468 20190810115630 
1 0.2055 0.1081 0.0538 20.98955 105.5609468 20190810115630 
1 0.0771 0.0771 0.0398 20.98955 105.5609468 20190810115630 
1 0.0035 0.0113 -0.0774 20.98955 105.5609468 20190810115630 
1 0.2639 0.0340 0.2525 20.98955 105.5609468 20190810115630 
1 0.1904 0.0022 0.5776 20.98955 105.5609468 20190810115630 
1 0.2292 0.0761 0.4066 20.98955 105.5609468 20190810115630 
1 0.1201 0.0625 -0.0809 20.98955 105.5609468 20190810115630 
1 0.0547 0.0071 -0.0907 20.98955 105.5609468 20190810115630 
1 0.2658 0.1183 0.1312 20.98955 105.5609468 20190810115630 
1 0.2288 0.0689 -0.0712 20.98955 105.5609468 20190810115630 
1 0.1707 -0.0187 0.0476 20.98955 105.5609468 20190810115630 
1 0.1761 -0.0184 0.0252 20.9895348 105.5610906 20190810115630 
1 0.1267 0.1870 0.1593 20.9895348 105.5610906 20190810115630 
1 0.2437 -0.0757 -0.1494 20.9895348 105.5610906 20190810115630 
1 0.2187 0.1152 0.0525 20.9895348 105.5610906 20190810115630 
1 0.2070 -0.1064 -0.0963 20.9895348 105.5610906 20190810115630 
1 0.2263 0.0707 -0.1805 20.9895348 105.5610906 20190810115630 
1 0.0574 0.0892 -0.0014 20.9895348 105.5610906 20190810115630 
1 0.2937 -0.0336 -0.1153 20.9895348 105.5610906 20190810115630 
1 0.3026 0.1461 -0.0768 20.9895348 105.5610906 20190810115630 
1 0.0291 0.0088 0.1593 20.9895348 105.5610906 20190810115630 
1 0.3191 0.0739 -0.2515 20.9895348 105.5610906 20190810115630 
1 -0.0499 0.1423 0.0032 20.9895348 105.5610906 20190810115630 
1 0.3823 -0.0289 -0.0505 20.9895348 105.5610906 20190810115630 
1 0.1539 0.1770 -0.0169 20.9895348 105.5610906 20190810115630 
1 0.2568 -0.1238 -0.2048 20.9895348 105.5610906 20190810115630 
1 0.0151 0.0741 0.3789 20.9895348 105.5610906 20190810115630 
1 0.1119 0.1549 0.0217 20.9895348 105.5610906 20190810115630 
1 0.2196 -0.0265 -0.0952 20.9895348 105.5610906 20190810115630 
1 -0.0030 0.0820 0.1608 20.9895348 105.5610906 20190810115630 
1 0.2919 0.1624 -0.0563 20.9895348 105.5610906 20190810115630 
1 0.1521 -0.1006 -0.1966 20.9895348 105.5610906 20190810115630 
1 0.2194 0.2038 0.1802 20.9895348 105.5610906 20190810115630 
1 0.5026 -0.0444 -0.4798 20.9895348 105.5610906 20190810115630 
1 0.0849 -0.0633 -0.3606 20.9895348 105.5610906 20190810115630 
1 0.1310 -0.1190 0.2796 20.9895348 105.5610906 20190810115630 
1 0.3381 -0.0673 -0.2045 20.9895348 105.5610906 20190810115630 
1 0.2460 0.0114 -0.0646 20.9895348 105.5610906 20190810115630 
1 0.2645 -0.0635 -0.0447 20.9895348 105.5610906 20190810115630 
1 0.3544 0.0592 -0.3310 20.9895348 105.5610906 20190810115630 
1 0.1278 0.1103 -0.7147 20.9895348 105.5610906 20190810115631 
1 0.1663 0.1423 -0.5379 20.9895348 105.5610906 20190810115631 
1 0.3199 0.1023 -0.7973 20.9895348 105.5610906 20190810115631 
1 0.2714 0.0988 -0.5214 20.9895348 105.5610906 20190810115631 
1 0.2234 0.0758 -0.1974 20.9895348 105.5610906 20190810115631 
1 0.2015 -0.0682 -0.5075 20.9895348 105.5610906 20190810115631 
1 0.1023 -0.1027 -0.1540 20.9895348 105.5610906 20190810115631 
1 0.0451 0.0338 -0.3934 20.9895348 105.5610906 20190810115631 
1 0.0575 0.0561 -0.3043 20.9895348 105.5610906 20190810115631 
1 0.0435 -0.1584 -0.2032 20.9895348 105.5610906 20190810115631 
1 0.1355 0.3838 0.2105 20.9895348 105.5610906 20190810115631 
1 0.2912 -0.1482 -0.3019 20.9895348 105.5610906 20190810115631 
1 0.2807 0.5186 0.1636 20.9895348 105.5610906 20190810115631 
1 0.2378 -0.2910 -0.0009 20.9895348 105.5610906 20190810115631 
1 -0.0625 0.4732 0.3870 20.9895348 105.5610906 20190810115631 
1 0.2562 -0.0174 0.3140 20.9895348 105.5610906 20190810115631 
1 0.2583 0.1800 0.5907 20.9895348 105.5610906 20190810115631 
1 0.2598 -0.0664 0.3988 20.9895348 105.5610906 20190810115631 
1 0.0975 0.0997 0.3156 20.9895348 105.5610906 20190810115631 
1 0.2722 -0.1086 0.3681 20.989524 105.5612367 20190810115631 
1 0.2649 0.2372 0.0487 20.989524 105.5612367 20190810115631 
1 0.1726 -0.1228 0.0306 20.989524 105.5612367 20190810115631 
1 0.1890 0.2212 0.4788 20.989524 105.5612367 20190810115631 
1 0.2779 -0.2233 0.1032 20.989524 105.5612367 20190810115631 
1 0.2099 0.1612 0.2195 20.989524 105.5612367 20190810115631 
1 0.2796 -0.1250 -0.3739 20.989524 105.5612367 20190810115631 
1 0.1249 -0.0708 -0.0275 20.989524 105.5612367 20190810115631 
1 0.1518 -0.1097 -0.1099 20.989524 105.5612367 20190810115631 
1 0.2207 0.0355 0.1913 20.989524 105.5612367 20190810115631 
1 0.0600 0.2136 0.0654 20.989524 105.5612367 20190810115631 
1 0.2574 -0.1195 -0.1357 20.989524 105.5612367 20190810115631 
1 -0.0286 -0.1888 0.3206 20.989524 105.5612367 20190810115631 
1 0.2339 0.0184 0.3998 20.989524 105.5612367 20190810115631 
1 0.1326 -0.0291 0.1274 20.989524 105.5612367 20190810115631 
1 0.0867 -0.0392 0.1775 20.989524 105.5612367 20190810115631 
1 0.1093 -0.0159 0.4127 20.989524 105.5612367 20190810115631 
1 0.1951 0.0104 0.2457 20.989524 105.5612367 20190810115631 
1 0.1710 0.1257 0.5138 20.989524 105.5612367 20190810115631 
1 0.2109 0.0428 0.1768 20.989524 105.5612367 20190810115631 
1 0.1751 0.1420 0.4148 20.989524 105.5612367 20190810115631 
1 0.1214 -0.2204 0.5637 20.989524 105.5612367 20190810115631 
1 0.2796 0.0950 0.4700 20.989524 105.5612367 20190810115631 
1 0.2318 -0.0642 0.1603 20.989524 105.5612367 20190810115631 
1 0.2639 0.0310 0.1397 20.989524 105.5612367 20190810115631 
1 0.1751 0.0244 -0.0853 20.989524 105.5612367 20190810115631 
1 0.1794 0.0349 -0.1348 20.989524 105.5612367 20190810115631 
1 0.1484 0.0850 -0.0394 20.989524 105.5612367 20190810115631 
1 0.2068 0.1608 -0.2748 20.989524 105.5612367 20190810115631 
1 0.0741 -0.0090 -0.2315 20.989524 105.5612367 20190810115631 
1 0.1154 -0.1514 -0.0312 20.989524 105.5612367 20190810115632 
1 0.1993 -0.2080 -0.1225 20.989524 105.5612367 20190810115632 
1 0.1072 0.0004 -0.1197 20.989524 105.5612367 20190810115632 
1 0.1250 0.0430 -0.1863 20.989524 105.5612367 20190810115632 
1 -0.0286 -0.1088 -0.1429 20.989524 105.5612367 20190810115632 
1 0.0725 -0.2804 0.2162 20.989524 105.5612367 20190810115632 
1 0.0198 -0.0942 0.4043 20.989524 105.5612367 20190810115632 
1 0.2590 -0.0741 0.1596 20.989524 105.5612367 20190810115632 
1 0.0030 -0.1790 0.4272 20.989524 105.5612367 20190810115632 
1 -0.0620 -0.0683 0.7774 20.989524 105.5612367 20190810115632 
1 0.0960 -0.2477 0.6773 20.989524 105.5612367 20190810115632 
1 0.1135 -0.1009 0.6401 20.989524 105.5612367 20190810115632 
1 0.1364 -0.2675 0.4609 20.989524 105.5612367 20190810115632 
1 0.0153 -0.3369 0.3223 20.989524 105.5612367 20190810115632 
1 0.0031 -0.3646 0.5566 20.989524 105.5612367 20190810115632 
1 0.2459 -0.2211 0.1603 20.989524 105.5612367 20190810115632 
1 0.1835 0.1088 0.4908 20.989524 105.5612367 20190810115632 
1 -0.0096 0.0044 0.5233 20.989524 105.5612367 20190810115632 
1 0.0924 0.0640 0.3560 20.989524 105.5612367 20190810115632 
1 0.2964 -0.1241 0.0771 20.9895037 105.5613794 20190810115632 
1 0.1945 0.0672 -0.1151 20.9895037 105.5613794 20190810115632 
1 0.1380 -0.2180 -0.3194 20.9895037 105.5613794 20190810115632 
1 0.1117 -0.0463 0.1855 20.9895037 105.5613794 20190810115632 
1 0.2144 0.0611 -0.2087 20.9895037 105.5613794 20190810115632 
1 0.1774 -0.0687 -0.8208 20.9895037 105.5613794 20190810115632 
1 0.1149 0.0610 -0.5028 20.9895037 105.5613794 20190810115632 
1 0.2272 0.0798 -0.6176 20.9895037 105.5613794 20190810115632 
1 0.3241 0.2678 -0.4415 20.9895037 105.5613794 20190810115632 
1 0.2566 -0.2055 -0.6233 20.9895037 105.5613794 20190810115632 
1 0.1084 0.3843 -0.5713 20.9895037 105.5613794 20190810115632 
1 0.2772 -0.0923 -1.3772 20.9895037 105.5613794 20190810115632 
1 0.0236 0.0540 -0.1431 20.9895037 105.5613794 20190810115632 
1 0.1415 0.0598 -0.5024 20.9895037 105.5613794 20190810115632 
1 0.1812 0.0316 -0.7739 20.9895037 105.5613794 20190810115632 
1 0.1552 -0.0521 -0.2820 20.9895037 105.5613794 20190810115632 
1 0.1059 -0.0753 -0.5903 20.9895037 105.5613794 20190810115632 
1 0.0501 -0.0538 -0.5114 20.9895037 105.5613794 20190810115632 
1 0.0467 0.1600 -0.2105 20.9895037 105.5613794 20190810115632 
1 0.0939 0.0527 0.1070 20.9895037 105.5613794 20190810115632 
1 0.1426 -0.0229 -0.1284 20.9895037 105.5613794 20190810115632 
1 -0.0121 0.1228 0.5368 20.9895037 105.5613794 20190810115632 
1 0.0756 -0.1334 0.5358 20.9895037 105.5613794 20190810115632 
1 0.1362 -0.1555 0.6281 20.9895037 105.5613794 20190810115632 
1 0.0414 0.0092 0.7348 20.9895037 105.5613794 20190810115632 
1 0.1667 -0.1437 0.3699 20.9895037 105.5613794 20190810115632 
1 0.0153 0.1348 0.6661 20.9895037 105.5613794 20190810115632 
1 0.2741 -0.0639 0.3045 20.9895037 105.5613794 20190810115632 
1 0.0870 0.2645 0.6857 20.9895037 105.5613794 20190810115632 
1 0.2078 0.0941 0.3298 20.9895037 105.5613794 20190810115632 
1 0.1930 0.0654 0.1297 20.9895037 105.5613794 20190810115633 
1 0.0487 -0.1219 0.2100 20.9895037 105.5613794 20190810115633 
1 0.1777 -0.0331 0.7261 20.9895037 105.5613794 20190810115633 
1 0.2466 -0.2262 -0.2004 20.9895037 105.5613794 20190810115633 
1 0.2965 -0.1273 -0.4548 20.9895037 105.5613794 20190810115633 
1 -0.0120 -0.1874 -0.3353 20.9895037 105.5613794 20190810115633 
1 0.1722 0.0969 -0.7598 20.9895037 105.5613794 20190810115633 
1 0.2493 -0.1946 -0.5159 20.9895037 105.5613794 20190810115633 
1 0.1346 -0.3821 0.1491 20.9895037 105.5613794 20190810115633 
1 0.1444 0.0968 -0.0867 20.9895037 105.5613794 20190810115633 
1 0.2557 -0.2364 -0.6739 20.9895037 105.5613794 20190810115633 
1 0.0922 -0.0759 -0.2066 20.9895037 105.5613794 20190810115633 
1 0.1054 -0.2159 -0.3279 20.9895037 105.5613794 20190810115633 
1 0.1550 0.1033 -0.2368 20.9895037 105.5613794 20190810115633 
1 0.2409 -0.4320 -0.1504 20.9895037 105.5613794 20190810115633 
1 0.0670 0.0197 0.1339 20.9895037 105.5613794 20190810115633 
1 -0.0177 -0.0951 -0.2299 20.9895037 105.5613794 20190810115633 
1 0.0693 -0.1013 0.2551 20.9895037 105.5613794 20190810115633 
1 0.2089 -0.0532 0.2699 20.9895037 105.5613794 20190810115633 
1 0.1695 0.0388 0.1749 20.9895037 105.5613794 20190810115633 
1 -0.0636 0.0736 0.1203 20.9895037 105.5613794 20190810115633 
1 0.0313 -0.0028 0.3636 20.9894878 105.5615355 20190810115633 
1 0.1274 0.0564 0.3977 20.9894878 105.5615355 20190810115633 
1 0.1998 0.2026 0.6098 20.9894878 105.5615355 20190810115633 
1 -0.0731 0.0677 0.6469 20.9894878 105.5615355 20190810115633 
1 -0.0747 0.0628 1.0006 20.9894878 105.5615355 20190810115633 
1 0.0835 0.0122 0.6342 20.9894878 105.5615355 20190810115633 
1 0.0701 -0.2268 0.6126 20.9894878 105.5615355 20190810115633 
1 -0.0122 -0.1311 0.9396 20.9894878 105.5615355 20190810115633 
1 -0.0474 -0.0512 0.4955 20.9894878 105.5615355 20190810115633 
1 0.0505 -0.1436 0.7663 20.9894878 105.5615355 20190810115633 
1 0.1914 -0.1221 0.4493 20.9894878 105.5615355 20190810115633 
1 0.1392 0.0826 0.0243 20.9894878 105.5615355 20190810115633 
1 0.0443 -0.4137 0.3525 20.9894878 105.5615355 20190810115633 
1 0.0004 0.1379 0.8960 20.9894878 105.5615355 20190810115633 
1 0.2981 -0.2652 -0.2457 20.9894878 105.5615355 20190810115633 
1 0.2309 -0.2476 0.1656 20.9894878 105.5615355 20190810115633 
1 -0.0377 -0.1078 0.1964 20.9894878 105.5615355 20190810115633 
1 0.1588 -0.2028 -0.2703 20.9894878 105.5615355 20190810115633 
1 0.1766 -0.0215 -0.1832 20.9894878 105.5615355 20190810115633 
1 0.2411 -0.1068 -0.4476 20.9894878 105.5615355 20190810115633 
1 0.0760 0.0857 -0.6577 20.9894878 105.5615355 20190810115633 
1 0.0893 -0.0914 -0.5553 20.9894878 105.5615355 20190810115633 
1 0.2345 -0.0068 -0.5332 20.9894878 105.5615355 20190810115633 
1 0.1308 0.0152 -0.7981 20.9894878 105.5615355 20190810115633 
1 0.0075 0.0823 -0.2709 20.9894878 105.5615355 20190810115633 
1 0.0234 -0.0055 -0.1865 20.9894878 105.5615355 20190810115633 
1 0.0705 0.0602 -0.3133 20.9894878 105.5615355 20190810115633 
1 0.1007 -0.0264 -0.2686 20.9894878 105.5615355 20190810115633 
1 0.0161 -0.1747 -0.1974 20.9894878 105.5615355 20190810115634 
1 -0.1090 0.1698 -0.0004 20.9894878 105.5615355 20190810115634 
1 -0.1176 -0.0325 0.3438 20.9894878 105.5615355 20190810115634 
1 -0.1772 0.0207 0.3704 20.9894878 105.5615355 20190810115634 
1 -0.0090 0.0476 0.7552 20.9894878 105.5615355 20190810115634 
1 -0.1025 -0.0965 0.9446 20.9894878 105.5615355 20190810115634 
1 -0.1630 -0.0334 1.0548 20.9894878 105.5615355 20190810115634 
1 -0.0306 -0.2803 0.8660 20.9894878 105.5615355 20190810115634 
1 -0.1362 -0.2092 1.1801 20.9894878 105.5615355 20190810115634 
1 -0.1618 -0.3738 1.0734 20.9894878 105.5615355 20190810115634 
1 -0.0575 -0.1711 1.3219 20.9894878 105.5615355 20190810115634 
1 -0.0705 -0.1522 1.4998 20.9894878 105.5615355 20190810115634 
1 0.1298 -0.0918 0.6756 20.9894878 105.5615355 20190810115634 
1 -0.0315 -0.3764 0.6108 20.9894878 105.5615355 20190810115634 
1 -0.0432 -0.0787 1.0581 20.9894878 105.5615355 20190810115634 
1 0.1797 0.0220 0.2471 20.9894878 105.5615355 20190810115634 
1 0.1974 -0.3224 -0.4371 20.9894878 105.5615355 20190810115634 
1 0.1715 0.0460 0.1223 20.9894878 105.5615355 20190810115634 
1 0.2618 -0.1344 -0.8960 20.9894878 105.5615355 20190810115634 
1 0.2656 -0.0098 -1.1608 20.9894878 105.5615355 20190810115634 
1 -0.1783 -0.0622 -0.2523 20.9894758 105.5616829 20190810115634 
1 -0.0252 -0.4227 -0.2208 20.9894758 105.5616829 20190810115634 
1 1.2005 0.1815 -3.2384 20.9894758 105.5616829 20190810115634 
1 -0.7671 -0.3494 0.9460 20.9894758 105.5616829 20190810115634 
1 0.0813 0.1844 -0.2723 20.9894758 105.5616829 20190810115634 
1 0.7673 0.1562 -3.0507 20.9894758 105.5616829 20190810115634 
1 -0.0885 0.3074 -1.9292 20.9894758 105.5616829 20190810115634 
1 -0.5881 -0.4524 -1.4641 20.9894758 105.5616829 20190810115634 
1 0.3470 1.0088 -2.1711 20.9894758 105.5616829 20190810115634 
1 -0.1051 0.0343 0.1203 20.9894758 105.5616829 20190810115634 
1 0.3879 -0.8996 -0.6051 20.9894758 105.5616829 20190810115634 
1 -0.1405 -0.2700 -1.2289 20.9894758 105.5616829 20190810115634 
1 -0.0911 0.8582 0.5824 20.9894758 105.5616829 20190810115634 
1 -0.0628 -0.8732 -0.0746 20.9894758 105.5616829 20190810115634 
1 0.0897 0.0075 -0.1130 20.9894758 105.5616829 20190810115634 
1 -0.1713 0.2209 0.3191 20.9894758 105.5616829 20190810115634 
1 0.3622 -0.0478 -0.8219 20.9894758 105.5616829 20190810115634 
1 -0.2817 -0.0945 0.7334 20.9894758 105.5616829 20190810115634 
1 0.3625 0.3296 0.8885 20.9894758 105.5616829 20190810115634 
1 0.2129 -0.4996 0.2036 20.9894758 105.5616829 20190810115634 
1 0.2145 0.1149 0.2724 20.9894758 105.5616829 20190810115634 
1 -0.0709 -0.1799 0.9300 20.9894758 105.5616829 20190810115634 
1 0.0010 -0.1312 0.8050 20.9894758 105.5616829 20190810115634 
1 0.1511 -0.2192 0.1424 20.9894758 105.5616829 20190810115634 
1 0.3078 0.0747 0.0520 20.9894758 105.5616829 20190810115634 
1 0.0334 -0.1845 -0.3802 20.9894758 105.5616829 20190810115634 
1 0.1399 0.2836 -0.4449 20.9894758 105.5616829 20190810115634 
1 0.0829 -0.2405 -0.8271 20.9894758 105.5616829 20190810115634 
1 0.1716 0.1864 -0.4625 20.9894758 105.5616829 20190810115634 
1 0.2188 0.0352 -0.4714 20.9894758 105.5616829 20190810115634 
1 0.0622 -0.0896 -0.2414 20.9894758 105.5616829 20190810115634 
1 0.1256 0.0409 -0.0889 20.9894758 105.5616829 20190810115635 
1 0.0183 0.0854 -0.2056 20.9894758 105.5616829 20190810115635 
1 0.1255 -0.0607 -0.1998 20.9894758 105.5616829 20190810115635 
1 0.0708 0.0978 -0.1655 20.9894758 105.5616829 20190810115635 
1 0.2298 -0.2072 -0.2016 20.9894758 105.5616829 20190810115635 
1 0.0322 -0.1008 -0.0416 20.9894758 105.5616829 20190810115635 
1 0.0630 -0.1528 -0.3215 20.9894758 105.5616829 20190810115635 
1 0.1271 -0.0783 -0.0961 20.9894758 105.5616829 20190810115635 
1 0.1577 -0.0987 0.1634 20.9894758 105.5616829 20190810115635 
1 0.1274 -0.0779 0.0422 20.9894758 105.5616829 20190810115635 
1 0.0370 -0.0735 0.2071 20.9894758 105.5616829 20190810115635 
1 0.0621 -0.0242 0.0548 20.9894758 105.5616829 20190810115635 
1 0.1707 -0.0841 0.2202 20.9894758 105.5616829 20190810115635 
1 0.1613 -0.3055 -0.0177 20.9894758 105.5616829 20190810115635 
1 0.1267 0.1870 -0.2694 20.9894758 105.5616829 20190810115635 
1 0.1000 -0.2221 -0.5053 20.9894758 105.5616829 20190810115635 
1 0.0562 -0.0107 0.1626 20.9894758 105.5616829 20190810115635 
1 0.1598 -0.1935 -0.0704 20.9894758 105.5616829 20190810115635 
1 0.2743 0.1188 -0.3214 20.9894758 105.5616829 20190810115635 
1 -0.0684 -0.1422 -0.0891 20.9894758 105.5616829 20190810115635 
1 -0.0814 0.1160 0.2138 20.9894758 105.5616829 20190810115635 
1 0.0683 -0.0665 0.0418 20.9894572 105.5618312 20190810115635 
1 0.2017 0.0063 0.0104 20.9894572 105.5618312 20190810115635 
1 0.1127 0.1517 0.0068 20.9894572 105.5618312 20190810115635 
1 0.0639 -0.2834 -0.0738 20.9894572 105.5618312 20190810115635 
1 0.0533 0.0811 0.5611 20.9894572 105.5618312 20190810115635 
1 0.2071 -0.0381 0.1390 20.9894572 105.5618312 20190810115635 
1 0.2242 0.1922 0.1309 20.9894572 105.5618312 20190810115635 
1 0.1272 0.0589 -0.1431 20.9894572 105.5618312 20190810115635 
1 0.1450 0.1032 -0.0084 20.9894572 105.5618312 20190810115635 
1 0.0877 0.0426 0.1115 20.9894572 105.5618312 20190810115635 
1 0.4439 -0.0169 -0.4298 20.9894572 105.5618312 20190810115635 
1 0.2761 0.2264 -0.5433 20.9894572 105.5618312 20190810115635 
1 0.0367 0.1565 -0.3363 20.9894572 105.5618312 20190810115635 
1 -0.1574 0.0853 0.1054 20.9894572 105.5618312 20190810115635 
1 0.4348 0.1094 -0.2712 20.9894572 105.5618312 20190810115635 
1 0.4691 0.1978 -0.8715 20.9894572 105.5618312 20190810115635 
1 -0.6145 -0.2673 0.5617 20.9894572 105.5618312 20190810115635 
1 -0.0215 0.0939 -0.3656 20.9894572 105.5618312 20190810115635 
1 -0.0512 0.6280 -0.0313 20.9894572 105.5618312 20190810115635 
1 0.2211 0.0126 -0.9965 20.9894572 105.5618312 20190810115635 
1 -0.1612 0.1796 0.3003 20.9894572 105.5618312 20190810115635 
1 0.0362 0.1377 0.4185 20.9894572 105.5618312 20190810115635 
1 0.0615 0.0688 1.2801 20.9894572 105.5618312 20190810115635 
1 0.5299 -0.8726 -0.2441 20.9894572 105.5618312 20190810115635 
1 0.1014 0.6547 0.9346 20.9894572 105.5618312 20190810115635 
1 -0.0472 -0.3565 0.4750 20.9894572 105.5618312 20190810115635 
1 0.0033 0.3178 1.3225 20.9894572 105.5618312 20190810115636 
1 0.4196 0.2723 1.3631 20.9894572 105.5618312 20190810115636 
1 0.3550 0.2875 -0.7261 20.9894572 105.5618312 20190810115636 
1 -0.0984 -0.3499 -0.2678 20.9894572 105.5618312 20190810115636 
1 0.0575 0.1347 0.0232 20.9894572 105.5618312 20190810115636 
1 0.1623 -0.0474 -0.5447 20.9894572 105.5618312 20190810115636 
1 0.1840 0.0534 -0.5067 20.9894572 105.5618312 20190810115636 
1 -0.0235 -0.0292 0.0202 20.9894572 105.5618312 20190810115636 
1 0.1257 -0.1595 -0.5700 20.9894572 105.5618312 20190810115636 
1 0.0024 -0.0572 -0.1811 20.9894572 105.5618312 20190810115636 
1 0.0145 0.0193 -0.1992 20.9894572 105.5618312 20190810115636 
1 0.2219 -0.0211 -0.2828 20.9894572 105.5618312 20190810115636 
1 0.1013 0.0377 -0.0676 20.9894572 105.5618312 20190810115636 
1 0.0018 -0.0839 0.1149 20.9894572 105.5618312 20190810115636 
1 0.0021 -0.0091 -0.0173 20.9894572 105.5618312 20190810115636 
1 0.2911 -0.0454 -0.0567 20.9894572 105.5618312 20190810115636 
1 0.1143 0.0560 0.0377 20.9894572 105.5618312 20190810115636 
1 0.0076 -0.0531 0.4140 20.9894572 105.5618312 20190810115636 
1 0.0901 -0.0579 0.1222 20.9894572 105.5618312 20190810115636 
1 0.0918 0.2181 0.1271 20.9894572 105.5618312 20190810115636 
1 0.0052 -0.0100 0.1801 20.9894572 105.5618312 20190810115636 
1 0.2046 0.0864 0.3012 20.9894572 105.5618312 20190810115636 
1 0.1808 -0.1970 -0.1738 20.9894572 105.5618312 20190810115636 
1 -0.0050 0.2741 -0.0890 20.9894557 105.5619812 20190810115636 
1 -0.0455 0.1138 -0.4654 20.9894557 105.5619812 20190810115636 
1 0.0026 0.1193 0.7046 20.9894557 105.5619812 20190810115636 
1 0.2960 0.0314 0.0692 20.9894557 105.5619812 20190810115636 
1 0.0556 -0.0916 -0.1496 20.9894557 105.5619812 20190810115636 
1 -0.0245 0.2148 0.3502 20.9894557 105.5619812 20190810115636 
1 0.0695 -0.0152 -0.0558 20.9894557 105.5619812 20190810115636 
1 0.1369 0.0201 -0.3218 20.9894557 105.5619812 20190810115636 
1 0.1189 0.2791 -0.0313 20.9894557 105.5619812 20190810115636 
1 0.0857 0.2102 -0.2961 20.9894557 105.5619812 20190810115636 
1 0.1254 -0.2206 -0.0803 20.9894557 105.5619812 20190810115636 
1 0.0773 0.0703 0.0292 20.9894557 105.5619812 20190810115636 
1 0.1639 0.0110 -0.0397 20.9894557 105.5619812 20190810115636 
1 0.0252 0.0852 0.0857 20.9894557 105.5619812 20190810115636 
1 0.1230 0.1093 -0.1214 20.9894557 105.5619812 20190810115636 
1 0.0219 0.1470 -0.0408 20.9894557 105.5619812 20190810115636 
1 0.0684 0.0179 0.1566 20.9894557 105.5619812 20190810115636 
1 0.0223 0.1970 0.1178 20.9894557 105.5619812 20190810115636 
1 0.0953 0.0327 -0.0863 20.9894557 105.5619812 20190810115636 
1 0.0498 0.0249 -0.0013 20.9894557 105.5619812 20190810115636 
1 -0.0130 0.1015 0.0350 20.9894557 105.5619812 20190810115636 
1 0.0563 0.0353 -0.0328 20.9894557 105.5619812 20190810115636 
1 0.1954 -0.0353 0.0098 20.9894557 105.5619812 20190810115636 
1 0.1899 0.1266 0.0869 20.9894557 105.5619812 20190810115636 
1 0.0493 0.1595 0.0193 20.9894557 105.5619812 20190810115636 
1 0.1459 0.0451 -0.2503 20.9894557 105.5619812 20190810115636 
1 0.1072 0.2258 -0.0532 20.9894557 105.5619812 20190810115636 
1 0.3170 -0.0671 -0.0112 20.9894557 105.5619812 20190810115637 
1 0.1613 0.0013 -0.0741 20.9894557 105.5619812 20190810115637 
1 0.0025 -0.1208 -0.1543 20.9894557 105.5619812 20190810115637 
1 0.3573 0.2078 -1.1507 20.9894557 105.5619812 20190810115637 
1 -0.1832 -0.6059 -0.3694 20.9894557 105.5619812 20190810115637 
1 0.4286 0.4260 -0.9330 20.9894557 105.5619812 20190810115637 
1 0.2445 0.3044 -1.5965 20.9894557 105.5619812 20190810115637 
1 -0.5405 -0.7033 0.4533 20.9894557 105.5619812 20190810115637 
1 0.3833 0.4587 -0.7457 20.9894557 105.5619812 20190810115637 
1 0.3157 -0.4640 -1.5754 20.9894557 105.5619812 20190810115637 
1 -0.2621 0.3302 0.7855 20.9894557 105.5619812 20190810115637 
1 0.1869 -0.7526 -1.0353 20.9894557 105.5619812 20190810115637 
1 0.2421 0.4178 -0.4189 20.9894557 105.5619812 20190810115637 
1 0.0885 0.0725 0.0274 20.9894557 105.5619812 20190810115637 
1 0.1457 -0.7039 -0.8695 20.9894557 105.5619812 20190810115637 
1 -0.3706 1.3690 1.6740 20.9894557 105.5619812 20190810115637 
1 0.3377 -1.2254 0.0379 20.9894557 105.5619812 20190810115637 
1 0.0487 0.6649 -0.4132 20.9894557 105.5619812 20190810115637 
1 -0.1115 -0.0229 -0.0844 20.9894557 105.5619812 20190810115637 
1 0.3098 -0.2149 0.3037 20.9894557 105.5619812 20190810115637 
1 -0.1104 0.0201 0.2362 20.9894393 105.5621364 20190810115637 
1 0.1437 0.4729 0.6091 20.9894393 105.5621364 20190810115637 
1 0.2331 0.0095 0.4262 20.9894393 105.5621364 20190810115637 
1 -0.2611 0.0580 0.4013 20.9894393 105.5621364 20190810115637 
1 -0.0691 0.1226 1.2018 20.9894393 105.5621364 20190810115637 
1 -0.0103 -0.3130 1.2350 20.9894393 105.5621364 20190810115637 
1 -0.1268 -0.1960 0.7149 20.9894393 105.5621364 20190810115637 
1 -0.2360 0.1581 1.2230 20.9894393 105.5621364 20190810115637 
1 -0.0360 -0.3802 0.6528 20.9894393 105.5621364 20190810115637 
1 -0.1869 0.3707 0.8071 20.9894393 105.5621364 20190810115637 
1 -0.1153 0.1645 0.9434 20.9894393 105.5621364 20190810115637 
1 0.0494 -0.0736 1.2651 20.9894393 105.5621364 20190810115637 
1 -0.1497 0.0312 1.7409 20.9894393 105.5621364 20190810115637 
1 -0.0904 -0.0033 1.6771 20.9894393 105.5621364 20190810115637 
1 0.0842 -0.0683 1.4516 20.9894393 105.5621364 20190810115637 
1 -0.1291 0.0230 1.7974 20.9894393 105.5621364 20190810115637 
1 0.0634 0.2584 1.0743 20.9894393 105.5621364 20190810115637 
1 0.0026 -0.2395 0.7885 20.9894393 105.5621364 20190810115637 
1 0.0043 0.0681 0.9682 20.9894393 105.5621364 20190810115637 
1 -0.0113 0.2612 0.4736 20.9894393 105.5621364 20190810115637 
1 0.0286 -0.2241 0.4167 20.9894393 105.5621364 20190810115637 
1 0.0609 0.3458 0.4776 20.9894393 105.5621364 20190810115637 
1 0.0091 -0.1538 -0.3318 20.9894393 105.5621364 20190810115637 
1 -0.1376 0.0100 -0.0866 20.9894393 105.5621364 20190810115637 
1 0.0840 -0.0977 0.0639 20.9894393 105.5621364 20190810115637 
1 -0.0649 -0.2749 -0.1746 20.9894393 105.5621364 20190810115637 
1 -0.0949 -0.1606 -0.2428 20.9894393 105.5621364 20190810115637 
1 -0.0631 -0.2363 -0.2772 20.9894393 105.5621364 20190810115637 
1 -0.0720 -0.0066 -0.1001 20.9894393 105.5621364 20190810115637 
1 -0.0002 -0.3530 -0.4712 20.9894393 105.5621364 20190810115637 
1 -0.3023 0.1055 -0.6960 20.9894393 105.5621364 20190810115637 
1 0.1196 -0.0129 -0.1159 20.9894393 105.5621364 20190810115638 
1 0.0695 -0.2440 1.3381 20.9894393 105.5621364 20190810115638 
1 -0.5176 -0.1334 0.0589 20.9894393 105.5621364 20190810115638 
1 0.1065 0.3144 -1.6499 20.9894393 105.5621364 20190810115638 
1 -0.1054 -0.2862 -0.1342 20.9894393 105.5621364 20190810115638 
