1000
1 0.8627 -0.0874 -3.4805 21.0083164 105.7531989 20190810121647 ;
1 -0.5151 0.1294 -4.0597 21.0083164 105.7531989 20190810121647 ;
1 0.8842 -0.2181 -2.4518 21.0083164 105.7531989 20190810121647 ;
1 0.0874 0.2977 -1.3263 21.0083164 105.7531989 20190810121647 ;
1 -0.0943 0.3597 -1.9388 21.0083164 105.7531989 20190810121647 ;
1 0.2456 -0.1597 -1.1768 21.0083164 105.7531989 20190810121647 ;
1 -0.1902 0.3025 0.3604 21.0083164 105.7531989 20190810121647 ;
1 -0.2662 0.4640 0.9179 21.0083164 105.7531989 20190810121647 ;
1 -0.2162 0.0045 1.5983 21.0083164 105.7531989 20190810121647 ;
1 -0.1393 0.3898 2.6291 21.0083164 105.7531989 20190810121647 ;
1 -0.1455 0.1538 2.7367 21.0083164 105.7531989 20190810121647 ;
1 -0.3930 0.3652 3.8337 21.0083164 105.7531989 20190810121647 ;
1 0.0969 0.2860 3.8453 21.0083164 105.7531989 20190810121647 ;
1 0.2263 -0.2541 3.9615 21.0083164 105.7531989 20190810121647 ;
1 -0.0282 0.2577 4.6541 21.0083164 105.7531989 20190810121647 ;
1 0.2378 0.0604 4.3489 21.0083164 105.7531989 20190810121647 ;
1 0.4964 -0.0835 4.0452 21.0083164 105.7531989 20190810121647 ;
1 0.2815 0.2087 3.2029 21.0083164 105.7531989 20190810121647 ;
1 0.3440 0.0128 2.3737 21.0083164 105.7531989 20190810121647 ;
1 0.3993 0.0607 1.4518 21.0083164 105.7531989 20190810121647 ;
1 0.2565 -0.0340 0.3753 21.0083164 105.7531989 20190810121647 ;
1 0.2570 -0.1934 0.1975 21.0083164 105.7531989 20190810121647 ;
1 0.3737 0.0024 -0.5145 21.0083164 105.7531989 20190810121647 ;
1 0.3229 0.0997 -1.4706 21.0083164 105.7531989 20190810121647 ;
1 0.2328 -0.0543 -1.2591 21.0082923 105.7533707 20190810121647 ;
1 0.3135 -0.0827 -1.1403 21.0082923 105.7533707 20190810121647 ;
1 0.2294 -0.0552 -1.6735 21.0082923 105.7533707 20190810121647 ;
1 0.1964 -0.1057 -1.4698 21.0082923 105.7533707 20190810121647 ;
1 0.1629 -0.1425 -1.0727 21.0082923 105.7533707 20190810121647 ;
1 0.2071 -0.1841 -1.4184 21.0082923 105.7533707 20190810121647 ;
1 0.2100 -0.1381 -1.5845 21.0082923 105.7533707 20190810121647 ;
1 0.1824 -0.2925 -1.0907 21.0082923 105.7533707 20190810121647 ;
1 0.1206 -0.1473 -0.7007 21.0082923 105.7533707 20190810121647 ;
1 0.2004 -0.3220 -0.9013 21.0082923 105.7533707 20190810121647 ;
1 0.1351 -0.4110 -0.3592 21.0082923 105.7533707 20190810121647 ;
1 0.1798 -0.2682 0.0581 21.0082923 105.7533707 20190810121647 ;
1 0.1573 -0.3165 0.3561 21.0082923 105.7533707 20190810121647 ;
1 0.0560 -0.3043 0.2920 21.0082923 105.7533707 20190810121647 ;
1 0.1669 -0.4361 0.4576 21.0082923 105.7533707 20190810121647 ;
1 0.1235 -0.5172 0.5593 21.0082923 105.7533707 20190810121647 ;
1 0.1898 -0.3858 0.6179 21.0082923 105.7533707 20190810121647 ;
1 0.1641 -0.4995 0.8171 21.0082923 105.7533707 20190810121647 ;
1 0.2150 -0.5711 0.6954 21.0082923 105.7533707 20190810121648 ;
1 0.0114 -0.3376 1.0442 21.0082923 105.7533707 20190810121648 ;
1 0.2022 -0.3015 0.7212 21.0082923 105.7533707 20190810121648 ;
1 0.2614 -0.4817 0.8911 21.0082923 105.7533707 20190810121648 ;
1 0.1237 -0.5850 0.9033 21.0082923 105.7533707 20190810121648 ;
1 0.1261 -0.1707 0.8508 21.0082923 105.7533707 20190810121648 ;
1 -0.2261 -0.3048 -0.1713 21.0082923 105.7533707 20190810121648 ;
1 0.4917 -0.3059 -0.3565 21.0082923 105.7533707 20190810121648 ;
1 -0.0773 -0.3782 0.9824 21.0082923 105.7533707 20190810121648 ;
1 0.2094 -0.3363 0.6299 21.0082923 105.7533707 20190810121648 ;
1 0.0818 -0.1715 0.0032 21.0082923 105.7533707 20190810121648 ;
1 0.1055 -0.3841 0.2380 21.0082923 105.7533707 20190810121648 ;
1 0.1686 -0.1564 0.5849 21.0082923 105.7533707 20190810121648 ;
1 0.0095 -0.3470 0.1776 21.0082923 105.7533707 20190810121648 ;
1 0.0281 -0.2595 0.5896 21.0082923 105.7533707 20190810121648 ;
1 0.1602 -0.4007 0.2795 21.0082923 105.7533707 20190810121648 ;
1 0.2141 -0.1967 -0.0219 21.0082923 105.7533707 20190810121648 ;
1 -0.0064 -0.2333 0.4582 21.0082923 105.7533707 20190810121648 ;
1 0.0694 -0.4476 0.3727 21.0082923 105.7533707 20190810121648 ;
1 0.1089 -0.3503 0.5621 21.0082923 105.7533707 20190810121648 ;
1 0.2290 -0.2763 0.4345 21.0082923 105.7533707 20190810121648 ;
1 0.1489 -0.2498 0.1050 21.0082923 105.7533707 20190810121648 ;
1 -0.0054 -0.3937 0.3043 21.0082923 105.7533707 20190810121648 ;
1 0.3452 -0.5701 -0.0394 21.0082923 105.7533707 20190810121648 ;
1 0.2232 -0.0442 0.0345 21.0082923 105.7533707 20190810121648 ;
1 0.3419 -0.4923 -0.0176 21.0082923 105.7533707 20190810121648 ;
1 0.0130 -0.2002 -0.0753 21.0082923 105.7533707 20190810121648 ;
1 -0.0269 -0.0384 -0.0516 21.0082923 105.7533707 20190810121648 ;
1 0.0907 -0.2359 -0.2103 21.0082923 105.7533707 20190810121648 ;
1 -0.0262 -0.1344 0.0957 21.0082923 105.7533707 20190810121648 ;
1 0.1250 -0.4021 -0.4370 21.0082923 105.7533707 20190810121648 ;
1 0.2050 -0.1172 -0.5082 21.0082923 105.7533707 20190810121648 ;
1 -0.0562 -0.1695 -0.2270 21.0082923 105.7533707 20190810121648 ;
1 -0.0273 -0.1232 0.1665 21.0082923 105.7533707 20190810121648 ;
1 0.1246 -0.2636 -0.0315 21.008262 105.7535424 20190810121648 ;
1 0.0391 0.0110 0.1698 21.008262 105.7535424 20190810121648 ;
1 -0.0251 -0.0860 0.3857 21.008262 105.7535424 20190810121648 ;
1 -0.0916 -0.0921 0.3098 21.008262 105.7535424 20190810121648 ;
1 -0.0020 0.1166 0.2539 21.008262 105.7535424 20190810121648 ;
1 0.0024 -0.3494 0.1102 21.008262 105.7535424 20190810121648 ;
1 -0.1117 0.5604 0.6400 21.008262 105.7535424 20190810121648 ;
1 0.1151 -0.7293 0.1105 21.008262 105.7535424 20190810121648 ;
1 0.0039 0.2848 0.5443 21.008262 105.7535424 20190810121648 ;
1 -0.0520 0.0292 0.2136 21.008262 105.7535424 20190810121648 ;
1 0.1207 -0.2835 0.0944 21.008262 105.7535424 20190810121648 ;
1 -0.1457 0.1044 0.4716 21.008262 105.7535424 20190810121648 ;
1 0.1574 -0.2202 0.0167 21.008262 105.7535424 20190810121648 ;
1 -0.0087 0.0199 -0.2390 21.008262 105.7535424 20190810121648 ;
1 -0.0352 -0.1338 0.0440 21.008262 105.7535424 20190810121648 ;
1 -0.0037 -0.0263 0.3517 21.008262 105.7535424 20190810121648 ;
1 0.1876 -0.0583 0.1004 21.008262 105.7535424 20190810121649 ;
1 0.0713 -0.3457 -0.4294 21.008262 105.7535424 20190810121649 ;
1 -0.0285 0.2356 -0.0604 21.008262 105.7535424 20190810121649 ;
1 0.0015 -0.1642 0.0718 21.008262 105.7535424 20190810121649 ;
1 0.0346 -0.0781 -0.3936 21.008262 105.7535424 20190810121649 ;
1 0.1040 -0.2270 -0.3855 21.008262 105.7535424 20190810121649 ;
1 0.0159 0.0392 0.0430 21.008262 105.7535424 20190810121649 ;
1 0.0910 -0.0848 -0.0934 21.008262 105.7535424 20190810121649 ;
1 0.0472 -0.1967 -0.5042 21.008262 105.7535424 20190810121649 ;
1 -0.0696 -0.1105 -0.2617 21.008262 105.7535424 20190810121649 ;
1 -0.0843 -0.0768 0.2049 21.008262 105.7535424 20190810121649 ;
1 0.0461 -0.2139 -0.0289 21.008262 105.7535424 20190810121649 ;
1 0.0357 -0.2639 -0.1509 21.008262 105.7535424 20190810121649 ;
1 0.1008 0.1184 -0.3534 21.008262 105.7535424 20190810121649 ;
1 0.2291 -0.3522 -0.5529 21.008262 105.7535424 20190810121649 ;
1 0.0584 -0.1282 -0.3196 21.008262 105.7535424 20190810121649 ;
1 0.1130 -0.1365 -0.3808 21.008262 105.7535424 20190810121649 ;
1 0.3805 -0.5028 -0.3177 21.008262 105.7535424 20190810121649 ;
1 0.0679 0.0185 0.0239 21.008262 105.7535424 20190810121649 ;
1 -0.0680 -0.0938 0.1338 21.008262 105.7535424 20190810121649 ;
1 0.1452 -0.1188 -0.8583 21.008262 105.7535424 20190810121649 ;
1 0.1072 0.1209 -1.1473 21.008262 105.7535424 20190810121649 ;
1 -0.0793 -0.1994 -1.0812 21.008262 105.7535424 20190810121649 ;
1 0.1037 0.0084 -0.7529 21.008262 105.7535424 20190810121649 ;
1 -0.1421 -0.0801 -0.3659 21.008262 105.7535424 20190810121649 ;
1 0.0159 -0.0490 -0.4539 21.008262 105.7535424 20190810121649 ;
1 0.1063 0.2328 -0.1576 21.008262 105.7535424 20190810121649 ;
1 0.0355 0.1015 0.2666 21.008262 105.7535424 20190810121649 ;
1 -0.0883 0.0668 0.3594 21.008262 105.7535424 20190810121649 ;
1 -0.0981 0.2161 0.5046 21.008262 105.7535424 20190810121649 ;
1 0.1297 0.0911 0.5000 21.008262 105.7535424 20190810121649 ;
1 -0.0161 -0.4669 0.8755 21.008262 105.7535424 20190810121649 ;
1 -0.0878 0.4251 1.0364 21.0082287 105.7537173 20190810121649 ;
1 0.0914 -0.3507 0.0419 21.0082287 105.7537173 20190810121649 ;
1 0.0376 0.1983 0.5069 21.0082287 105.7537173 20190810121649 ;
1 0.0750 -0.2543 0.5603 21.0082287 105.7537173 20190810121649 ;
1 -0.0583 0.0707 0.6918 21.0082287 105.7537173 20190810121649 ;
1 -0.0241 -0.1787 0.5984 21.0082287 105.7537173 20190810121649 ;
1 0.1983 -0.3953 0.1468 21.0082287 105.7537173 20190810121649 ;
1 -0.1597 0.2625 0.3461 21.0082287 105.7537173 20190810121649 ;
1 -0.0099 -0.5360 0.1580 21.0082287 105.7537173 20190810121649 ;
1 0.0050 -0.1278 0.1254 21.0082287 105.7537173 20190810121649 ;
1 -0.1484 -0.0756 -0.1124 21.0082287 105.7537173 20190810121649 ;
1 0.0602 -0.2517 -0.1788 21.0082287 105.7537173 20190810121649 ;
1 -0.1416 -0.0156 0.2571 21.0082287 105.7537173 20190810121649 ;
1 -0.0177 -0.1019 0.0145 21.0082287 105.7537173 20190810121649 ;
1 -0.0674 0.1190 0.1469 21.0082287 105.7537173 20190810121650 ;
1 0.0224 -0.1665 0.2347 21.0082287 105.7537173 20190810121650 ;
1 -0.0654 0.0819 0.2780 21.0082287 105.7537173 20190810121650 ;
1 -0.0505 0.0706 0.1460 21.0082287 105.7537173 20190810121650 ;
1 -0.0487 -0.0583 -0.0115 21.0082287 105.7537173 20190810121650 ;
1 -0.0618 0.1045 0.0611 21.0082287 105.7537173 20190810121650 ;
1 -0.0359 -0.1663 0.2227 21.0082287 105.7537173 20190810121650 ;
1 -0.0003 0.1470 0.2721 21.0082287 105.7537173 20190810121650 ;
1 -0.0099 -0.0679 0.0380 21.0082287 105.7537173 20190810121650 ;
1 -0.1057 -0.0902 0.2534 21.0082287 105.7537173 20190810121650 ;
1 0.0106 0.0923 0.1044 21.0082287 105.7537173 20190810121650 ;
1 -0.0963 -0.2501 -0.2599 21.0082287 105.7537173 20190810121650 ;
1 -0.1215 0.0265 0.1457 21.0082287 105.7537173 20190810121650 ;
1 0.0196 -0.1873 -0.0682 21.0082287 105.7537173 20190810121650 ;
1 -0.0401 -0.1443 0.0817 21.0082287 105.7537173 20190810121650 ;
1 -0.0822 0.0760 0.2689 21.0082287 105.7537173 20190810121650 ;
1 -0.0152 -0.2376 -0.1635 21.0082287 105.7537173 20190810121650 ;
1 -0.0466 -0.0166 0.0541 21.0082287 105.7537173 20190810121650 ;
1 -0.0436 -0.1348 -0.0176 21.0082287 105.7537173 20190810121650 ;
1 -0.0416 -0.0022 -0.0973 21.0082287 105.7537173 20190810121650 ;
1 -0.1166 -0.2438 0.1480 21.0082287 105.7537173 20190810121650 ;
1 -0.0059 -0.0354 -0.0236 21.0082287 105.7537173 20190810121650 ;
1 -0.0096 -0.1064 -0.1885 21.0082287 105.7537173 20190810121650 ;
1 -0.0548 -0.0806 0.0036 21.0082287 105.7537173 20190810121650 ;
1 -0.0635 0.0725 0.1549 21.0082287 105.7537173 20190810121650 ;
1 0.0255 -0.1694 0.0977 21.0082287 105.7537173 20190810121650 ;
1 0.0490 0.0999 -0.1792 21.0082287 105.7537173 20190810121650 ;
1 -0.0265 -0.2010 -0.2890 21.0082287 105.7537173 20190810121650 ;
1 -0.0670 -0.1016 0.0638 21.0082287 105.7537173 20190810121650 ;
1 0.0413 -0.1281 -0.0760 21.0082287 105.7537173 20190810121650 ;
1 -0.0314 -0.1489 -0.1065 21.0082287 105.7537173 20190810121650 ;
1 -0.0704 0.0418 0.1364 21.0082287 105.7537173 20190810121650 ;
1 -0.0135 -0.3703 0.0988 21.0082287 105.7537173 20190810121650 ;
1 -0.0033 0.1197 -0.1162 21.0082287 105.7537173 20190810121650 ;
1 0.0374 -0.3003 -0.2843 21.0081878 105.7538952 20190810121650 ;
1 -0.0341 0.0508 -0.1032 21.0081878 105.7538952 20190810121650 ;
1 0.0121 -0.1066 0.0330 21.0081878 105.7538952 20190810121650 ;
1 -0.0194 -0.1461 -0.0316 21.0081878 105.7538952 20190810121650 ;
1 -0.0941 0.1415 0.0767 21.0081878 105.7538952 20190810121650 ;
1 0.0971 -0.4687 -0.1732 21.0081878 105.7538952 20190810121650 ;
1 -0.0417 0.1259 0.0906 21.0081878 105.7538952 20190810121650 ;
1 0.0688 -0.1072 -0.0253 21.0081878 105.7538952 20190810121650 ;
1 -0.0645 -0.0031 -0.0968 21.0081878 105.7538952 20190810121650 ;
1 0.0122 -0.0523 -0.0285 21.0081878 105.7538952 20190810121650 ;
1 0.0685 0.0275 -0.1201 21.0081878 105.7538952 20190810121650 ;
1 -0.0282 0.1948 -0.1791 21.0081878 105.7538952 20190810121650 ;
1 0.0173 -0.1878 -0.0858 21.0081878 105.7538952 20190810121650 ;
1 -0.0261 0.2419 -0.0924 21.0081878 105.7538952 20190810121650 ;
1 0.0877 -0.0359 -0.2085 21.0081878 105.7538952 20190810121650 ;
1 0.0084 0.0141 0.0284 21.0081878 105.7538952 20190810121650 ;
1 0.0345 0.1025 -0.1848 21.0081878 105.7538952 20190810121650 ;
1 -0.0442 0.0823 -0.1616 21.0081878 105.7538952 20190810121651 ;
1 -0.0061 0.1715 -0.2180 21.0081878 105.7538952 20190810121651 ;
1 0.0362 -0.1522 -0.5458 21.0081878 105.7538952 20190810121651 ;
1 0.0463 0.1530 -0.2795 21.0081878 105.7538952 20190810121651 ;
1 0.0354 0.2308 -0.2069 21.0081878 105.7538952 20190810121651 ;
1 -0.0133 0.1216 0.0733 21.0081878 105.7538952 20190810121651 ;
1 -0.0153 -0.0726 0.2121 21.0081878 105.7538952 20190810121651 ;
1 -0.0695 0.0723 0.0447 21.0081878 105.7538952 20190810121651 ;
1 0.0407 0.1818 -0.5722 21.0081878 105.7538952 20190810121651 ;
1 0.0872 -0.4312 -0.5759 21.0081878 105.7538952 20190810121651 ;
1 -0.1665 0.0051 0.1941 21.0081878 105.7538952 20190810121651 ;
1 -0.0692 0.0251 0.3970 21.0081878 105.7538952 20190810121651 ;
1 0.0749 -0.1168 0.2400 21.0081878 105.7538952 20190810121651 ;
1 0.0026 -0.1394 0.3025 21.0081878 105.7538952 20190810121651 ;
1 -0.0240 -0.2353 0.1004 21.0081878 105.7538952 20190810121651 ;
1 -0.1404 -0.2152 0.1759 21.0081878 105.7538952 20190810121651 ;
1 0.0764 -0.2812 -0.1605 21.0081878 105.7538952 20190810121651 ;
1 -0.0922 0.0818 0.2688 21.0081878 105.7538952 20190810121651 ;
1 -0.0743 -0.3560 0.5276 21.0081878 105.7538952 20190810121651 ;
1 0.0008 0.0804 0.3483 21.0081878 105.7538952 20190810121651 ;
1 -0.0434 -0.1815 -0.0585 21.0081878 105.7538952 20190810121651 ;
1 -0.0957 -0.1240 0.0974 21.0081878 105.7538952 20190810121651 ;
1 -0.1504 0.0586 0.5871 21.0081878 105.7538952 20190810121651 ;
1 -0.0547 -0.2462 0.2907 21.0081878 105.7538952 20190810121651 ;
1 -0.0413 0.1826 0.5732 21.0081878 105.7538952 20190810121651 ;
1 -0.0818 0.2149 0.4507 21.0081878 105.7538952 20190810121651 ;
1 -0.0369 -0.0832 0.4182 21.0081878 105.7538952 20190810121651 ;
1 0.0141 0.1437 0.4441 21.0081878 105.7538952 20190810121651 ;
1 -0.0998 0.1932 0.1659 21.0081878 105.7538952 20190810121651 ;
1 0.0779 -0.0210 0.2636 21.0081878 105.7538952 20190810121651 ;
1 -0.0333 -0.0165 0.4604 21.0081878 105.7538952 20190810121651 ;
1 0.0465 0.2744 0.0687 21.0081878 105.7538952 20190810121651 ;
1 0.0835 -0.2001 -0.3729 21.0081878 105.7538952 20190810121651 ;
1 -0.1506 0.0632 0.0357 21.0081878 105.7538952 20190810121651 ;
1 -0.0659 0.2243 -0.0595 21.0081536 105.7540764 20190810121651 ;
1 0.1133 -0.3374 -0.5159 21.0081536 105.7540764 20190810121651 ;
1 -0.0545 0.3651 -0.3085 21.0081536 105.7540764 20190810121651 ;
1 -0.0041 -0.0362 -0.4191 21.0081536 105.7540764 20190810121651 ;
1 -0.0866 0.0960 0.0375 21.0081536 105.7540764 20190810121651 ;
1 0.0119 0.0795 -0.0317 21.0081536 105.7540764 20190810121651 ;
1 0.0144 0.1242 -0.1450 21.0081536 105.7540764 20190810121651 ;
1 -0.0536 0.1856 0.1811 21.0081536 105.7540764 20190810121651 ;
1 -0.0477 -0.0381 -0.0675 21.0081536 105.7540764 20190810121651 ;
1 -0.0910 0.0314 -0.2081 21.0081536 105.7540764 20190810121651 ;
1 -0.0177 -0.2617 -0.1147 21.0081536 105.7540764 20190810121651 ;
1 -0.0913 -0.0027 0.2782 21.0081536 105.7540764 20190810121651 ;
1 0.1125 -0.2432 -0.1155 21.0081536 105.7540764 20190810121651 ;
1 -0.0742 -0.1228 0.3180 21.0081536 105.7540764 20190810121651 ;
1 -0.1035 0.0837 0.3053 21.0081536 105.7540764 20190810121651 ;
1 0.0570 -0.4773 -0.1952 21.0081536 105.7540764 20190810121652 ;
1 0.0162 -0.2100 0.2595 21.0081536 105.7540764 20190810121652 ;
1 -0.0663 -0.1278 -0.0270 21.0081536 105.7540764 20190810121652 ;
1 -0.0982 -0.0486 0.1567 21.0081536 105.7540764 20190810121652 ;
1 -0.0206 -0.3937 -0.0258 21.0081536 105.7540764 20190810121652 ;
1 -0.0406 0.1636 0.0528 21.0081536 105.7540764 20190810121652 ;
1 -0.0844 -0.1481 -0.1761 21.0081536 105.7540764 20190810121652 ;
1 0.0875 -0.2042 -0.0881 21.0081536 105.7540764 20190810121652 ;
1 -0.1503 0.0629 0.3035 21.0081536 105.7540764 20190810121652 ;
1 -0.0111 -0.0562 0.1887 21.0081536 105.7540764 20190810121652 ;
1 -0.0024 0.0653 -0.0068 21.0081536 105.7540764 20190810121652 ;
1 -0.0479 0.0447 -0.1053 21.0081536 105.7540764 20190810121652 ;
1 -0.0294 0.0142 0.1774 21.0081536 105.7540764 20190810121652 ;
1 -0.0578 0.1707 0.2831 21.0081536 105.7540764 20190810121652 ;
1 -0.0561 0.1474 0.0207 21.0081536 105.7540764 20190810121652 ;
1 -0.0916 0.1249 0.0980 21.0081536 105.7540764 20190810121652 ;
1 0.0591 0.0259 0.2117 21.0081536 105.7540764 20190810121652 ;
1 -0.0526 0.0415 0.0369 21.0081536 105.7540764 20190810121652 ;
1 -0.1035 -0.0362 0.0260 21.0081536 105.7540764 20190810121652 ;
1 0.0186 -0.0731 0.0114 21.0081536 105.7540764 20190810121652 ;
1 -0.0629 0.1000 0.0797 21.0081536 105.7540764 20190810121652 ;
1 0.0666 -0.0759 -0.1065 21.0081536 105.7540764 20190810121652 ;
1 -0.2234 0.0874 0.4501 21.0081536 105.7540764 20190810121652 ;
1 0.0712 -0.0020 0.2216 21.0081536 105.7540764 20190810121652 ;
1 0.0001 -0.0797 -0.1519 21.0081536 105.7540764 20190810121652 ;
1 -0.1300 0.0730 0.1690 21.0081536 105.7540764 20190810121652 ;
1 -0.0612 -0.0329 0.0961 21.0081536 105.7540764 20190810121652 ;
1 -0.0554 -0.2328 0.4033 21.0081536 105.7540764 20190810121652 ;
1 0.0160 -0.1019 0.1343 21.0081536 105.7540764 20190810121652 ;
1 -0.0374 0.1836 0.1185 21.0081536 105.7540764 20190810121652 ;
1 -0.1452 -0.1831 0.4513 21.0081536 105.7540764 20190810121652 ;
1 0.1033 0.0632 0.0486 21.0081536 105.7540764 20190810121652 ;
1 -0.0224 -0.0631 -0.3031 21.0081536 105.7540764 20190810121652 ;
1 -0.0073 -0.1743 0.1771 21.0081241 105.7542575 20190810121652 ;
1 0.0433 0.2133 0.1298 21.0081241 105.7542575 20190810121652 ;
1 -0.0120 -0.2548 0.0334 21.0081241 105.7542575 20190810121652 ;
1 -0.0399 0.1420 0.2581 21.0081241 105.7542575 20190810121652 ;
1 -0.1401 -0.0454 0.2519 21.0081241 105.7542575 20190810121652 ;
1 -0.0369 0.1623 0.0434 21.0081241 105.7542575 20190810121652 ;
1 0.2691 -0.1102 -1.1273 21.0081241 105.7542575 20190810121652 ;
1 -0.2438 -0.2098 -0.3731 21.0081241 105.7542575 20190810121652 ;
1 0.0562 0.8543 -0.2711 21.0081241 105.7542575 20190810121652 ;
1 0.0705 -0.7437 -0.2812 21.0081241 105.7542575 20190810121652 ;
1 0.1688 0.4162 0.4900 21.0081241 105.7542575 20190810121652 ;
1 -0.1015 -0.1127 -0.0306 21.0081241 105.7542575 20190810121652 ;
1 -0.1560 0.3121 0.3505 21.0081241 105.7542575 20190810121652 ;
1 0.0092 -0.1971 -0.4263 21.0081241 105.7542575 20190810121652 ;
1 -0.1843 0.1834 -0.6169 21.0081241 105.7542575 20190810121652 ;
1 0.0149 -0.0571 -0.7639 21.0081241 105.7542575 20190810121652 ;
1 0.1634 -0.2822 -0.4723 21.0081241 105.7542575 20190810121652 ;
1 -0.1660 0.0769 0.5245 21.0081241 105.7542575 20190810121652 ;
1 -0.0511 0.1577 0.4423 21.0081241 105.7542575 20190810121653 ;
1 -0.0471 -0.1214 0.6879 21.0081241 105.7542575 20190810121653 ;
1 0.0539 -0.5160 0.3408 21.0081241 105.7542575 20190810121653 ;
1 -0.0162 0.1731 0.1925 21.0081241 105.7542575 20190810121653 ;
1 -0.1085 -0.0719 0.1921 21.0081241 105.7542575 20190810121653 ;
1 0.0128 -0.3876 -0.0069 21.0081241 105.7542575 20190810121653 ;
1 -0.0105 0.3173 0.1138 21.0081241 105.7542575 20190810121653 ;
1 0.1119 -0.1442 -0.3441 21.0081241 105.7542575 20190810121653 ;
1 -0.0608 0.0508 0.2570 21.0081241 105.7542575 20190810121653 ;
1 0.0325 -0.0724 -0.1307 21.0081241 105.7542575 20190810121653 ;
1 0.0215 0.0177 0.0380 21.0081241 105.7542575 20190810121653 ;
1 -0.0934 0.2654 0.2879 21.0081241 105.7542575 20190810121653 ;
1 0.1991 -0.1942 -0.4858 21.0081241 105.7542575 20190810121653 ;
1 -0.1398 0.2108 0.1139 21.0081241 105.7542575 20190810121653 ;
1 0.0402 -0.0261 -0.2582 21.0081241 105.7542575 20190810121653 ;
1 -0.0352 0.2531 -0.3117 21.0081241 105.7542575 20190810121653 ;
1 0.0296 0.0310 -0.1629 21.0081241 105.7542575 20190810121653 ;
1 0.0249 0.3298 -0.1643 21.0081241 105.7542575 20190810121653 ;
1 -0.0651 0.3407 -0.1984 21.0081241 105.7542575 20190810121653 ;
1 0.0448 -0.1830 -0.1853 21.0081241 105.7542575 20190810121653 ;
1 -0.0068 0.5050 -0.0741 21.0081241 105.7542575 20190810121653 ;
1 0.1124 0.0262 -0.5247 21.0081241 105.7542575 20190810121653 ;
1 0.0817 0.1529 -0.1715 21.0081241 105.7542575 20190810121653 ;
1 -0.0654 0.2834 -0.0393 21.0081241 105.7542575 20190810121653 ;
1 0.0401 0.0943 -0.2287 21.0081241 105.7542575 20190810121653 ;
1 -0.0147 0.3328 0.0095 21.0081241 105.7542575 20190810121653 ;
1 0.0646 -0.0424 -0.2528 21.0081241 105.7542575 20190810121653 ;
1 -0.1166 0.5088 -0.1668 21.0081241 105.7542575 20190810121653 ;
1 -0.0144 -0.0507 -0.2110 21.0081241 105.7542575 20190810121653 ;
1 0.0897 0.2258 -0.2130 21.0081241 105.7542575 20190810121653 ;
1 0.0352 0.2499 -0.3808 21.0080735 105.754424 20190810121653 ;
1 -0.1200 0.1252 0.1625 21.0080735 105.754424 20190810121653 ;
1 -0.0337 0.3181 0.0998 21.0080735 105.754424 20190810121653 ;
1 0.0050 0.1345 -0.2495 21.0080735 105.754424 20190810121653 ;
1 -0.0648 0.3300 0.1118 21.0080735 105.754424 20190810121653 ;
1 -0.0408 0.3457 0.1001 21.0080735 105.754424 20190810121653 ;
1 0.0555 0.1807 0.0299 21.0080735 105.754424 20190810121653 ;
1 -0.0332 0.5091 0.2094 21.0080735 105.754424 20190810121653 ;
1 0.0217 0.4200 0.1064 21.0080735 105.754424 20190810121653 ;
1 0.0647 0.2260 0.0585 21.0080735 105.754424 20190810121653 ;
1 -0.0268 0.4471 0.4185 21.0080735 105.754424 20190810121653 ;
1 0.0408 0.4059 -0.0445 21.0080735 105.754424 20190810121653 ;
1 -0.0035 0.2598 0.1818 21.0080735 105.754424 20190810121653 ;
1 0.0601 0.2733 0.3042 21.0080735 105.754424 20190810121653 ;
1 0.0067 0.5609 0.2449 21.0080735 105.754424 20190810121653 ;
1 0.1159 0.0973 -0.0523 21.0080735 105.754424 20190810121653 ;
1 0.0597 0.4992 -0.0956 21.0080735 105.754424 20190810121653 ;
1 0.0055 0.2201 0.0582 21.0080735 105.754424 20190810121653 ;
1 0.0350 0.3745 0.0525 21.0080735 105.754424 20190810121654 ;
1 0.0203 0.1586 0.0413 21.0080735 105.754424 20190810121654 ;
1 0.0823 0.3008 0.0406 21.0080735 105.754424 20190810121654 ;
1 0.1413 0.3373 -0.0896 21.0080735 105.754424 20190810121654 ;
1 -0.0720 0.2326 0.2557 21.0080735 105.754424 20190810121654 ;
1 0.0442 0.4580 0.1603 21.0080735 105.754424 20190810121654 ;
1 0.0957 0.0729 -0.0883 21.0080735 105.754424 20190810121654 ;
1 0.0273 0.3698 0.4283 21.0080735 105.754424 20190810121654 ;
1 -0.0299 0.3726 0.3364 21.0080735 105.754424 20190810121654 ;
1 -0.0404 0.0531 0.0005 21.0080735 105.754424 20190810121654 ;
1 0.0189 0.4796 -0.3511 21.0080735 105.754424 20190810121654 ;
1 -0.0127 0.0266 -0.0450 21.0080735 105.754424 20190810121654 ;
1 0.0274 0.4518 0.6051 21.0080735 105.754424 20190810121654 ;
1 0.1447 0.0805 -0.0437 21.0080735 105.754424 20190810121654 ;
1 -0.0704 0.2514 0.4555 21.0080735 105.754424 20190810121654 ;
1 0.1525 0.3579 0.2761 21.0080735 105.754424 20190810121654 ;
1 0.0568 0.1759 -0.0648 21.0080735 105.754424 20190810121654 ;
1 0.0112 0.0965 0.2450 21.0080735 105.754424 20190810121654 ;
1 0.0640 0.1771 0.2074 21.0080735 105.754424 20190810121654 ;
1 -0.0756 0.3400 -0.0008 21.0080735 105.754424 20190810121654 ;
1 -0.0713 0.2218 -0.0378 21.0080735 105.754424 20190810121654 ;
1 -0.0626 0.1164 -0.0001 21.0080735 105.754424 20190810121654 ;
1 0.0451 0.1319 -0.0441 21.0080735 105.754424 20190810121654 ;
1 0.0943 0.1073 -0.3422 21.0080735 105.754424 20190810121654 ;
1 0.0208 0.3720 0.0752 21.0080735 105.754424 20190810121654 ;
1 0.2071 -0.1268 -0.3435 21.0080735 105.754424 20190810121654 ;
1 -0.0684 0.3502 -0.2477 21.0080735 105.754424 20190810121654 ;
1 0.0400 -0.0167 -0.3253 21.0080735 105.754424 20190810121654 ;
1 0.0435 0.1559 -0.3628 21.0080735 105.754424 20190810121654 ;
1 0.0841 -0.2345 -0.4490 21.0080735 105.754424 20190810121654 ;
1 0.0575 0.3331 -0.2267 21.0080735 105.754424 20190810121654 ;
1 -0.0528 0.1735 -0.4188 21.0080735 105.754424 20190810121654 ;
1 0.0072 0.1166 -0.2761 21.0080319 105.7545971 20190810121654 ;
1 0.1561 0.1043 -0.3906 21.0080319 105.7545971 20190810121654 ;
1 -0.0063 0.2891 -0.2227 21.0080319 105.7545971 20190810121654 ;
1 0.0928 0.2589 -0.3229 21.0080319 105.7545971 20190810121654 ;
1 0.0268 0.0380 -0.4426 21.0080319 105.7545971 20190810121654 ;
1 0.0435 0.4005 -0.0645 21.0080319 105.7545971 20190810121654 ;
1 0.1051 0.2787 0.1487 21.0080319 105.7545971 20190810121654 ;
1 0.0483 0.2308 -0.1342 21.0080319 105.7545971 20190810121654 ;
1 0.0057 0.2513 -0.3079 21.0080319 105.7545971 20190810121654 ;
1 0.0827 0.2009 0.0703 21.0080319 105.7545971 20190810121654 ;
1 -0.0066 0.4787 0.0279 21.0080319 105.7545971 20190810121654 ;
1 0.1560 -0.0004 -0.3228 21.0080319 105.7545971 20190810121654 ;
1 0.0425 0.2688 0.1321 21.0080319 105.7545971 20190810121654 ;
1 0.1116 0.2363 -0.0831 21.0080319 105.7545971 20190810121654 ;
1 0.1239 0.1908 -0.1868 21.0080319 105.7545971 20190810121654 ;
1 0.1557 -0.0552 -0.2905 21.0080319 105.7545971 20190810121654 ;
1 0.0207 0.1922 -0.0704 21.0080319 105.7545971 20190810121655 ;
1 0.1783 0.3035 0.0369 21.0080319 105.7545971 20190810121655 ;
1 0.0531 0.1070 -0.2442 21.0080319 105.7545971 20190810121655 ;
1 -0.0748 0.2023 0.0348 21.0080319 105.7545971 20190810121655 ;
1 0.0140 0.1919 -0.1537 21.0080319 105.7545971 20190810121655 ;
1 0.0469 0.2089 -0.1136 21.0080319 105.7545971 20190810121655 ;
1 0.0399 -0.0223 -0.3832 21.0080319 105.7545971 20190810121655 ;
1 0.0869 0.2307 -0.2918 21.0080319 105.7545971 20190810121655 ;
1 0.1332 0.2358 0.1457 21.0080319 105.7545971 20190810121655 ;
1 -0.0192 0.2995 0.0052 21.0080319 105.7545971 20190810121655 ;
1 0.0335 0.0945 -0.0215 21.0080319 105.7545971 20190810121655 ;
1 0.1150 0.1237 0.0333 21.0080319 105.7545971 20190810121655 ;
1 0.0026 0.1282 0.0262 21.0080319 105.7545971 20190810121655 ;
1 -0.0696 0.2919 0.0154 21.0080319 105.7545971 20190810121655 ;
1 0.0891 0.0763 0.0777 21.0080319 105.7545971 20190810121655 ;
1 0.0496 0.1573 0.0851 21.0080319 105.7545971 20190810121655 ;
1 -0.0023 0.3447 0.2585 21.0080319 105.7545971 20190810121655 ;
1 0.0721 -0.0209 0.0862 21.0080319 105.7545971 20190810121655 ;
1 -0.0693 0.2309 0.2524 21.0080319 105.7545971 20190810121655 ;
1 0.0233 0.0627 0.2773 21.0080319 105.7545971 20190810121655 ;
1 0.0491 0.2315 0.3163 21.0080319 105.7545971 20190810121655 ;
1 1.0656 1.7578 0.2832 21.0080319 105.7545971 20190810121655 ;
1 -1.3181 -4.1794 -0.7432 21.0080319 105.7545971 20190810121655 ;
1 0.3599 4.1817 2.5714 21.0080319 105.7545971 20190810121655 ;
1 0.3215 -2.1840 -1.1944 21.0080319 105.7545971 20190810121655 ;
1 -0.6223 1.5429 0.1751 21.0080319 105.7545971 20190810121655 ;
1 0.6510 -0.5398 0.2852 21.0080319 105.7545971 20190810121655 ;
1 -0.2834 0.5527 0.8865 21.0080319 105.7545971 20190810121655 ;
1 0.1854 -0.2802 -0.4258 21.0080319 105.7545971 20190810121655 ;
1 -0.0201 0.4854 0.1764 21.0080319 105.7545971 20190810121655 ;
1 0.1253 -0.1782 0.4164 21.0080319 105.7545971 20190810121655 ;
1 0.1176 0.3227 0.1267 21.0080319 105.7545971 20190810121655 ;
1 -0.0326 0.1279 0.0440 21.0080319 105.7545971 20190810121655 ;
1 0.0448 -0.0937 0.2814 21.0080319 105.7545971 20190810121655 ;
1 0.1132 0.1846 0.0925 21.0080319 105.7545971 20190810121655 ;
1 0.0207 0.0457 -0.0883 21.0080319 105.7545971 20190810121655 ;
1 0.0088 -0.0820 0.2168 21.0079984 105.7547634 20190810121655 ;
1 0.0520 0.1481 0.0544 21.0079984 105.7547634 20190810121655 ;
1 0.0963 -0.0975 -0.1918 21.0079984 105.7547634 20190810121655 ;
1 -0.0155 0.1984 0.1467 21.0079984 105.7547634 20190810121655 ;
1 0.0267 0.0426 0.0473 21.0079984 105.7547634 20190810121655 ;
1 0.0412 -0.0377 -0.0808 21.0079984 105.7547634 20190810121655 ;
1 0.0102 -0.0138 -0.0768 21.0079984 105.7547634 20190810121655 ;
1 0.1213 -0.0302 -0.0800 21.0079984 105.7547634 20190810121655 ;
1 0.0719 -0.0446 -0.1889 21.0079984 105.7547634 20190810121655 ;
1 0.0203 -0.1241 0.0176 21.0079984 105.7547634 20190810121655 ;
1 0.0629 0.2812 0.0317 21.0079984 105.7547634 20190810121655 ;
1 0.1334 -0.4183 -0.3177 21.0079984 105.7547634 20190810121655 ;
1 -0.0139 0.3883 0.1667 21.0079984 105.7547634 20190810121655 ;
1 0.1578 -0.2161 -0.3358 21.0079984 105.7547634 20190810121656 ;
1 -0.0112 -0.0071 0.0535 21.0079984 105.7547634 20190810121656 ;
1 -0.0164 0.2521 0.0616 21.0079984 105.7547634 20190810121656 ;
1 0.1231 -0.0618 -0.2059 21.0079984 105.7547634 20190810121656 ;
1 0.0189 0.0130 -0.0192 21.0079984 105.7547634 20190810121656 ;
1 0.0641 -0.0563 -0.0381 21.0079984 105.7547634 20190810121656 ;
1 -0.0178 0.0658 -0.0145 21.0079984 105.7547634 20190810121656 ;
1 0.0693 0.0542 0.0777 21.0079984 105.7547634 20190810121656 ;
1 0.1309 -0.1306 0.0452 21.0079984 105.7547634 20190810121656 ;
1 0.0320 0.1804 0.2231 21.0079984 105.7547634 20190810121656 ;
1 0.0682 -0.1315 -0.1580 21.0079984 105.7547634 20190810121656 ;
1 -0.0488 0.0377 0.1464 21.0079984 105.7547634 20190810121656 ;
1 0.1222 -0.0812 0.0457 21.0079984 105.7547634 20190810121656 ;
1 -0.0360 0.2797 0.0800 21.0079984 105.7547634 20190810121656 ;
1 0.0747 -0.2316 -0.0479 21.0079984 105.7547634 20190810121656 ;
1 0.1145 -0.1048 0.0326 21.0079984 105.7547634 20190810121656 ;
1 0.0455 0.0886 0.0291 21.0079984 105.7547634 20190810121656 ;
1 0.0723 -0.0596 -0.1103 21.0079984 105.7547634 20190810121656 ;
1 0.0234 -0.0527 0.0265 21.0079984 105.7547634 20190810121656 ;
1 0.2044 -0.1348 -0.0329 21.0079984 105.7547634 20190810121656 ;
1 0.0579 -0.0210 -0.1005 21.0079984 105.7547634 20190810121656 ;
1 0.0834 0.0014 -0.1040 21.0079984 105.7547634 20190810121656 ;
1 0.0930 -0.1988 -0.2044 21.0079984 105.7547634 20190810121656 ;
1 0.0165 0.0149 0.0541 21.0079984 105.7547634 20190810121656 ;
1 0.1371 -0.1274 -0.3212 21.0079984 105.7547634 20190810121656 ;
1 0.1258 -0.1729 -0.5177 21.0079984 105.7547634 20190810121656 ;
1 -0.0161 -0.3586 0.0019 21.0079984 105.7547634 20190810121656 ;
1 0.1504 -0.0371 -0.1123 21.0079984 105.7547634 20190810121656 ;
1 0.0565 -0.0705 -0.3583 21.0079984 105.7547634 20190810121656 ;
1 0.1740 -0.1376 -0.0142 21.0079984 105.7547634 20190810121656 ;
1 0.0351 0.0111 0.1659 21.0079984 105.7547634 20190810121656 ;
1 0.1579 -0.3230 -0.0380 21.0079984 105.7547634 20190810121656 ;
1 0.0163 0.1822 0.1561 21.0079984 105.7547634 20190810121656 ;
1 0.0297 -0.0278 0.0077 21.0079984 105.7547634 20190810121656 ;
1 0.1754 -0.2547 0.0427 21.0079984 105.7547634 20190810121656 ;
1 -0.0033 0.0400 0.3996 21.0079984 105.7547634 20190810121656 ;
1 0.0185 -0.1080 0.1863 21.0079591 105.7549395 20190810121656 ;
1 0.0483 -0.0892 0.3506 21.0079591 105.7549395 20190810121656 ;
1 0.0050 -0.0516 0.4737 21.0079591 105.7549395 20190810121656 ;
1 0.0702 -0.1534 0.2950 21.0079591 105.7549395 20190810121656 ;
1 -0.1026 0.0214 0.6261 21.0079591 105.7549395 20190810121656 ;
1 0.0887 -0.3209 0.4286 21.0079591 105.7549395 20190810121656 ;
1 0.1428 -0.0614 0.1026 21.0079591 105.7549395 20190810121656 ;
1 -0.0161 -0.1736 0.4829 21.0079591 105.7549395 20190810121656 ;
1 -0.0546 -0.1207 0.6297 21.0079591 105.7549395 20190810121656 ;
1 0.1671 -0.3276 0.3874 21.0079591 105.7549395 20190810121656 ;
1 0.1089 0.0079 0.2618 21.0079591 105.7549395 20190810121656 ;
1 0.0100 -0.0595 0.5105 21.0079591 105.7549395 20190810121656 ;
1 0.0893 -0.2158 0.3684 21.0079591 105.7549395 20190810121656 ;
1 0.1597 -0.1522 -0.3115 21.0079591 105.7549395 20190810121656 ;
1 -0.0224 -0.0894 -0.0307 21.0079591 105.7549395 20190810121656 ;
1 0.1169 -0.2950 0.2515 21.0079591 105.7549395 20190810121657 ;
1 0.1415 -0.1683 0.1256 21.0079591 105.7549395 20190810121657 ;
1 0.0399 -0.0200 -0.0083 21.0079591 105.7549395 20190810121657 ;
1 0.0953 -0.0809 0.1961 21.0079591 105.7549395 20190810121657 ;
1 0.0988 -0.1210 -0.1783 21.0079591 105.7549395 20190810121657 ;
1 0.1639 -0.2761 -0.4680 21.0079591 105.7549395 20190810121657 ;
1 0.0837 -0.1641 0.0828 21.0079591 105.7549395 20190810121657 ;
1 0.1197 -0.1406 -0.0152 21.0079591 105.7549395 20190810121657 ;
1 0.0944 -0.1876 -0.2908 21.0079591 105.7549395 20190810121657 ;
1 0.1113 -0.2184 -0.0452 21.0079591 105.7549395 20190810121657 ;
1 0.1792 -0.1044 0.0564 21.0079591 105.7549395 20190810121657 ;
1 0.0818 -0.0964 0.1807 21.0079591 105.7549395 20190810121657 ;
1 0.1042 -0.0481 -0.1465 21.0079591 105.7549395 20190810121657 ;
1 0.0953 -0.2339 -0.0187 21.0079591 105.7549395 20190810121657 ;
1 0.0787 -0.0069 0.1631 21.0079591 105.7549395 20190810121657 ;
1 0.2154 -0.3414 -0.4385 21.0079591 105.7549395 20190810121657 ;
1 0.1152 -0.1238 -0.0010 21.0079591 105.7549395 20190810121657 ;
1 0.1452 -0.3061 0.0897 21.0079591 105.7549395 20190810121657 ;
1 0.1559 -0.1112 0.1293 21.0079591 105.7549395 20190810121657 ;
1 0.1067 -0.0274 -0.1361 21.0079591 105.7549395 20190810121657 ;
1 0.1207 -0.2750 -0.1876 21.0079591 105.7549395 20190810121657 ;
1 0.1103 -0.1269 0.1804 21.0079591 105.7549395 20190810121657 ;
1 0.0918 -0.1637 -0.2347 21.0079591 105.7549395 20190810121657 ;
1 0.0436 -0.2114 -0.1829 21.0079591 105.7549395 20190810121657 ;
1 0.1047 -0.1074 -0.0765 21.0079591 105.7549395 20190810121657 ;
1 0.1952 -0.3359 -0.2809 21.0079591 105.7549395 20190810121657 ;
1 0.0340 -0.0235 0.1069 21.0079591 105.7549395 20190810121657 ;
1 0.1476 -0.2678 -0.1806 21.0079591 105.7549395 20190810121657 ;
1 0.0901 -0.1797 0.1591 21.0079591 105.7549395 20190810121657 ;
1 0.1225 -0.0251 0.1083 21.0079591 105.7549395 20190810121657 ;
1 0.1634 -0.3290 -0.0686 21.0079591 105.7549395 20190810121657 ;
1 0.0959 0.0599 0.3258 21.0079591 105.7549395 20190810121657 ;
1 0.2580 -0.4130 -0.0082 21.0079591 105.7549395 20190810121657 ;
1 0.0457 0.0148 0.2983 21.0079591 105.7549395 20190810121657 ;
1 0.1500 -0.2358 0.2008 21.0079214 105.7551214 20190810121657 ;
1 0.2104 -0.2203 0.2789 21.0079214 105.7551214 20190810121657 ;
1 0.1442 -0.0872 0.3869 21.0079214 105.7551214 20190810121657 ;
1 0.1774 -0.2557 0.3409 21.0079214 105.7551214 20190810121657 ;
1 0.1168 0.0618 0.1616 21.0079214 105.7551214 20190810121657 ;
1 0.1597 -0.2644 -0.1543 21.0079214 105.7551214 20190810121657 ;
1 0.1544 -0.0666 -0.0299 21.0079214 105.7551214 20190810121657 ;
1 0.1883 -0.1956 0.1352 21.0079214 105.7551214 20190810121657 ;
1 0.2814 -0.1623 0.1814 21.0079214 105.7551214 20190810121657 ;
1 0.2487 -0.0789 0.0030 21.0079214 105.7551214 20190810121657 ;
1 0.2264 -0.1343 0.3306 21.0079214 105.7551214 20190810121657 ;
1 0.2343 -0.1276 0.1032 21.0079214 105.7551214 20190810121657 ;
1 0.1474 -0.3248 0.0640 21.0079214 105.7551214 20190810121657 ;
1 0.1845 -0.1537 -0.0817 21.0079214 105.7551214 20190810121657 ;
1 0.1541 -0.1279 -0.0609 21.0079214 105.7551214 20190810121657 ;
1 0.1028 -0.3112 -0.0141 21.0079214 105.7551214 20190810121657 ;
1 0.1947 -0.0509 0.2279 21.0079214 105.7551214 20190810121657 ;
1 0.3259 -0.3948 0.0065 21.0079214 105.7551214 20190810121658 ;
1 0.3443 -0.0007 -0.0752 21.0079214 105.7551214 20190810121658 ;
1 0.2379 -0.5496 -0.2485 21.0079214 105.7551214 20190810121658 ;
1 0.2490 -0.2689 -0.0152 21.0079214 105.7551214 20190810121658 ;
1 0.2179 -0.2059 -0.0198 21.0079214 105.7551214 20190810121658 ;
1 0.3003 -0.3241 -0.2455 21.0079214 105.7551214 20190810121658 ;
1 0.1532 -0.3570 -0.0043 21.0079214 105.7551214 20190810121658 ;
1 0.2898 -0.1253 0.2564 21.0079214 105.7551214 20190810121658 ;
1 0.2022 -0.3233 -0.0057 21.0079214 105.7551214 20190810121658 ;
1 0.1271 -0.2158 -0.1572 21.0079214 105.7551214 20190810121658 ;
1 0.2616 -0.5278 -0.2035 21.0079214 105.7551214 20190810121658 ;
1 0.2345 -0.1130 0.1825 21.0079214 105.7551214 20190810121658 ;
1 0.3067 -0.3842 0.1105 21.0079214 105.7551214 20190810121658 ;
1 0.0694 -0.2680 0.0954 21.0079214 105.7551214 20190810121658 ;
1 0.2053 -0.1877 0.3770 21.0079214 105.7551214 20190810121658 ;
1 0.3466 -0.3179 0.1349 21.0079214 105.7551214 20190810121658 ;
1 0.1831 -0.1648 -0.0035 21.0079214 105.7551214 20190810121658 ;
1 0.1320 -0.2882 -0.0406 21.0079214 105.7551214 20190810121658 ;
1 0.1887 -0.0549 0.1994 21.0079214 105.7551214 20190810121658 ;
1 0.2655 -0.3372 0.2686 21.0079214 105.7551214 20190810121658 ;
1 0.1006 -0.0915 0.1961 21.0079214 105.7551214 20190810121658 ;
1 0.2078 -0.2301 0.1712 21.0079214 105.7551214 20190810121658 ;
1 0.2468 -0.1452 0.2535 21.0079214 105.7551214 20190810121658 ;
1 0.1207 -0.1246 0.2236 21.0079214 105.7551214 20190810121658 ;
1 0.0669 -0.0688 0.0468 21.0079214 105.7551214 20190810121658 ;
1 0.1362 -0.2514 0.1100 21.0079214 105.7551214 20190810121658 ;
1 0.1971 -0.1601 0.2393 21.0079214 105.7551214 20190810121658 ;
1 0.1380 -0.1176 0.1329 21.0079214 105.7551214 20190810121658 ;
1 0.0975 -0.1816 0.0150 21.0079214 105.7551214 20190810121658 ;
1 0.2214 -0.2187 0.1337 21.0079214 105.7551214 20190810121658 ;
1 0.1478 0.0268 0.1003 21.0079214 105.7551214 20190810121658 ;
1 0.1632 -0.2483 -0.1467 21.0079214 105.7551214 20190810121658 ;
1 0.2163 -0.3232 -0.0099 21.0079214 105.7551214 20190810121658 ;
1 0.0690 -0.1344 0.2617 21.007888 105.7552997 20190810121658 ;
1 0.2225 -0.3688 0.0329 21.007888 105.7552997 20190810121658 ;
1 0.0818 -0.0148 -0.1632 21.007888 105.7552997 20190810121658 ;
1 0.2146 -0.3228 -0.1243 21.007888 105.7552997 20190810121658 ;
1 0.2162 -0.2063 -0.0283 21.007888 105.7552997 20190810121658 ;
1 0.0675 -0.1865 -0.2288 21.007888 105.7552997 20190810121658 ;
1 0.1303 -0.4113 -0.3287 21.007888 105.7552997 20190810121658 ;
1 0.1911 -0.1225 0.0607 21.007888 105.7552997 20190810121658 ;
1 0.2857 -0.4612 -0.0575 21.007888 105.7552997 20190810121658 ;
1 0.1829 0.0424 -0.2900 21.007888 105.7552997 20190810121658 ;
1 0.0868 -0.4768 -0.2622 21.007888 105.7552997 20190810121658 ;
1 0.1770 -0.1592 -0.1382 21.007888 105.7552997 20190810121658 ;
1 0.0393 -0.0335 -0.2291 21.007888 105.7552997 20190810121658 ;
1 0.1530 -0.3274 -0.3654 21.007888 105.7552997 20190810121658 ;
1 0.2634 -0.1034 -0.1843 21.007888 105.7552997 20190810121658 ;
1 0.1791 -0.2444 0.0544 21.007888 105.7552997 20190810121658 ;
1 0.1763 -0.2109 -0.3389 21.007888 105.7552997 20190810121658 ;
1 0.0130 -0.0977 -0.0752 21.007888 105.7552997 20190810121659 ;
1 0.3509 -0.5457 -0.1790 21.007888 105.7552997 20190810121659 ;
1 0.1438 0.1202 0.1119 21.007888 105.7552997 20190810121659 ;
1 0.0841 -0.3056 -0.2244 21.007888 105.7552997 20190810121659 ;
1 0.1562 -0.3575 -0.0983 21.007888 105.7552997 20190810121659 ;
1 0.1166 -0.0742 0.1381 21.007888 105.7552997 20190810121659 ;
1 0.2161 -0.4025 -0.3831 21.007888 105.7552997 20190810121659 ;
1 0.1672 -0.2611 -0.0008 21.007888 105.7552997 20190810121659 ;
1 0.0787 -0.3888 0.1397 21.007888 105.7552997 20190810121659 ;
1 0.2013 -0.0807 -0.0023 21.007888 105.7552997 20190810121659 ;
1 0.1272 -0.0562 -0.0457 21.007888 105.7552997 20190810121659 ;
1 0.0747 -0.3961 0.1261 21.007888 105.7552997 20190810121659 ;
1 0.2367 -0.0959 0.2314 21.007888 105.7552997 20190810121659 ;
1 0.2583 -0.4252 -0.5385 21.007888 105.7552997 20190810121659 ;
1 0.0235 -0.1936 -0.0166 21.007888 105.7552997 20190810121659 ;
1 0.0652 -0.2224 0.3695 21.007888 105.7552997 20190810121659 ;
1 0.1829 -0.1142 0.0312 21.007888 105.7552997 20190810121659 ;
1 0.1370 -0.0300 -0.1916 21.007888 105.7552997 20190810121659 ;
1 0.1741 -0.3189 -0.0244 21.007888 105.7552997 20190810121659 ;
1 0.0957 -0.2709 -0.1851 21.007888 105.7552997 20190810121659 ;
1 0.0882 -0.0073 -0.1050 21.007888 105.7552997 20190810121659 ;
1 0.1382 -0.0289 -0.0343 21.007888 105.7552997 20190810121659 ;
1 0.2553 -0.2629 0.1916 21.007888 105.7552997 20190810121659 ;
1 0.1921 -0.1900 0.1972 21.007888 105.7552997 20190810121659 ;
1 -0.0264 -0.0921 0.0974 21.007888 105.7552997 20190810121659 ;
1 0.0218 -0.4494 0.0421 21.007888 105.7552997 20190810121659 ;
1 0.1706 -0.1820 0.1816 21.007888 105.7552997 20190810121659 ;
1 0.2667 -0.1965 0.0132 21.007888 105.7552997 20190810121659 ;
1 0.0190 -0.2228 0.3638 21.007888 105.7552997 20190810121659 ;
1 0.0909 -0.3824 0.2719 21.007888 105.7552997 20190810121659 ;
1 0.1924 -0.1646 0.1101 21.007888 105.7552997 20190810121659 ;
1 0.1190 -0.4379 0.2594 21.007888 105.7552997 20190810121659 ;
1 0.0759 -0.0020 0.4204 21.007888 105.7552997 20190810121659 ;
1 0.1097 -0.4328 0.2943 21.0078504 105.7554833 20190810121659 ;
1 0.1065 0.0156 0.4201 21.0078504 105.7554833 20190810121659 ;
1 0.0588 -0.2375 0.1482 21.0078504 105.7554833 20190810121659 ;
1 0.0953 -0.3521 0.1252 21.0078504 105.7554833 20190810121659 ;
1 0.0596 -0.0871 0.0422 21.0078504 105.7554833 20190810121659 ;
1 0.1191 -0.3598 0.3336 21.0078504 105.7554833 20190810121659 ;
1 0.0674 -0.1032 -0.1234 21.0078504 105.7554833 20190810121659 ;
1 -0.0940 0.0493 0.4756 21.0078504 105.7554833 20190810121659 ;
1 0.1324 -0.2017 0.3624 21.0078504 105.7554833 20190810121659 ;
1 0.2294 0.0700 0.0319 21.0078504 105.7554833 20190810121659 ;
1 0.0436 -0.3885 0.0032 21.0078504 105.7554833 20190810121659 ;
1 -0.0291 0.2091 0.1836 21.0078504 105.7554833 20190810121659 ;
1 0.0980 -0.2551 0.1233 21.0078504 105.7554833 20190810121659 ;
1 0.0648 -0.0142 0.1532 21.0078504 105.7554833 20190810121659 ;
1 0.1261 -0.0197 0.0400 21.0078504 105.7554833 20190810121700 ;
1 0.1441 -0.2345 -0.1781 21.0078504 105.7554833 20190810121700 ;
1 0.0517 -0.0216 -0.1044 21.0078504 105.7554833 20190810121700 ;
1 0.0532 -0.3938 -0.2224 21.0078504 105.7554833 20190810121700 ;
1 0.0044 0.0760 0.2153 21.0078504 105.7554833 20190810121700 ;
1 0.2617 -0.2646 -0.3251 21.0078504 105.7554833 20190810121700 ;
1 0.0766 -0.4463 0.3699 21.0078504 105.7554833 20190810121700 ;
1 0.0838 -0.0986 0.0412 21.0078504 105.7554833 20190810121700 ;
1 0.1640 -0.4257 -0.5020 21.0078504 105.7554833 20190810121700 ;
1 0.1000 -0.3450 -0.0777 21.0078504 105.7554833 20190810121700 ;
1 0.1573 -0.2644 -0.6253 21.0078504 105.7554833 20190810121700 ;
1 0.0669 -0.2690 -0.5876 21.0078504 105.7554833 20190810121700 ;
1 0.1399 -0.5226 -0.2487 21.0078504 105.7554833 20190810121700 ;
1 0.0100 0.1192 -0.0999 21.0078504 105.7554833 20190810121700 ;
1 0.0699 -0.5129 -0.5818 21.0078504 105.7554833 20190810121700 ;
1 0.1772 -0.0263 0.0220 21.0078504 105.7554833 20190810121700 ;
1 0.2108 -0.3918 -0.5507 21.0078504 105.7554833 20190810121700 ;
1 -0.0869 -0.1800 -0.0507 21.0078504 105.7554833 20190810121700 ;
1 -0.0029 0.0607 0.1477 21.0078504 105.7554833 20190810121700 ;
1 0.2811 -0.3958 -0.2558 21.0078504 105.7554833 20190810121700 ;
1 0.2177 0.0449 0.0061 21.0078504 105.7554833 20190810121700 ;
1 0.0023 0.0571 -0.0958 21.0078504 105.7554833 20190810121700 ;
1 0.1381 -0.2489 -0.1078 21.0078504 105.7554833 20190810121700 ;
1 0.2102 -0.1038 -0.3478 21.0078504 105.7554833 20190810121700 ;
1 0.0374 0.1227 -0.0263 21.0078504 105.7554833 20190810121700 ;
1 0.2541 -0.1576 0.0102 21.0078504 105.7554833 20190810121700 ;
1 0.2333 -0.2772 0.0425 21.0078504 105.7554833 20190810121700 ;
1 0.1100 0.1665 -0.1250 21.0078504 105.7554833 20190810121700 ;
1 0.1416 -0.0501 -0.4784 21.0078504 105.7554833 20190810121700 ;
1 0.2070 -0.1825 -0.3322 21.0078504 105.7554833 20190810121700 ;
1 0.3095 -0.0411 -0.6280 21.0078504 105.7554833 20190810121700 ;
1 0.1777 -0.0618 -0.5423 21.0078504 105.7554833 20190810121700 ;
1 -0.1377 -0.1283 0.0225 21.0078128 105.7556671 20190810121700 ;
1 0.2434 -0.2092 -0.0517 21.0078128 105.7556671 20190810121700 ;
1 0.3869 -0.3335 -1.0748 21.0078128 105.7556671 20190810121700 ;
1 -0.0713 0.0210 -0.4624 21.0078128 105.7556671 20190810121700 ;
1 0.1304 -0.6256 -0.9056 21.0078128 105.7556671 20190810121700 ;
1 0.3646 -0.1979 -0.7332 21.0078128 105.7556671 20190810121700 ;
1 0.1365 -0.1251 -0.1322 21.0078128 105.7556671 20190810121700 ;
1 0.0966 -0.5461 0.4890 21.0078128 105.7556671 20190810121700 ;
1 0.2723 -0.2059 0.3080 21.0078128 105.7556671 20190810121700 ;
1 0.2274 -0.4602 -0.8334 21.0078128 105.7556671 20190810121700 ;
1 -0.0339 -0.2603 -0.1743 21.0078128 105.7556671 20190810121700 ;
1 0.1254 -0.3418 -0.1664 21.0078128 105.7556671 20190810121700 ;
1 0.1824 -0.1851 -0.2273 21.0078128 105.7556671 20190810121700 ;
1 0.1686 -0.1695 0.1189 21.0078128 105.7556671 20190810121700 ;
1 0.2023 -0.2050 0.0012 21.0078128 105.7556671 20190810121700 ;
1 0.1454 -0.1780 0.2033 21.0078128 105.7556671 20190810121700 ;
1 0.1249 0.1552 0.4725 21.0078128 105.7556671 20190810121701 ;
1 0.0980 -0.0983 0.1257 21.0078128 105.7556671 20190810121701 ;
1 0.1622 -0.2119 0.4173 21.0078128 105.7556671 20190810121701 ;
1 0.1790 0.1865 0.2542 21.0078128 105.7556671 20190810121701 ;
1 0.0970 0.0088 0.1420 21.0078128 105.7556671 20190810121701 ;
1 -0.0464 0.0869 0.5736 21.0078128 105.7556671 20190810121701 ;
1 0.2330 -0.0388 0.1590 21.0078128 105.7556671 20190810121701 ;
1 0.2616 0.2310 0.4737 21.0078128 105.7556671 20190810121701 ;
1 0.0913 -0.0442 0.4928 21.0078128 105.7556671 20190810121701 ;
1 -0.1152 -0.0752 0.3258 21.0078128 105.7556671 20190810121701 ;
1 -0.0818 0.0618 0.6397 21.0078128 105.7556671 20190810121701 ;
1 -0.0490 -0.1558 0.7323 21.0078128 105.7556671 20190810121701 ;
1 0.0550 0.0456 0.4759 21.0078128 105.7556671 20190810121701 ;
1 -0.0044 -0.2636 0.2918 21.0078128 105.7556671 20190810121701 ;
1 -0.0255 -0.0391 0.6064 21.0078128 105.7556671 20190810121701 ;
1 0.0438 -0.1286 0.1078 21.0078128 105.7556671 20190810121701 ;
1 0.0728 -0.4646 0.0357 21.0078128 105.7556671 20190810121701 ;
1 0.1922 -0.0756 0.3844 21.0078128 105.7556671 20190810121701 ;
1 0.0379 -0.3179 0.0519 21.0078128 105.7556671 20190810121701 ;
1 -0.0641 -0.2887 -0.1020 21.0078128 105.7556671 20190810121701 ;
1 0.0837 -0.1904 -0.0623 21.0078128 105.7556671 20190810121701 ;
1 0.1310 -0.4409 -0.3385 21.0078128 105.7556671 20190810121701 ;
1 0.0239 -0.2055 -0.1476 21.0078128 105.7556671 20190810121701 ;
1 -0.0463 -0.3885 -0.1255 21.0078128 105.7556671 20190810121701 ;
1 0.0010 -0.1797 0.2305 21.0078128 105.7556671 20190810121701 ;
1 0.0639 -0.3869 -0.0840 21.0078128 105.7556671 20190810121701 ;
1 0.0377 -0.2492 0.0127 21.0078128 105.7556671 20190810121701 ;
1 0.0887 -0.4066 -0.0357 21.0078128 105.7556671 20190810121701 ;
1 0.1081 -0.4539 0.0155 21.0078128 105.7556671 20190810121701 ;
1 -0.1061 -0.3684 -0.2432 21.0078128 105.7556671 20190810121701 ;
1 -0.0440 -0.4298 -0.0421 21.0078128 105.7556671 20190810121701 ;
1 0.0989 -0.2798 0.1579 21.0078128 105.7556671 20190810121701 ;
1 -0.0112 -0.2596 -0.1088 21.0078128 105.7556671 20190810121701 ;
1 -0.1657 -0.2938 0.0774 21.0078128 105.7556671 20190810121701 ;
1 -0.2130 -0.3887 0.1399 21.0077644 105.7558544 20190810121701 ;
1 -0.1554 -0.1535 0.0376 21.0077644 105.7558544 20190810121701 ;
1 -0.2690 -0.4346 0.0218 21.0077644 105.7558544 20190810121701 ;
1 -0.1315 -0.2479 0.0940 21.0077644 105.7558544 20190810121701 ;
1 -0.0999 -0.3029 -0.0860 21.0077644 105.7558544 20190810121701 ;
1 -0.1687 -0.2753 0.1560 21.0077644 105.7558544 20190810121701 ;
1 -0.1375 -0.2516 0.0162 21.0077644 105.7558544 20190810121701 ;
1 -0.0067 -0.4729 0.1100 21.0077644 105.7558544 20190810121701 ;
1 -0.1378 -0.1357 0.2789 21.0077644 105.7558544 20190810121701 ;
1 -0.1002 -0.2939 0.2017 21.0077644 105.7558544 20190810121701 ;
1 -0.1970 -0.3332 0.0559 21.0077644 105.7558544 20190810121701 ;
1 -0.1281 -0.3389 0.2185 21.0077644 105.7558544 20190810121701 ;
1 -0.0442 -0.0287 0.0020 21.0077644 105.7558544 20190810121701 ;
1 -0.1259 -0.4342 0.0778 21.0077644 105.7558544 20190810121701 ;
1 -0.1408 -0.1994 0.4742 21.0077644 105.7558544 20190810121701 ;
1 -0.1191 0.0061 0.2392 21.0077644 105.7558544 20190810121701 ;
1 -0.1458 -0.1777 0.3703 21.0077644 105.7558544 20190810121701 ;
1 -0.1554 -0.0422 0.6253 21.0077644 105.7558544 20190810121701 ;
1 -0.0406 0.0717 0.0853 21.0077644 105.7558544 20190810121702 ;
1 -0.1477 0.2458 0.6330 21.0077644 105.7558544 20190810121702 ;
1 -0.0585 -0.0462 -0.0297 21.0077644 105.7558544 20190810121702 ;
1 -0.0586 0.2670 -0.0334 21.0077644 105.7558544 20190810121702 ;
1 -0.1135 0.1670 0.1925 21.0077644 105.7558544 20190810121702 ;
1 0.0427 0.0617 0.0812 21.0077644 105.7558544 20190810121702 ;
1 -0.0420 0.0876 -0.0526 21.0077644 105.7558544 20190810121702 ;
1 -0.1182 0.3976 -0.0952 21.0077644 105.7558544 20190810121702 ;
1 -0.0468 0.3110 -0.0333 21.0077644 105.7558544 20190810121702 ;
1 -0.1391 0.2033 -0.2486 21.0077644 105.7558544 20190810121702 ;
1 -0.0676 0.3424 -0.2865 21.0077644 105.7558544 20190810121702 ;
1 -0.0972 0.7015 -0.1075 21.0077644 105.7558544 20190810121702 ;
1 -0.2112 -0.0584 -0.3045 21.0077644 105.7558544 20190810121702 ;
1 -0.2448 0.4806 0.3712 21.0077644 105.7558544 20190810121702 ;
1 0.0103 0.9163 -0.1397 21.0077644 105.7558544 20190810121702 ;
1 0.0732 0.0453 -0.2716 21.0077644 105.7558544 20190810121702 ;
1 -0.2657 0.4501 0.5566 21.0077644 105.7558544 20190810121702 ;
1 -0.0438 0.3052 -0.2715 21.0077644 105.7558544 20190810121702 ;
1 0.0345 0.0465 -0.1634 21.0077644 105.7558544 20190810121702 ;
1 -0.0071 0.2310 0.4722 21.0077644 105.7558544 20190810121702 ;
1 -0.0155 0.1098 0.2068 21.0077644 105.7558544 20190810121702 ;
1 -0.0456 0.4111 -0.0965 21.0077644 105.7558544 20190810121702 ;
1 -0.0840 0.2092 -0.5579 21.0077644 105.7558544 20190810121702 ;
1 0.0405 -0.1443 -0.6543 21.0077644 105.7558544 20190810121702 ;
1 -0.0239 -0.0685 -0.3674 21.0077644 105.7558544 20190810121702 ;
1 -0.1696 0.1946 -0.3215 21.0077644 105.7558544 20190810121702 ;
1 -0.0756 -0.3686 -0.5497 21.0077644 105.7558544 20190810121702 ;
1 -0.0965 0.3080 -0.1082 21.0077644 105.7558544 20190810121702 ;
1 -0.0224 0.4551 -0.6568 21.0077644 105.7558544 20190810121702 ;
1 -0.2322 0.1709 -0.3331 21.0077644 105.7558544 20190810121702 ;
1 -0.1245 0.3416 0.2681 21.0077644 105.7558544 20190810121702 ;
1 -0.0555 0.5825 -0.3246 21.0077644 105.7558544 20190810121702 ;
1 -0.0447 0.3426 -0.0164 21.0077644 105.7558544 20190810121702 ;
1 -0.1855 0.5941 0.6590 21.0077644 105.7558544 20190810121702 ;
1 0.0409 0.6404 -0.0083 21.0077181 105.7560451 20190810121702 ;
1 0.0703 0.4314 -0.1697 21.0077181 105.7560451 20190810121702 ;
1 -0.2852 0.8012 0.6579 21.0077181 105.7560451 20190810121702 ;
1 0.0333 0.3415 -0.0372 21.0077181 105.7560451 20190810121702 ;
1 -0.0404 0.5533 -0.0471 21.0077181 105.7560451 20190810121702 ;
1 -0.0502 0.5748 -0.1140 21.0077181 105.7560451 20190810121702 ;
1 -0.0418 0.4965 0.1768 21.0077181 105.7560451 20190810121702 ;
1 -0.2232 0.4829 0.3220 21.0077181 105.7560451 20190810121702 ;
1 -0.0601 0.4076 -0.4596 21.0077181 105.7560451 20190810121702 ;
1 -0.1035 0.2921 -0.3877 21.0077181 105.7560451 20190810121702 ;
1 -0.0215 0.1570 0.2753 21.0077181 105.7560451 20190810121702 ;
1 -0.1432 0.5754 0.2227 21.0077181 105.7560451 20190810121702 ;
1 -0.0520 0.3035 -0.3537 21.0077181 105.7560451 20190810121702 ;
1 0.0295 0.5245 -0.0460 21.0077181 105.7560451 20190810121702 ;
1 -0.0555 0.5180 0.1312 21.0077181 105.7560451 20190810121702 ;
1 0.0307 0.4926 -0.2083 21.0077181 105.7560451 20190810121702 ;
1 -0.1921 0.2969 -0.0840 21.0077181 105.7560451 20190810121703 ;
1 -0.0561 0.6861 -0.1354 21.0077181 105.7560451 20190810121703 ;
1 0.1356 0.4869 -0.2782 21.0077181 105.7560451 20190810121703 ;
1 -0.1522 0.6736 -0.1923 21.0077181 105.7560451 20190810121703 ;
1 0.0379 0.4320 -0.4091 21.0077181 105.7560451 20190810121703 ;
1 -0.0113 0.7449 -0.0253 21.0077181 105.7560451 20190810121703 ;
1 0.0823 0.4765 -0.5246 21.0077181 105.7560451 20190810121703 ;
1 -0.0080 0.5195 -0.3873 21.0077181 105.7560451 20190810121703 ;
1 -0.0821 0.4978 -0.2559 21.0077181 105.7560451 20190810121703 ;
1 0.1004 0.4016 -0.5107 21.0077181 105.7560451 20190810121703 ;
1 -0.0719 0.6808 -0.6093 21.0077181 105.7560451 20190810121703 ;
1 -0.0998 0.5899 -0.1724 21.0077181 105.7560451 20190810121703 ;
1 0.0360 0.4947 -0.4739 21.0077181 105.7560451 20190810121703 ;
1 -0.0434 0.5030 -0.3654 21.0077181 105.7560451 20190810121703 ;
1 -0.1844 0.4277 0.0796 21.0077181 105.7560451 20190810121703 ;
1 -0.1159 0.4919 0.1859 21.0077181 105.7560451 20190810121703 ;
1 0.0023 0.5552 -0.5708 21.0077181 105.7560451 20190810121703 ;
1 -0.2210 0.7848 -0.0958 21.0077181 105.7560451 20190810121703 ;
1 0.0897 0.3462 0.1881 21.0077181 105.7560451 20190810121703 ;
1 -0.1886 0.7076 0.4073 21.0077181 105.7560451 20190810121703 ;
1 -0.3726 0.4987 0.8763 21.0077181 105.7560451 20190810121703 ;
1 -0.0174 0.3073 0.6054 21.0077181 105.7560451 20190810121703 ;
1 0.1071 0.7265 0.4418 21.0077181 105.7560451 20190810121703 ;
1 -0.1732 0.4338 0.7044 21.0077181 105.7560451 20190810121703 ;
1 -0.4083 0.4362 1.4502 21.0077181 105.7560451 20190810121703 ;
1 -0.0481 0.4863 0.5159 21.0077181 105.7560451 20190810121703 ;
1 -0.0548 0.3657 0.7027 21.0077181 105.7560451 20190810121703 ;
1 -0.2190 0.4061 1.2580 21.0077181 105.7560451 20190810121703 ;
1 -0.1818 0.3666 0.7617 21.0077181 105.7560451 20190810121703 ;
1 -0.0518 0.0952 0.1649 21.0077181 105.7560451 20190810121703 ;
1 -0.0800 0.4590 0.7204 21.0076778 105.7562402 20190810121703 ;
1 -0.1172 0.0452 0.7750 21.0076778 105.7562402 20190810121703 ;
1 -0.0649 0.0821 0.1805 21.0076778 105.7562402 20190810121703 ;
1 -0.1116 0.4722 0.2806 21.0076778 105.7562402 20190810121703 ;
1 0.0178 0.0816 -0.2568 21.0076778 105.7562402 20190810121703 ;
1 -0.0270 0.2778 -0.1707 21.0076778 105.7562402 20190810121703 ;
1 0.0078 0.0506 -0.4133 21.0076778 105.7562402 20190810121703 ;
1 -0.0671 0.3003 -0.6275 21.0076778 105.7562402 20190810121703 ;
1 -0.0068 0.2001 -0.3158 21.0076778 105.7562402 20190810121703 ;
1 -0.0122 0.2378 -0.5195 21.0076778 105.7562402 20190810121703 ;
1 -0.1489 0.1285 -0.2713 21.0076778 105.7562402 20190810121703 ;
1 -0.0843 0.4069 -0.4116 21.0076778 105.7562402 20190810121703 ;
1 -0.0072 0.3232 -0.9114 21.0076778 105.7562402 20190810121703 ;
1 -0.0254 0.4969 -0.9711 21.0076778 105.7562402 20190810121703 ;
1 -0.3796 0.2200 -0.1108 21.0076778 105.7562402 20190810121703 ;
1 -0.0307 0.3683 -0.5789 21.0076778 105.7562402 20190810121703 ;
1 0.2364 0.4625 -0.3784 21.0076778 105.7562402 20190810121703 ;
1 -0.1674 0.1296 0.3872 21.0076778 105.7562402 20190810121703 ;
1 -0.3553 0.7162 0.6839 21.0076778 105.7562402 20190810121704 ;
1 0.1009 0.3590 -0.9535 21.0076778 105.7562402 20190810121704 ;
1 0.2116 0.1930 -0.8983 21.0076778 105.7562402 20190810121704 ;
1 -0.2779 0.2348 0.7467 21.0076778 105.7562402 20190810121704 ;
1 -0.1313 0.5530 -0.0834 21.0076778 105.7562402 20190810121704 ;
1 0.0737 -0.0833 -0.4557 21.0076778 105.7562402 20190810121704 ;
1 -0.1355 0.3123 0.2442 21.0076778 105.7562402 20190810121704 ;
1 -0.0281 0.2399 -0.0646 21.0076778 105.7562402 20190810121704 ;
1 -0.1798 0.1421 -0.3752 21.0076778 105.7562402 20190810121704 ;
1 -0.1903 0.1518 -0.2816 21.0076778 105.7562402 20190810121704 ;
1 -0.1250 -0.0502 -0.0128 21.0076778 105.7562402 20190810121704 ;
1 -0.1455 0.3622 0.3491 21.0076778 105.7562402 20190810121704 ;
1 -0.0521 0.0205 0.5497 21.0076778 105.7562402 20190810121704 ;
1 -0.1113 0.1916 0.2336 21.0076778 105.7562402 20190810121704 ;
1 -0.0738 0.2329 0.0630 21.0076778 105.7562402 20190810121704 ;
1 -0.0768 -0.0127 0.5550 21.0076778 105.7562402 20190810121704 ;
1 -0.1254 0.3991 0.3198 21.0076778 105.7562402 20190810121704 ;
1 -0.0087 0.1392 -0.0142 21.0076778 105.7562402 20190810121704 ;
1 -0.0023 0.2090 0.1893 21.0076778 105.7562402 20190810121704 ;
1 -0.1350 0.4252 0.2074 21.0076778 105.7562402 20190810121704 ;
1 -0.1498 0.1822 -0.1111 21.0076778 105.7562402 20190810121704 ;
1 -0.0947 0.2896 0.0877 21.0076778 105.7562402 20190810121704 ;
1 0.0235 0.3028 -0.1427 21.0076778 105.7562402 20190810121704 ;
1 -0.0598 0.4506 0.0146 21.0076778 105.7562402 20190810121704 ;
1 -0.2660 0.4081 0.1032 21.0076778 105.7562402 20190810121704 ;
1 -0.0886 0.3365 -0.1744 21.0076778 105.7562402 20190810121704 ;
1 0.0038 0.2675 -0.0796 21.0076778 105.7562402 20190810121704 ;
1 0.0066 0.4727 -0.1496 21.0076778 105.7562402 20190810121704 ;
1 -0.0918 0.2741 0.2108 21.0076778 105.7562402 20190810121704 ;
1 0.0314 0.2396 0.0484 21.0076778 105.7562402 20190810121704 ;
1 -0.0582 0.5787 -0.3114 21.0076778 105.7562402 20190810121704 ;
1 0.0098 0.1518 -0.1561 21.0076778 105.7562402 20190810121704 ;
1 -0.0475 0.5176 -0.0938 21.0076778 105.7562402 20190810121704 ;
1 -0.0761 0.3758 -0.5402 21.0076778 105.7562402 20190810121704 ;
1 -0.1576 0.4741 -0.5594 21.0076778 105.7562402 20190810121704 ;
1 -0.0030 0.4038 -0.6011 21.0076778 105.7562402 20190810121704 ;
1 -0.0044 0.4527 -0.6045 21.0076275 105.7564334 20190810121704 ;
1 -0.1495 0.4196 -0.3518 21.0076275 105.7564334 20190810121704 ;
1 -0.1779 0.5463 -0.0426 21.0076275 105.7564334 20190810121704 ;
1 -0.0321 0.4209 -0.1680 21.0076275 105.7564334 20190810121704 ;
1 -0.0784 0.3259 -0.2191 21.0076275 105.7564334 20190810121704 ;
1 -0.2592 0.4912 0.3662 21.0076275 105.7564334 20190810121704 ;
1 -0.0351 0.1929 0.0202 21.0076275 105.7564334 20190810121704 ;
1 -0.1292 0.4521 0.0931 21.0076275 105.7564334 20190810121704 ;
1 -0.2468 0.5413 0.3970 21.0076275 105.7564334 20190810121704 ;
1 -0.1413 0.1567 0.0663 21.0076275 105.7564334 20190810121704 ;
1 -0.3427 0.5964 0.2831 21.0076275 105.7564334 20190810121704 ;
1 -0.8038 0.5113 1.4056 21.0076275 105.7564334 20190810121704 ;
1 -0.8967 0.3615 1.8605 21.0076275 105.7564334 20190810121705 ;
1 -0.8030 0.5117 1.7994 21.0076275 105.7564334 20190810121705 ;
1 -1.0592 0.4196 2.0601 21.0076275 105.7564334 20190810121705 ;
1 -1.2266 0.6545 2.4655 21.0076275 105.7564334 20190810121705 ;
1 -1.0658 0.1110 2.3227 21.0076275 105.7564334 20190810121705 ;
1 -1.1488 0.6847 3.5157 21.0076275 105.7564334 20190810121705 ;
1 -0.7056 0.7226 3.7559 21.0076275 105.7564334 20190810121705 ;
1 -0.5797 0.5305 3.7147 21.0076275 105.7564334 20190810121705 ;
1 -0.3804 0.3773 3.4019 21.0076275 105.7564334 20190810121705 ;
1 -0.7798 0.5285 4.8044 21.0076275 105.7564334 20190810121705 ;
1 -0.4771 0.0596 3.6359 21.0076275 105.7564334 20190810121705 ;
1 0.6776 0.8737 -0.5839 21.0076275 105.7564334 20190810121705 ;
1 -0.5695 0.3423 0.1289 21.0076275 105.7564334 20190810121705 ;
1 -0.0002 0.0253 -3.1125 21.0076275 105.7564334 20190810121705 ;
1 0.3757 0.1139 -5.1463 21.0076275 105.7564334 20190810121705 ;
1 -0.1838 -0.0416 -2.4516 21.0076275 105.7564334 20190810121705 ;
1 -0.1542 0.9150 -0.4314 21.0076275 105.7564334 20190810121705 ;
1 0.6715 -0.4836 -5.4139 21.0076275 105.7564334 20190810121705 ;
1 -0.5372 -0.5999 -8.2731 21.0076275 105.7564334 20190810121705 ;
1 -2.0664 0.8691 -5.0725 21.0076275 105.7564334 20190810121705 ;
1 0.8341 -1.2470 -8.8727 21.0076275 105.7564334 20190810121705 ;
1 0.1272 0.2181 -8.3532 21.0076275 105.7564334 20190810121705 ;
1 -0.7099 -0.3627 -6.1065 21.0076275 105.7564334 20190810121705 ;
1 -0.9658 1.1420 -1.6488 21.0076275 105.7564334 20190810121705 ;
1 -0.2776 -0.5297 -3.1760 21.0076275 105.7564334 20190810121705 ;
1 0.3512 -0.1049 -2.8131 21.0076275 105.7564334 20190810121705 ;
1 -0.4074 -0.2013 -0.3311 21.0076275 105.7564334 20190810121705 ;
1 -1.1690 1.0697 -0.4938 21.0076275 105.7564334 20190810121705 ;
1 -0.2201 0.0947 -1.5668 21.0076275 105.7564334 20190810121705 ;
1 -0.6248 0.3290 -0.0375 21.0076275 105.7564334 20190810121705 ;
1 -0.6838 0.4693 1.1249 21.0076275 105.7564334 20190810121705 ;
1 -0.3180 0.9036 0.7700 21.0076275 105.7564334 20190810121705 ;
1 -0.3475 -0.3440 1.4148 21.0076275 105.7564334 20190810121705 ;
1 -0.6538 0.5753 2.7871 21.0076275 105.7564334 20190810121705 ;
1 -0.3617 0.4787 1.9280 21.0076275 105.7564334 20190810121705 ;
1 -0.5357 0.4499 2.3041 21.0075804 105.7566256 20190810121705 ;
1 -0.4876 0.2744 3.1652 21.0075804 105.7566256 20190810121705 ;
1 -0.2575 0.4523 2.2721 21.0075804 105.7566256 20190810121705 ;
1 -0.5355 0.1937 2.2191 21.0075804 105.7566256 20190810121705 ;
1 -0.4599 0.3546 3.0029 21.0075804 105.7566256 20190810121705 ;
1 0.0444 0.2795 1.6977 21.0075804 105.7566256 20190810121705 ;
1 -0.2564 0.1378 1.5813 21.0075804 105.7566256 20190810121705 ;
1 0.1148 0.4867 0.9608 21.0075804 105.7566256 20190810121705 ;
1 -0.4587 -0.5677 -0.2664 21.0075804 105.7566256 20190810121705 ;
1 -0.3415 0.5703 0.2592 21.0075804 105.7566256 20190810121705 ;
1 -0.1608 -0.2338 -0.7778 21.0075804 105.7566256 20190810121705 ;
1 -0.1648 0.0499 -0.7367 21.0075804 105.7566256 20190810121705 ;
1 -0.1311 -0.2314 -0.7089 21.0075804 105.7566256 20190810121705 ;
1 -0.4595 0.2843 -0.6569 21.0075804 105.7566256 20190810121705 ;
1 -0.2278 -0.1422 -1.1962 21.0075804 105.7566256 20190810121705 ;
1 -0.2690 0.0998 -0.8621 21.0075804 105.7566256 20190810121706 ;
1 -0.1978 -0.0872 -0.8621 21.0075804 105.7566256 20190810121706 ;
1 -0.3315 -0.0890 -0.6556 21.0075804 105.7566256 20190810121706 ;
1 -0.4805 0.0880 -0.2579 21.0075804 105.7566256 20190810121706 ;
1 -0.4818 -0.0066 -0.0538 21.0075804 105.7566256 20190810121706 ;
1 0.1196 -0.1137 -1.4514 21.0075804 105.7566256 20190810121706 ;
1 -0.0492 0.0396 -0.8486 21.0075804 105.7566256 20190810121706 ;
1 -0.3948 -0.1330 0.1630 21.0075804 105.7566256 20190810121706 ;
1 -0.8477 -0.3005 0.7837 21.0075804 105.7566256 20190810121706 ;
1 -0.5346 -0.0583 1.6955 21.0075804 105.7566256 20190810121706 ;
1 0.3650 0.4262 -0.8820 21.0075804 105.7566256 20190810121706 ;
1 -0.4125 0.2768 -0.7372 21.0075804 105.7566256 20190810121706 ;
1 0.3834 -0.9046 -4.7683 21.0075804 105.7566256 20190810121706 ;
1 0.0257 0.0623 -2.8957 21.0075804 105.7566256 20190810121706 ;
1 1.2236 -0.6708 -3.2480 21.0075804 105.7566256 20190810121706 ;
1 -0.0374 0.4350 0.8443 21.0075804 105.7566256 20190810121706 ;
1 0.8721 -0.2474 -1.3632 21.0075804 105.7566256 20190810121706 ;
1 0.8017 0.0056 -4.7429 21.0075804 105.7566256 20190810121706 ;
1 -0.9820 -0.0047 -4.8494 21.0075804 105.7566256 20190810121706 ;
1 0.6041 -0.8179 -7.8986 21.0075804 105.7566256 20190810121706 ;
1 0.6337 -1.1662 -9.0962 21.0075804 105.7566256 20190810121706 ;
1 0.0361 0.8105 -7.0412 21.0075804 105.7566256 20190810121706 ;
1 -0.6906 -0.2589 -2.6567 21.0075804 105.7566256 20190810121706 ;
1 -0.6656 0.3761 -2.2543 21.0075804 105.7566256 20190810121706 ;
1 0.5418 -0.7157 -3.8549 21.0075804 105.7566256 20190810121706 ;
1 -0.1064 0.0821 -0.8636 21.0075804 105.7566256 20190810121706 ;
1 -0.9095 1.2228 0.2361 21.0075804 105.7566256 20190810121706 ;
1 -0.8184 -0.7115 1.8615 21.0075804 105.7566256 20190810121706 ;
1 -1.3003 0.4716 5.4871 21.0075804 105.7566256 20190810121706 ;
1 -1.3773 0.5088 5.9450 21.0075804 105.7566256 20190810121706 ;
1 -1.6066 0.2213 6.4997 21.0075804 105.7566256 20190810121706 ;
1 -0.9512 0.1036 6.9903 21.0075804 105.7566256 20190810121706 ;
1 -0.8489 0.4916 6.6491 21.0075804 105.7566256 20190810121706 ;
1 -0.4815 -0.2222 7.4978 21.0075804 105.7566256 20190810121706 ;
1 -0.0760 -0.1647 7.5985 21.0075804 105.7566256 20190810121706 ;
1 0.5481 0.8916 8.3774 21.0075519 105.7568239 20190810121706 ;
1 0.7953 0.1828 8.3443 21.0075519 105.7568239 20190810121706 ;
1 0.2258 -0.2924 6.8568 21.0075519 105.7568239 20190810121706 ;
1 0.1276 0.4493 3.7610 21.0075519 105.7568239 20190810121706 ;
1 0.5261 -0.1413 0.7190 21.0075519 105.7568239 20190810121706 ;
1 0.2640 -0.5417 -1.2479 21.0075519 105.7568239 20190810121706 ;
1 0.0862 -0.1307 -2.5230 21.0075519 105.7568239 20190810121706 ;
1 -0.3132 -0.7453 -2.7152 21.0075519 105.7568239 20190810121706 ;
1 0.5763 0.0586 -4.0866 21.0075519 105.7568239 20190810121706 ;
1 -0.0909 -0.5414 -3.9481 21.0075519 105.7568239 20190810121706 ;
1 0.1810 -0.3334 -3.4437 21.0075519 105.7568239 20190810121706 ;
1 0.4616 -0.6177 -3.9972 21.0075519 105.7568239 20190810121706 ;
1 -0.1049 -0.3936 -4.1056 21.0075519 105.7568239 20190810121706 ;
1 -0.7458 -0.1554 -2.9996 21.0075519 105.7568239 20190810121706 ;
1 0.3940 -0.5668 -3.8438 21.0075519 105.7568239 20190810121707 ;
1 0.2747 -0.7125 -3.5693 21.0075519 105.7568239 20190810121707 ;
1 -0.6275 -0.1770 -1.5079 21.0075519 105.7568239 20190810121707 ;
1 -0.1881 -0.2645 -1.9037 21.0075519 105.7568239 20190810121707 ;
1 0.1080 -0.4818 -2.5200 21.0075519 105.7568239 20190810121707 ;
1 -0.2380 -0.1018 -0.7103 21.0075519 105.7568239 20190810121707 ;
1 -0.6859 0.3810 0.4426 21.0075519 105.7568239 20190810121707 ;
1 -0.0541 -0.1760 -0.7073 21.0075519 105.7568239 20190810121707 ;
1 0.1101 -0.1748 0.3770 21.0075519 105.7568239 20190810121707 ;
1 0.0602 -0.2279 0.7501 21.0075519 105.7568239 20190810121707 ;
1 -0.3689 0.4814 1.0160 21.0075519 105.7568239 20190810121707 ;
1 0.0303 -0.7514 0.4205 21.0075519 105.7568239 20190810121707 ;
1 -0.3813 -0.2120 2.0436 21.0075519 105.7568239 20190810121707 ;
1 -0.1580 0.6198 2.3995 21.0075519 105.7568239 20190810121707 ;
1 0.3055 0.2561 -0.1490 21.0075519 105.7568239 20190810121707 ;
1 -0.4888 -0.3581 2.4851 21.0075519 105.7568239 20190810121707 ;
1 -0.4699 -0.4372 1.8663 21.0075519 105.7568239 20190810121707 ;
1 0.1983 0.3588 0.5553 21.0075519 105.7568239 20190810121707 ;
1 -0.2174 0.0559 1.6315 21.0075519 105.7568239 20190810121707 ;
1 -0.3097 -0.9816 2.3338 21.0075519 105.7568239 20190810121707 ;
1 -0.0925 0.6285 0.8626 21.0075519 105.7568239 20190810121707 ;
1 0.0938 -1.1241 -1.0107 21.0075519 105.7568239 20190810121707 ;
