1 0.0943 -0.1043 -0.0397 21.001057 105.6093959 20190810120149 
1 0.2761 -0.1443 -0.1189 21.001057 105.6093959 20190810120149 
1 0.1209 0.1703 -0.2539 21.001057 105.6093959 20190810120149 
1 0.0688 0.1580 -0.1114 21.001057 105.6093959 20190810120149 
1 0.1586 0.0055 0.1544 21.001057 105.6093959 20190810120149 
1 0.0697 0.2179 0.2388 21.001057 105.6093959 20190810120149 
1 0.1737 0.0259 0.1077 21.001057 105.6093959 20190810120149 
1 0.1689 -0.1584 0.1196 21.001057 105.6093959 20190810120149 
1 0.0850 -0.1243 0.1475 21.001057 105.6093959 20190810120149 
1 0.1102 -0.0345 0.1311 21.001057 105.6093959 20190810120149 
1 0.0602 -0.2351 0.0034 21.001057 105.6093959 20190810120149 
1 0.0276 -0.2886 0.4747 21.001057 105.6093959 20190810120149 
1 0.1718 -0.0182 0.0952 21.001057 105.6093959 20190810120149 
1 0.2341 -0.0423 0.2631 21.001057 105.6093959 20190810120150 
1 0.2663 -0.2337 0.0412 21.001057 105.6093959 20190810120150 
1 -0.0109 -0.2194 0.5066 21.001057 105.6093959 20190810120150 
1 0.2279 0.1554 0.0383 21.001057 105.6093959 20190810120150 
1 0.2607 -0.2173 0.0016 21.001057 105.6093959 20190810120150 
1 0.0884 -0.1463 0.2647 21.001057 105.6093959 20190810120150 
1 0.1608 -0.0148 0.1637 21.001057 105.6093959 20190810120150 
1 0.2105 -0.1232 -0.3254 21.001057 105.6093959 20190810120150 
1 0.2718 -0.1958 0.0288 21.001057 105.6093959 20190810120150 
1 0.1131 0.0916 -0.2865 21.001057 105.6093959 20190810120150 
1 0.1191 -0.0551 -0.6214 21.001057 105.6093959 20190810120150 
1 0.0854 -0.0236 0.1430 21.001057 105.6093959 20190810120150 
1 0.2676 0.2300 -0.3714 21.001057 105.6093959 20190810120150 
1 0.0189 -0.1099 -0.6806 21.001057 105.6093959 20190810120150 
1 0.2213 0.0038 -0.3312 21.001057 105.6093959 20190810120150 
1 0.0786 -0.2083 -0.2035 21.001057 105.6093959 20190810120150 
1 0.2226 0.1901 -0.5615 21.001057 105.6093959 20190810120150 
1 0.1734 0.0222 -0.2412 21.001057 105.6093959 20190810120150 
1 -0.0379 -0.3400 -0.1422 21.001057 105.6093959 20190810120150 
1 0.0509 0.2915 0.1510 21.001057 105.6093959 20190810120150 
1 0.0389 -0.2187 -0.3313 21.001057 105.6093959 20190810120150 
1 -0.1027 0.1132 0.1514 21.001057 105.6093959 20190810120150 
1 -0.0124 -0.2652 -0.1017 21.0010583 105.6095465 20190810120150 
1 0.1912 0.1702 0.1168 21.0010583 105.6095465 20190810120150 
1 0.1488 -0.1251 -0.0058 21.0010583 105.6095465 20190810120150 
1 0.1870 -0.0392 0.0202 21.0010583 105.6095465 20190810120150 
1 -0.0581 -0.0902 0.1698 21.0010583 105.6095465 20190810120150 
1 0.1417 0.0240 0.5399 21.0010583 105.6095465 20190810120150 
1 0.1895 -0.0662 0.2624 21.0010583 105.6095465 20190810120150 
1 0.1448 -0.2768 -0.0242 21.0010583 105.6095465 20190810120150 
1 -0.0473 0.1219 0.3600 21.0010583 105.6095465 20190810120150 
1 0.1377 -0.1996 0.2282 21.0010583 105.6095465 20190810120150 
1 0.1891 0.0287 0.3870 21.0010583 105.6095465 20190810120150 
1 0.1680 0.0553 0.0491 21.0010583 105.6095465 20190810120150 
1 0.0151 0.0548 0.0822 21.0010583 105.6095465 20190810120150 
1 0.1241 -0.2747 0.1435 21.0010583 105.6095465 20190810120150 
1 0.1176 -0.0150 0.2391 21.0010583 105.6095465 20190810120150 
1 0.2140 -0.1042 -0.0556 21.0010583 105.6095465 20190810120150 
1 0.1206 0.0237 0.2483 21.0010583 105.6095465 20190810120150 
1 0.0467 -0.1051 0.1107 21.0010583 105.6095465 20190810120150 
1 0.1449 0.2031 -0.0102 21.0010583 105.6095465 20190810120150 
1 0.0588 -0.0236 -0.1900 21.0010583 105.6095465 20190810120150 
1 0.0562 -0.1168 -0.0526 21.0010583 105.6095465 20190810120150 
1 0.0783 0.0265 -0.1725 21.0010583 105.6095465 20190810120150 
1 0.0844 -0.1448 -0.0604 21.0010583 105.6095465 20190810120150 
1 -0.0170 0.1058 0.1008 21.0010583 105.6095465 20190810120150 
1 0.0991 0.0926 -0.1291 21.0010583 105.6095465 20190810120150 
1 0.1631 -0.2603 0.0883 21.0010583 105.6095465 20190810120150 
1 0.0666 -0.0315 0.1027 21.0010583 105.6095465 20190810120150 
1 -0.0123 0.1002 -0.0633 21.0010583 105.6095465 20190810120150 
1 0.1521 0.0213 -0.0548 21.0010583 105.6095465 20190810120150 
1 0.0210 -0.2415 0.3456 21.0010583 105.6095465 20190810120151 
1 0.0477 0.2182 0.2718 21.0010583 105.6095465 20190810120151 
1 -0.0308 0.0502 0.0388 21.0010583 105.6095465 20190810120151 
1 0.1434 -0.3684 0.1573 21.0010583 105.6095465 20190810120151 
1 0.0386 -0.0456 0.3049 21.0010583 105.6095465 20190810120151 
1 0.0737 0.0030 -0.1558 21.0010583 105.6095465 20190810120151 
1 0.0023 -0.1241 0.4599 21.0010583 105.6095465 20190810120151 
1 0.1002 -0.0794 0.4043 21.0010583 105.6095465 20190810120151 
1 0.1598 0.0344 0.1206 21.0010583 105.6095465 20190810120151 
1 -0.0503 -0.0408 0.2688 21.0010583 105.6095465 20190810120151 
1 -0.0617 -0.2819 0.3756 21.0010583 105.6095465 20190810120151 
1 0.2320 0.0245 -0.1583 21.0010583 105.6095465 20190810120151 
1 0.1069 0.1160 -0.0723 21.0010583 105.6095465 20190810120151 
1 -0.0692 -0.2881 0.6080 21.0010583 105.6095465 20190810120151 
1 0.2539 0.2880 0.3398 21.0010583 105.6095465 20190810120151 
1 0.2315 -0.0645 -0.4115 21.0010583 105.6095465 20190810120151 
1 -0.0183 0.0452 0.0366 21.0010583 105.6095465 20190810120151 
1 0.1090 0.0318 -0.3220 21.0010583 105.6095465 20190810120151 
1 0.1345 -0.0529 -0.2822 21.0010583 105.6095465 20190810120151 
1 0.1000 -0.1606 0.2755 21.0010583 105.6095465 20190810120151 
1 0.0313 0.2013 0.0879 21.0010575 105.609695 20190810120151 
1 0.1340 0.0478 -0.4918 21.0010575 105.609695 20190810120151 
1 0.0370 -0.1354 -0.0456 21.0010575 105.609695 20190810120151 
1 0.1446 -0.0092 -0.4930 21.0010575 105.609695 20190810120151 
1 0.0108 0.3049 -0.3199 21.0010575 105.609695 20190810120151 
1 0.1515 -0.4672 -0.5005 21.0010575 105.609695 20190810120151 
1 0.1673 -0.0266 0.1231 21.0010575 105.609695 20190810120151 
1 -0.1274 0.0074 -0.0402 21.0010575 105.609695 20190810120151 
1 0.0833 0.0338 0.0754 21.0010575 105.609695 20190810120151 
1 0.1204 -0.3334 -0.0333 21.0010575 105.609695 20190810120151 
1 0.1263 0.1026 0.0623 21.0010575 105.609695 20190810120151 
1 -0.0005 -0.0122 -0.1761 21.0010575 105.609695 20190810120151 
1 0.0557 -0.3412 0.1122 21.0010575 105.609695 20190810120151 
1 0.0306 0.0039 0.1938 21.0010575 105.609695 20190810120151 
1 0.0999 -0.0432 0.0540 21.0010575 105.609695 20190810120151 
1 0.0051 -0.4207 0.3905 21.0010575 105.609695 20190810120151 
1 -0.0326 0.0230 0.8183 21.0010575 105.609695 20190810120151 
1 0.1181 0.2317 -0.0244 21.0010575 105.609695 20190810120151 
1 0.2053 -0.7607 0.0176 21.0010575 105.609695 20190810120151 
1 0.2174 -0.1567 0.4281 21.0010575 105.609695 20190810120151 
1 -0.2451 0.3129 0.2762 21.0010575 105.609695 20190810120151 
1 0.1064 -0.1954 0.3202 21.0010575 105.609695 20190810120151 
1 0.1744 0.1782 0.7672 21.0010575 105.609695 20190810120151 
1 0.0146 0.2059 -0.0165 21.0010575 105.609695 20190810120151 
1 0.0112 0.3829 0.3884 21.0010575 105.609695 20190810120151 
1 0.1847 -0.3095 0.0546 21.0010575 105.609695 20190810120151 
1 0.2733 -0.2512 -0.8123 21.0010575 105.609695 20190810120151 
1 -0.1024 -0.3843 -0.4030 21.0010575 105.609695 20190810120152 
1 -0.2652 0.7944 1.1008 21.0010575 105.609695 20190810120152 
1 0.3950 -0.2371 -0.3226 21.0010575 105.609695 20190810120152 
1 0.4806 0.3061 -0.6920 21.0010575 105.609695 20190810120152 
1 -0.5525 -0.2766 0.8172 21.0010575 105.609695 20190810120152 
1 0.2182 0.4736 -0.0761 21.0010575 105.609695 20190810120152 
1 0.2262 -0.1162 -0.6826 21.0010575 105.609695 20190810120152 
1 0.2855 -0.4304 -0.8925 21.0010575 105.609695 20190810120152 
1 -0.1661 -0.2420 -0.6990 21.0010575 105.609695 20190810120152 
1 -0.2888 0.7268 1.0556 21.0010575 105.609695 20190810120152 
1 0.1368 -0.2229 1.0924 21.0010575 105.609695 20190810120152 
1 0.3678 0.4747 -0.5953 21.0010575 105.609695 20190810120152 
1 -0.0926 -0.0071 -1.0709 21.0010575 105.609695 20190810120152 
1 -0.2058 0.0880 0.5771 21.0010575 105.609695 20190810120152 
1 0.1405 -0.1204 -0.0185 21.0010575 105.609695 20190810120152 
1 -0.0907 0.1905 0.0631 21.0010575 105.609695 20190810120152 
1 0.3741 -0.4106 -0.5555 21.0010575 105.609695 20190810120152 
1 -0.2366 0.0037 0.6185 21.0010575 105.609695 20190810120152 
1 -0.1569 0.0766 0.9821 21.0010575 105.609695 20190810120152 
1 0.1036 0.4981 0.5309 21.0010575 105.609695 20190810120152 
1 0.2421 -0.3722 -0.0185 21.0010575 105.609695 20190810120152 
1 -0.0007 -0.0567 0.4853 21.0010698 105.6098501 20190810120152 
1 -0.1556 -0.0085 0.0107 21.0010698 105.6098501 20190810120152 
1 0.0553 -0.1847 0.1513 21.0010698 105.6098501 20190810120152 
1 -0.0227 -0.1359 0.4713 21.0010698 105.6098501 20190810120152 
1 0.1306 0.0309 0.2907 21.0010698 105.6098501 20190810120152 
1 0.0055 -0.0834 0.8667 21.0010698 105.6098501 20190810120152 
1 0.0577 0.0308 0.0410 21.0010698 105.6098501 20190810120152 
1 -0.0436 -0.2731 -0.3655 21.0010698 105.6098501 20190810120152 
1 -0.1918 0.2142 0.1869 21.0010698 105.6098501 20190810120152 
1 0.0567 -0.0754 0.6571 21.0010698 105.6098501 20190810120152 
1 0.2477 0.4481 0.4284 21.0010698 105.6098501 20190810120152 
1 -0.0012 -0.0888 0.0535 21.0010698 105.6098501 20190810120152 
1 0.0643 -0.2232 -0.4239 21.0010698 105.6098501 20190810120152 
1 0.0358 -0.1670 -0.4808 21.0010698 105.6098501 20190810120152 
1 -0.1610 0.1706 0.4907 21.0010698 105.6098501 20190810120152 
1 0.3317 -0.1607 -0.4636 21.0010698 105.6098501 20190810120152 
1 0.0175 0.4218 -0.0177 21.0010698 105.6098501 20190810120152 
1 -0.2565 0.1298 0.2484 21.0010698 105.6098501 20190810120152 
1 0.0952 0.3323 -0.0922 21.0010698 105.6098501 20190810120152 
1 0.1983 -0.1244 -0.2429 21.0010698 105.6098501 20190810120152 
1 0.1279 -0.1898 -0.3434 21.0010698 105.6098501 20190810120152 
1 -0.0575 -0.3412 -0.8888 21.0010698 105.6098501 20190810120152 
1 -0.1631 0.3727 0.3853 21.0010698 105.6098501 20190810120152 
1 0.1430 -0.4588 0.0447 21.0010698 105.6098501 20190810120152 
1 -0.0207 0.2962 0.1802 21.0010698 105.6098501 20190810120152 
1 0.0708 0.0245 -0.2023 21.0010698 105.6098501 20190810120152 
1 0.2135 -0.0746 -0.5711 21.0010698 105.6098501 20190810120152 
1 -0.3626 -0.3066 0.6199 21.0010698 105.6098501 20190810120152 
1 -0.0222 0.4536 0.4756 21.0010698 105.6098501 20190810120152 
1 0.2785 0.0109 -0.5916 21.0010698 105.6098501 20190810120152 
1 -0.0730 0.1904 0.3264 21.0010698 105.6098501 20190810120152 
1 -0.3389 -0.2285 0.2731 21.0010698 105.6098501 20190810120153 
1 -0.0096 0.4073 0.3649 21.0010698 105.6098501 20190810120153 
1 0.0727 -0.2700 0.6238 21.0010698 105.6098501 20190810120153 
1 0.2016 -0.2446 -0.1537 21.0010698 105.6098501 20190810120153 
1 -0.0215 -0.0436 0.0458 21.0010698 105.6098501 20190810120153 
1 -0.2354 -0.0106 0.9281 21.0010698 105.6098501 20190810120153 
1 0.1060 0.3839 0.2902 21.0010698 105.6098501 20190810120153 
1 0.2171 0.5724 -0.1323 21.0010698 105.6098501 20190810120153 
1 -0.0859 -0.5456 0.3640 21.0010698 105.6098501 20190810120153 
1 -0.1161 0.3899 0.2389 21.0010698 105.6098501 20190810120153 
1 0.0447 -0.0136 -0.7561 21.0010698 105.6098501 20190810120153 
1 0.1026 -0.3854 -0.2735 21.0010698 105.6098501 20190810120153 
1 0.0108 -0.1787 -0.2727 21.0010698 105.6098501 20190810120153 
1 -0.0713 0.3091 0.2296 21.0010698 105.6098501 20190810120153 
1 0.1141 -0.2565 0.2293 21.0010698 105.6098501 20190810120153 
1 0.0766 0.1539 -0.0099 21.0010698 105.6098501 20190810120153 
1 -0.0544 0.0378 -0.7659 21.0010698 105.6098501 20190810120153 
1 0.0838 -0.2731 -0.3522 21.0010698 105.6098501 20190810120153 
1 0.0427 0.0588 -0.3920 21.0010658 105.6100036 20190810120153 
1 -0.0802 0.2135 -0.3500 21.0010658 105.6100036 20190810120153 
1 -0.1174 -0.2659 -0.3023 21.0010658 105.6100036 20190810120153 
1 0.0426 0.0024 0.2244 21.0010658 105.6100036 20190810120153 
1 -0.2151 0.0977 0.0847 21.0010658 105.6100036 20190810120153 
1 0.0356 -0.0210 0.1675 21.0010658 105.6100036 20190810120153 
1 0.0746 -0.0636 -0.3284 21.0010658 105.6100036 20190810120153 
1 -0.1568 -0.2056 0.3087 21.0010658 105.6100036 20190810120153 
1 -0.1281 -0.0806 0.2207 21.0010658 105.6100036 20190810120153 
1 0.1346 -0.1371 -0.1856 21.0010658 105.6100036 20190810120153 
1 -0.0324 -0.0484 0.2731 21.0010658 105.6100036 20190810120153 
1 -0.0885 -0.1543 0.5128 21.0010658 105.6100036 20190810120153 
1 -0.1218 0.3525 0.6135 21.0010658 105.6100036 20190810120153 
1 0.0190 0.2804 0.7140 21.0010658 105.6100036 20190810120153 
1 0.0604 -0.3743 -0.1716 21.0010658 105.6100036 20190810120153 
1 -0.0720 0.0601 -0.0375 21.0010658 105.6100036 20190810120153 
1 -0.1153 -0.0875 -0.0010 21.0010658 105.6100036 20190810120153 
1 0.1205 -0.3221 -0.1114 21.0010658 105.6100036 20190810120153 
1 -0.0296 0.0991 0.3405 21.0010658 105.6100036 20190810120153 
1 0.0395 -0.0630 0.1643 21.0010658 105.6100036 20190810120153 
1 0.0163 -0.1347 0.0491 21.0010658 105.6100036 20190810120153 
1 -0.1165 0.0717 -0.0768 21.0010658 105.6100036 20190810120153 
1 -0.0238 0.1211 -0.2294 21.0010658 105.6100036 20190810120153 
1 0.2254 -0.1906 -0.5748 21.0010658 105.6100036 20190810120153 
1 -0.0332 -0.0197 -0.2152 21.0010658 105.6100036 20190810120153 
1 -0.0913 -0.1041 -0.4218 21.0010658 105.6100036 20190810120153 
1 -0.0081 0.1184 -0.1607 21.0010658 105.6100036 20190810120153 
1 -0.0035 -0.0496 -0.2193 21.0010658 105.6100036 20190810120153 
1 -0.0093 0.1209 -0.1383 21.0010658 105.6100036 20190810120153 
1 -0.0203 0.0389 -0.2947 21.0010658 105.6100036 20190810120153 
1 0.0634 0.0869 -0.3264 21.0010658 105.6100036 20190810120154 
1 0.0136 -0.0461 -0.6349 21.0010658 105.6100036 20190810120154 
1 0.1205 0.0838 -0.5798 21.0010658 105.6100036 20190810120154 
1 0.0201 -0.1252 -0.5911 21.0010658 105.6100036 20190810120154 
1 0.1000 0.1377 -0.3402 21.0010658 105.6100036 20190810120154 
1 0.2113 -0.0427 -0.6045 21.0010658 105.6100036 20190810120154 
1 0.2066 -0.0457 -0.7691 21.0010658 105.6100036 20190810120154 
1 0.2421 -0.1036 -0.9380 21.0010658 105.6100036 20190810120154 
1 0.0056 0.1034 -0.6455 21.0010658 105.6100036 20190810120154 
1 0.2746 -0.2667 -1.0865 21.0010658 105.6100036 20190810120154 
1 0.0507 -0.0270 -0.5953 21.0010658 105.6100036 20190810120154 
1 0.0286 0.0580 -0.9343 21.0010658 105.6100036 20190810120154 
1 0.0184 0.0015 -0.8168 21.0010658 105.6100036 20190810120154 
1 -0.0998 -0.2501 -0.8268 21.0010658 105.6100036 20190810120154 
1 -0.0437 0.1637 -0.7535 21.0010658 105.6100036 20190810120154 
1 -0.1625 -0.3153 -0.8535 21.0010658 105.6100036 20190810120154 
1 -0.2868 0.2186 0.0558 21.0010658 105.6100036 20190810120154 
1 -0.3613 -0.0181 0.0898 21.0010658 105.6100036 20190810120154 
1 -0.2088 0.2974 0.7851 21.0010658 105.6100036 20190810120154 
1 -0.3593 -0.2560 1.6979 21.0010658 105.6100036 20190810120154 
1 -0.2139 0.4971 1.9845 21.0010658 105.6100036 20190810120154 
1 -0.2735 -0.2186 1.4980 21.0010671 105.6101585 20190810120154 
1 -0.2666 0.6472 2.4040 21.0010671 105.6101585 20190810120154 
1 -0.0199 -0.0651 1.7027 21.0010671 105.6101585 20190810120154 
1 0.0728 0.3715 1.9804 21.0010671 105.6101585 20190810120154 
1 -0.0650 0.1223 2.1458 21.0010671 105.6101585 20190810120154 
1 0.2544 0.1096 1.4755 21.0010671 105.6101585 20190810120154 
1 0.1492 -0.1260 1.4866 21.0010671 105.6101585 20190810120154 
1 0.2696 -0.4158 1.2372 21.0010671 105.6101585 20190810120154 
1 0.2022 -0.0252 0.7142 21.0010671 105.6101585 20190810120154 
1 0.2717 -0.2250 -0.1983 21.0010671 105.6101585 20190810120154 
1 0.1977 -0.0640 -0.6268 21.0010671 105.6101585 20190810120154 
1 0.2044 -0.3554 -1.2475 21.0010671 105.6101585 20190810120154 
1 -0.0456 -0.0371 -1.3444 21.0010671 105.6101585 20190810120154 
1 -0.0134 -0.1499 -1.5803 21.0010671 105.6101585 20190810120154 
1 0.1072 -0.4329 -1.8525 21.0010671 105.6101585 20190810120154 
1 0.0621 -0.0397 -1.6171 21.0010671 105.6101585 20190810120154 
1 -0.0486 -0.1326 -1.8181 21.0010671 105.6101585 20190810120154 
1 -0.1358 -0.1699 -1.5928 21.0010671 105.6101585 20190810120154 
1 0.0159 -0.0603 -1.6248 21.0010671 105.6101585 20190810120154 
1 -0.0400 0.1662 -1.7035 21.0010671 105.6101585 20190810120154 
1 -0.1478 0.0644 -0.8186 21.0010671 105.6101585 20190810120154 
1 -0.0798 0.2869 -0.2805 21.0010671 105.6101585 20190810120154 
1 -0.1214 0.3649 -0.3702 21.0010671 105.6101585 20190810120154 
1 -0.0085 0.3193 0.2591 21.0010671 105.6101585 20190810120154 
1 -0.0794 0.2894 0.3419 21.0010671 105.6101585 20190810120154 
1 -0.1826 0.3989 0.2975 21.0010671 105.6101585 20190810120154 
1 -0.0686 0.1451 0.6344 21.0010671 105.6101585 20190810120154 
1 -0.0252 0.5091 0.8551 21.0010671 105.6101585 20190810120154 
1 -0.0870 0.3302 0.9570 21.0010671 105.6101585 20190810120154 
1 -0.0976 0.5417 1.3173 21.0010671 105.6101585 20190810120155 
1 -0.1189 0.2831 1.1465 21.0010671 105.6101585 20190810120155 
1 -0.0489 0.4679 1.0438 21.0010671 105.6101585 20190810120155 
1 0.0518 -0.2235 0.8316 21.0010671 105.6101585 20190810120155 
1 -0.0131 0.3376 0.9754 21.0010671 105.6101585 20190810120155 
1 -0.1067 -0.3006 0.4421 21.0010671 105.6101585 20190810120155 
1 -0.0787 0.2610 0.6033 21.0010671 105.6101585 20190810120155 
1 0.2136 -0.3753 -0.1593 21.0010671 105.6101585 20190810120155 
1 -0.1215 0.0298 0.1326 21.0010671 105.6101585 20190810120155 
1 -0.1731 -0.1178 0.5245 21.0010671 105.6101585 20190810120155 
1 0.2735 -0.1067 -0.2257 21.0010671 105.6101585 20190810120155 
1 0.1703 -0.2533 -0.7064 21.0010671 105.6101585 20190810120155 
1 -0.0557 -0.4079 -0.3602 21.0010671 105.6101585 20190810120155 
1 -0.0895 -0.1911 -0.2718 21.0010671 105.6101585 20190810120155 
1 0.0688 -0.1689 -0.4589 21.0010671 105.6101585 20190810120155 
1 0.2217 -0.0130 -0.9179 21.0010671 105.6101585 20190810120155 
1 -0.0225 -0.6006 -1.1921 21.0010671 105.6101585 20190810120155 
1 -0.1517 0.0708 -0.3122 21.0010671 105.6101585 20190810120155 
1 0.1416 -0.4253 -0.6928 21.0010671 105.6101585 20190810120155 
1 0.1651 -0.4919 -1.1529 21.0010671 105.6101585 20190810120155 
1 0.0662 -0.3565 -1.2472 21.0010671 105.6101585 20190810120155 
1 -0.0105 -0.1706 -1.1229 21.0010772 105.6103114 20190810120155 
1 -0.0372 -0.3729 -0.5408 21.0010772 105.6103114 20190810120155 
1 0.0469 -0.0349 -0.6061 21.0010772 105.6103114 20190810120155 
1 -0.0364 0.1861 -0.5581 21.0010772 105.6103114 20190810120155 
1 -0.0473 -0.0745 -0.4019 21.0010772 105.6103114 20190810120155 
1 -0.1480 0.0821 -0.0662 21.0010772 105.6103114 20190810120155 
1 -0.2052 0.1535 -0.1630 21.0010772 105.6103114 20190810120155 
1 -0.0969 0.0916 -0.0967 21.0010772 105.6103114 20190810120155 
1 -0.1455 0.1869 0.2614 21.0010772 105.6103114 20190810120155 
1 -0.0351 0.3930 0.3740 21.0010772 105.6103114 20190810120155 
1 -0.1883 0.1682 0.3894 21.0010772 105.6103114 20190810120155 
1 -0.1995 0.5199 1.0381 21.0010772 105.6103114 20190810120155 
1 0.1050 0.1656 0.8579 21.0010772 105.6103114 20190810120155 
1 0.0890 0.4846 0.9087 21.0010772 105.6103114 20190810120155 
1 0.0254 -0.0623 1.0723 21.0010772 105.6103114 20190810120155 
1 -0.1350 0.3224 1.2031 21.0010772 105.6103114 20190810120155 
1 0.0071 0.3680 0.8735 21.0010772 105.6103114 20190810120155 
1 0.2733 0.0471 -0.0049 21.0010772 105.6103114 20190810120155 
1 -0.0064 0.0664 0.0762 21.0010772 105.6103114 20190810120155 
1 -0.0771 -0.1994 -0.0722 21.0010772 105.6103114 20190810120155 
1 0.0457 -0.2451 -0.4446 21.0010772 105.6103114 20190810120155 
1 0.0889 -0.2694 -0.3761 21.0010772 105.6103114 20190810120155 
1 0.0737 -0.4040 -0.6139 21.0010772 105.6103114 20190810120155 
1 -0.0836 -0.2759 -0.4035 21.0010772 105.6103114 20190810120155 
1 -0.0868 0.0829 -0.0782 21.0010772 105.6103114 20190810120155 
1 0.1753 -0.4472 -0.7720 21.0010772 105.6103114 20190810120155 
1 0.0481 -0.2570 -0.6932 21.0010772 105.6103114 20190810120155 
1 -0.2123 -0.2342 -0.4611 21.0010772 105.6103114 20190810120155 
1 0.0225 -0.0617 -0.5586 21.0010772 105.6103114 20190810120155 
1 0.2156 -0.0400 -0.6304 21.0010772 105.6103114 20190810120156 
1 0.0182 -0.1312 -0.1642 21.0010772 105.6103114 20190810120156 
1 0.0486 -0.4969 -0.4955 21.0010772 105.6103114 20190810120156 
1 0.0952 -0.1206 -0.3703 21.0010772 105.6103114 20190810120156 
1 0.1711 -0.5074 -0.6682 21.0010772 105.6103114 20190810120156 
1 0.0155 -0.3301 -0.2254 21.0010772 105.6103114 20190810120156 
1 -0.0081 -0.3670 -0.1457 21.0010772 105.6103114 20190810120156 
1 0.1425 0.0019 -0.2623 21.0010772 105.6103114 20190810120156 
1 0.1172 0.1240 -0.8262 21.0010772 105.6103114 20190810120156 
1 -0.2229 0.1767 0.1125 21.0010772 105.6103114 20190810120156 
1 -0.5814 0.9945 1.0987 21.0010772 105.6103114 20190810120156 
1 0.3485 0.5599 -0.5131 21.0010772 105.6103114 20190810120156 
1 0.3149 -0.6861 -1.4710 21.0010772 105.6103114 20190810120156 
1 -0.8254 -0.1608 1.2809 21.0010772 105.6103114 20190810120156 
1 0.0459 0.8740 -0.1167 21.0010772 105.6103114 20190810120156 
1 0.2315 -0.6534 -0.4809 21.0010772 105.6103114 20190810120156 
1 0.0219 -0.3979 1.3132 21.0010772 105.6103114 20190810120156 
1 -0.1071 0.7142 0.6695 21.0010772 105.6103114 20190810120156 
1 -0.4505 0.7717 1.0351 21.0010772 105.6103114 20190810120156 
1 0.3018 -0.1909 1.7423 21.0010879 105.6104656 20190810120156 
1 0.6349 -0.5309 -0.2423 21.0010879 105.6104656 20190810120156 
1 -0.3850 0.2305 -0.1644 21.0010879 105.6104656 20190810120156 
1 0.3946 -0.7146 -0.0281 21.0010879 105.6104656 20190810120156 
1 0.0215 -0.2988 0.1210 21.0010879 105.6104656 20190810120156 
1 0.0671 -0.6763 -0.1589 21.0010879 105.6104656 20190810120156 
1 0.4218 0.1009 0.3086 21.0010879 105.6104656 20190810120156 
1 0.0450 -0.8534 -0.3121 21.0010879 105.6104656 20190810120156 
1 0.0758 -0.4222 -0.2749 21.0010879 105.6104656 20190810120156 
1 -0.1089 -0.2529 -0.8240 21.0010879 105.6104656 20190810120156 
1 0.2185 -0.4196 -1.0749 21.0010879 105.6104656 20190810120156 
1 0.1873 -0.5719 -0.9081 21.0010879 105.6104656 20190810120156 
1 -0.1426 -0.1634 -0.6397 21.0010879 105.6104656 20190810120156 
1 -0.0846 -0.1644 -0.5642 21.0010879 105.6104656 20190810120156 
1 -0.0037 -0.3304 -0.3071 21.0010879 105.6104656 20190810120156 
1 0.0802 -0.3628 -0.0602 21.0010879 105.6104656 20190810120156 
1 0.0030 -0.1947 -0.0934 21.0010879 105.6104656 20190810120156 
1 -0.0689 -0.5558 0.0348 21.0010879 105.6104656 20190810120156 
1 -0.1617 -0.3875 0.4325 21.0010879 105.6104656 20190810120156 
1 -0.0940 -0.1613 0.4210 21.0010879 105.6104656 20190810120156 
1 0.1316 -0.1554 0.5456 21.0010879 105.6104656 20190810120156 
1 0.0432 -0.5931 0.9830 21.0010879 105.6104656 20190810120156 
1 0.0510 -0.1794 0.7829 21.0010879 105.6104656 20190810120156 
1 0.0032 -0.1505 0.4166 21.0010879 105.6104656 20190810120156 
1 0.1645 -0.2004 0.4916 21.0010879 105.6104656 20190810120156 
1 0.2690 -0.1533 0.0286 21.0010879 105.6104656 20190810120156 
1 0.1091 0.0627 0.1577 21.0010879 105.6104656 20190810120156 
1 0.0365 0.1409 0.3310 21.0010879 105.6104656 20190810120156 
1 0.1801 0.0447 -0.2112 21.0010879 105.6104656 20190810120156 
1 0.1899 -0.2945 -0.3867 21.0010879 105.6104656 20190810120156 
1 0.0448 0.1872 -0.2996 21.0010879 105.6104656 20190810120157 
1 0.1499 0.0276 -1.0178 21.0010879 105.6104656 20190810120157 
1 0.0145 0.0720 -0.5287 21.0010879 105.6104656 20190810120157 
1 0.1672 -0.1778 -0.4702 21.0010879 105.6104656 20190810120157 
1 -0.0183 0.1980 -0.4525 21.0010879 105.6104656 20190810120157 
1 0.0138 -0.3973 -0.7830 21.0010879 105.6104656 20190810120157 
1 0.0214 0.2902 -0.1710 21.0010879 105.6104656 20190810120157 
1 0.0057 -0.3427 -0.4600 21.0010879 105.6104656 20190810120157 
1 -0.0850 0.1622 0.5104 21.0010879 105.6104656 20190810120157 
1 0.1211 -0.2514 -0.1604 21.0010879 105.6104656 20190810120157 
1 0.1181 0.1334 0.0550 21.0010879 105.6104656 20190810120157 
1 -0.1032 -0.5372 0.1200 21.0010879 105.6104656 20190810120157 
1 0.0310 0.0398 0.9145 21.0010879 105.6104656 20190810120157 
1 -0.0153 -0.5703 0.7184 21.0010879 105.6104656 20190810120157 
1 0.1390 0.0201 0.9363 21.0010879 105.6104656 20190810120157 
1 0.0105 -0.1941 0.4193 21.0010879 105.6104656 20190810120157 
1 -0.0458 -0.0403 0.9022 21.0010879 105.6104656 20190810120157 
1 0.0229 -0.2983 0.5663 21.0010879 105.6104656 20190810120157 
1 0.1906 0.0531 0.3388 21.0010879 105.6104656 20190810120157 
1 0.2302 -0.5903 -0.1168 21.0010879 105.6104656 20190810120157 
1 0.0896 0.3036 0.1463 21.0010879 105.6104656 20190810120157 
1 -0.0612 -0.2258 0.0161 21.0010897 105.61062 20190810120157 
1 0.0893 0.2270 0.1839 21.0010897 105.61062 20190810120157 
1 0.2836 -0.2438 -0.4915 21.0010897 105.61062 20190810120157 
1 0.0240 0.1484 -0.3738 21.0010897 105.61062 20190810120157 
1 -0.0173 -0.0637 -0.2875 21.0010897 105.61062 20190810120157 
1 0.0407 0.1225 -0.4967 21.0010897 105.61062 20190810120157 
1 0.0576 0.1433 -0.5160 21.0010897 105.61062 20190810120157 
1 0.0808 0.1276 -0.4531 21.0010897 105.61062 20190810120157 
1 -0.0301 0.2682 -0.2827 21.0010897 105.61062 20190810120157 
1 0.0237 0.4342 -0.1912 21.0010897 105.61062 20190810120157 
1 0.1199 -0.1706 -0.5851 21.0010897 105.61062 20190810120157 
1 0.0626 0.0680 0.0894 21.0010897 105.61062 20190810120157 
1 -0.1838 0.3261 0.4506 21.0010897 105.61062 20190810120157 
1 0.0125 0.0556 0.0157 21.0010897 105.61062 20190810120157 
1 -0.0928 0.2570 0.6143 21.0010897 105.61062 20190810120157 
1 -0.1402 0.0991 0.6213 21.0010897 105.61062 20190810120157 
1 -0.0102 0.1886 0.3456 21.0010897 105.61062 20190810120157 
1 -0.1747 0.1373 0.6800 21.0010897 105.61062 20190810120157 
1 -0.0051 0.0369 0.5428 21.0010897 105.61062 20190810120157 
1 -0.1316 -0.0141 0.8231 21.0010897 105.61062 20190810120157 
1 -0.2000 -0.0224 1.2159 21.0010897 105.61062 20190810120157 
1 0.0275 0.2309 0.6531 21.0010897 105.61062 20190810120157 
1 -0.1282 -0.1263 0.3626 21.0010897 105.61062 20190810120157 
1 0.0124 0.1512 0.5648 21.0010897 105.61062 20190810120157 
1 -0.0789 0.1889 -0.0569 21.0010897 105.61062 20190810120157 
1 -0.0714 0.0817 0.2178 21.0010897 105.61062 20190810120157 
1 0.0847 0.0746 0.1190 21.0010897 105.61062 20190810120157 
1 0.0463 0.2203 -0.1340 21.0010897 105.61062 20190810120157 
1 -0.0684 -0.0852 -0.0713 21.0010897 105.61062 20190810120158 
1 0.0298 0.2990 -0.0811 21.0010897 105.61062 20190810120158 
1 -0.0680 0.0139 -0.2917 21.0010897 105.61062 20190810120158 
1 0.1028 0.1710 -0.4819 21.0010897 105.61062 20190810120158 
1 -0.0233 0.0401 -0.5675 21.0010897 105.61062 20190810120158 
1 -0.1615 0.3201 -0.2588 21.0010897 105.61062 20190810120158 
1 0.0811 0.0506 -0.6207 21.0010897 105.61062 20190810120158 
1 -0.0178 -0.0666 -0.2418 21.0010897 105.61062 20190810120158 
1 -0.1025 0.3367 -0.0784 21.0010897 105.61062 20190810120158 
1 0.0139 -0.1177 -0.5056 21.0010897 105.61062 20190810120158 
1 -0.1628 0.1161 0.2842 21.0010897 105.61062 20190810120158 
1 -0.0476 0.1376 -0.1525 21.0010897 105.61062 20190810120158 
1 0.0397 0.1279 -0.2899 21.0010897 105.61062 20190810120158 
1 0.0091 -0.0009 0.3272 21.0010897 105.61062 20190810120158 
1 0.0336 0.0358 -0.0324 21.0010897 105.61062 20190810120158 
1 -0.2562 0.1732 0.4240 21.0010897 105.61062 20190810120158 
1 0.0332 0.0735 0.2722 21.0010897 105.61062 20190810120158 
1 0.1609 0.1802 -0.1038 21.0010897 105.61062 20190810120158 
1 -0.2509 0.2907 0.4262 21.0010897 105.61062 20190810120158 
1 -0.0039 0.0133 0.3246 21.0010898 105.6107808 20190810120158 
1 -0.0105 0.3817 0.2550 21.0010898 105.6107808 20190810120158 
1 0.0415 -0.0665 -0.2214 21.0010898 105.6107808 20190810120158 
1 0.0275 0.2993 -0.2389 21.0010898 105.6107808 20190810120158 
1 -0.2327 0.0643 0.4624 21.0010898 105.6107808 20190810120158 
1 0.0658 0.2541 0.1045 21.0010898 105.6107808 20190810120158 
1 0.0934 0.1633 -0.2134 21.0010898 105.6107808 20190810120158 
1 -0.1110 0.0681 -0.1336 21.0010898 105.6107808 20190810120158 
1 0.0325 0.0394 -0.0900 21.0010898 105.6107808 20190810120158 
1 -0.2514 -0.1180 -0.1012 21.0010898 105.6107808 20190810120158 
1 0.1210 0.3905 -0.2408 21.0010898 105.6107808 20190810120158 
1 0.1515 -0.2514 -0.7796 21.0010898 105.6107808 20190810120158 
1 -0.1901 0.3897 0.5101 21.0010898 105.6107808 20190810120158 
1 -0.0459 -0.0149 0.0146 21.0010898 105.6107808 20190810120158 
1 -0.0142 0.0750 -0.1595 21.0010898 105.6107808 20190810120158 
1 0.0269 0.0417 -0.1850 21.0010898 105.6107808 20190810120158 
1 -0.1421 0.1469 -0.0273 21.0010898 105.6107808 20190810120158 
1 -0.1641 -0.2843 0.1646 21.0010898 105.6107808 20190810120158 
1 -0.0299 0.2173 0.3356 21.0010898 105.6107808 20190810120158 
1 0.0903 -0.2217 -0.2740 21.0010898 105.6107808 20190810120158 
1 -0.1012 0.0904 0.3792 21.0010898 105.6107808 20190810120158 
1 -0.2559 0.0253 0.5350 21.0010898 105.6107808 20190810120158 
1 0.0475 0.0491 0.1004 21.0010898 105.6107808 20190810120158 
1 0.0203 -0.0080 0.1193 21.0010898 105.6107808 20190810120158 
1 -0.0953 -0.0200 0.4074 21.0010898 105.6107808 20190810120158 
1 -0.1058 0.1957 0.5654 21.0010898 105.6107808 20190810120158 
1 -0.0281 -0.2057 0.3152 21.0010898 105.6107808 20190810120158 
1 -0.0718 0.0637 0.3259 21.0010898 105.6107808 20190810120158 
1 -0.0543 0.0818 0.0860 21.0010898 105.6107808 20190810120159 
1 -0.0255 0.1554 0.2200 21.0010898 105.6107808 20190810120159 
1 0.0120 -0.2564 0.0823 21.0010898 105.6107808 20190810120159 
1 -0.1073 0.4022 0.2416 21.0010898 105.6107808 20190810120159 
1 0.0602 -0.5316 -0.1836 21.0010898 105.6107808 20190810120159 
1 -0.0136 0.1515 0.0885 21.0010898 105.6107808 20190810120159 
1 -0.1398 0.1156 -0.1713 21.0010898 105.6107808 20190810120159 
1 -0.0096 0.1830 -0.2311 21.0010898 105.6107808 20190810120159 
1 0.0522 -0.1338 0.0934 21.0010898 105.6107808 20190810120159 
1 -0.0316 -0.0108 0.0776 21.0010898 105.6107808 20190810120159 
1 -0.1149 0.0125 -0.3485 21.0010898 105.6107808 20190810120159 
1 -0.0580 -0.0595 -0.3962 21.0010898 105.6107808 20190810120159 
1 0.0204 -0.3583 -0.2024 21.0010898 105.6107808 20190810120159 
1 -0.0370 0.0569 -0.4609 21.0010898 105.6107808 20190810120159 
1 -0.0433 0.2626 -0.0625 21.0010898 105.6107808 20190810120159 
1 0.0393 0.0895 -0.1587 21.0010898 105.6107808 20190810120159 
1 -0.0822 0.0231 -0.0208 21.0010898 105.6107808 20190810120159 
1 0.1035 0.0203 -0.0402 21.0010898 105.6107808 20190810120159 
1 -0.1000 -0.0609 0.0256 21.0010898 105.6107808 20190810120159 
1 -0.0899 0.1675 -0.3002 21.0010898 105.6107808 20190810120159 
1 -0.0086 -0.0702 -0.2021 21.0010898 105.6107808 20190810120159 
1 -0.0843 0.3759 0.2005 21.0011009 105.6109417 20190810120159 
1 0.0018 -0.0625 -0.2982 21.0011009 105.6109417 20190810120159 
1 -0.0906 0.1378 -0.0353 21.0011009 105.6109417 20190810120159 
1 -0.0570 0.0653 0.0544 21.0011009 105.6109417 20190810120159 
1 -0.0588 -0.0839 -0.3074 21.0011009 105.6109417 20190810120159 
1 -0.1116 0.0255 0.3748 21.0011009 105.6109417 20190810120159 
1 -0.0094 0.0145 0.0497 21.0011009 105.6109417 20190810120159 
1 -0.1398 0.0357 0.1144 21.0011009 105.6109417 20190810120159 
1 -0.0868 -0.0324 0.3316 21.0011009 105.6109417 20190810120159 
1 -0.0194 -0.0718 0.0190 21.0011009 105.6109417 20190810120159 
1 -0.1150 0.0650 0.1491 21.0011009 105.6109417 20190810120159 
1 -0.2331 -0.0312 0.6819 21.0011009 105.6109417 20190810120159 
1 -0.0128 -0.0590 0.3810 21.0011009 105.6109417 20190810120159 
1 0.0195 -0.3088 0.0310 21.0011009 105.6109417 20190810120159 
1 -0.1651 0.0070 0.0675 21.0011009 105.6109417 20190810120159 
1 -0.1323 0.2168 0.4231 21.0011009 105.6109417 20190810120159 
1 0.0420 -0.2049 0.2367 21.0011009 105.6109417 20190810120159 
1 0.0089 0.0247 0.4925 21.0011009 105.6109417 20190810120159 
1 -0.0392 0.3109 0.3192 21.0011009 105.6109417 20190810120159 
1 0.0772 -0.0432 -0.3287 21.0011009 105.6109417 20190810120159 
1 -0.0392 -0.1483 -0.2248 21.0011009 105.6109417 20190810120159 
1 0.0413 -0.2286 -0.4223 21.0011009 105.6109417 20190810120159 
1 0.0683 0.2635 -0.4737 21.0011009 105.6109417 20190810120159 
1 -0.0634 -0.0677 -0.0559 21.0011009 105.6109417 20190810120159 
1 0.1566 0.2502 -0.1919 21.0011009 105.6109417 20190810120159 
1 0.0038 -0.2999 -0.7180 21.0011009 105.6109417 20190810120159 
1 -0.1215 0.5644 -0.1495 21.0011009 105.6109417 20190810120159 
1 0.0674 -0.1930 -0.9982 21.0011009 105.6109417 20190810120159 
1 0.0463 0.1789 -0.7906 21.0011009 105.6109417 20190810120159 
1 0.0117 -0.4696 -0.7040 21.0011009 105.6109417 20190810120159 
1 0.0862 0.4672 -0.7038 21.0011009 105.6109417 20190810120159 
1 -0.1993 0.0312 -0.1989 21.0011009 105.6109417 20190810120159 
1 0.1632 0.2115 -0.2780 21.0011009 105.6109417 20190810120200 
1 -0.0599 -0.1290 -0.2958 21.0011009 105.6109417 20190810120200 
1 -0.2681 0.5312 0.3799 21.0011009 105.6109417 20190810120200 
1 0.0457 -0.4794 -0.2759 21.0011009 105.6109417 20190810120200 
1 -0.1629 -0.0237 0.7716 21.0011009 105.6109417 20190810120200 
1 -0.2711 0.4176 0.3356 21.0011009 105.6109417 20190810120200 
1 0.0943 0.0659 -0.3966 21.0011009 105.6109417 20190810120200 
1 -0.3577 0.4117 0.9755 21.0011009 105.6109417 20190810120200 
1 -0.1984 0.2190 1.0060 21.0011009 105.6109417 20190810120200 
1 -0.0572 0.1379 0.9831 21.0011009 105.6109417 20190810120200 
1 0.0414 0.1604 0.9338 21.0011009 105.6109417 20190810120200 
1 -0.0266 -0.4546 0.2475 21.0011009 105.6109417 20190810120200 
1 -0.2545 0.4251 1.0996 21.0011009 105.6109417 20190810120200 
1 0.0518 -0.0546 0.6704 21.0011009 105.6109417 20190810120200 
1 0.2412 0.0551 0.5379 21.0011009 105.6109417 20190810120200 
1 -0.1180 0.0675 0.3847 21.0011009 105.6109417 20190810120200 
1 0.1406 0.0256 0.0011 21.0011009 105.6109417 20190810120200 
1 0.0421 -0.0386 -0.1674 21.0011009 105.6109417 20190810120200 
1 0.0283 0.1642 -0.5819 21.0011009 105.6109417 20190810120200 
1 0.1117 0.1052 -0.8823 21.0011005 105.6111038 20190810120200 
1 0.0131 0.0608 -0.4340 21.0011005 105.6111038 20190810120200 
1 0.0610 -0.2225 -0.5707 21.0011005 105.6111038 20190810120200 
1 -0.0911 0.1065 -0.5518 21.0011005 105.6111038 20190810120200 
1 -0.0159 -0.0081 -0.8221 21.0011005 105.6111038 20190810120200 
1 0.0720 0.0140 -0.7497 21.0011005 105.6111038 20190810120200 
1 0.0677 -0.0462 -0.8159 21.0011005 105.6111038 20190810120200 
1 -0.1745 0.2455 -0.4012 21.0011005 105.6111038 20190810120200 
1 -0.0562 0.1238 -0.7296 21.0011005 105.6111038 20190810120200 
1 0.0250 0.0552 -0.3359 21.0011005 105.6111038 20190810120200 
1 -0.0204 -0.0133 0.0375 21.0011005 105.6111038 20190810120200 
1 -0.2273 0.2065 0.4875 21.0011005 105.6111038 20190810120200 
1 -0.0179 -0.0637 -0.0052 21.0011005 105.6111038 20190810120200 
1 0.0197 -0.1307 0.0922 21.0011005 105.6111038 20190810120200 
1 -0.2011 -0.0694 0.4633 21.0011005 105.6111038 20190810120200 
1 -0.1526 0.2064 0.7706 21.0011005 105.6111038 20190810120200 
1 -0.0486 0.0045 0.6163 21.0011005 105.6111038 20190810120200 
1 0.1294 0.0920 0.1335 21.0011005 105.6111038 20190810120200 
1 -0.2294 0.0726 0.7521 21.0011005 105.6111038 20190810120200 
1 -0.0354 0.0794 0.7643 21.0011005 105.6111038 20190810120200 
1 0.1796 -0.0674 -0.0796 21.0011005 105.6111038 20190810120200 
1 0.0114 -0.3109 -0.0246 21.0011005 105.6111038 20190810120200 
1 -0.2083 0.0572 0.7345 21.0011005 105.6111038 20190810120200 
1 0.0579 0.0958 0.1496 21.0011005 105.6111038 20190810120200 
1 0.1609 -0.0093 0.0035 21.0011005 105.6111038 20190810120200 
1 0.1247 -0.0351 -0.4888 21.0011005 105.6111038 20190810120200 
1 -0.2440 0.1810 0.1191 21.0011005 105.6111038 20190810120200 
1 0.0240 0.2418 -0.3637 21.0011005 105.6111038 20190810120200 
1 -0.3539 0.1907 0.0986 21.0011005 105.6111038 20190810120200 
1 -0.0652 1.0348 -0.1816 21.0011005 105.6111038 20190810120201 
1 0.9915 -0.5382 -2.7334 21.0011005 105.6111038 20190810120201 
1 -1.4241 0.0570 2.5933 21.0011005 105.6111038 20190810120201 
1 0.0033 0.3522 0.0859 21.0011005 105.6111038 20190810120201 
1 0.9735 0.8068 -2.3025 21.0011005 105.6111038 20190810120201 
1 -0.3365 -1.4062 -0.0129 21.0011005 105.6111038 20190810120201 
1 -0.5477 0.2649 1.1736 21.0011005 105.6111038 20190810120201 
1 0.0481 1.5876 0.3170 21.0011005 105.6111038 20190810120201 
1 0.2086 -0.5251 -0.0638 21.0011005 105.6111038 20190810120201 
1 0.4550 -0.2265 -0.8756 21.0011005 105.6111038 20190810120201 
1 -1.0374 0.5143 1.5921 21.0011005 105.6111038 20190810120201 
1 0.4539 0.6824 0.1827 21.0011005 105.6111038 20190810120201 
1 0.0799 -0.6437 -0.6947 21.0011005 105.6111038 20190810120201 
1 -0.3675 0.6523 0.1398 21.0011005 105.6111038 20190810120201 
1 0.5435 -0.3092 -0.3849 21.0011005 105.6111038 20190810120201 
1 -0.2522 -0.1887 0.0793 21.0011005 105.6111038 20190810120201 
1 -0.4652 -0.1003 0.2937 21.0011005 105.6111038 20190810120201 
1 0.1791 0.1277 0.0239 21.0011005 105.6111038 20190810120201 
1 -0.0402 0.2388 0.0815 21.0011005 105.6111038 20190810120201 
1 0.0240 -0.0825 -0.1833 21.0011005 105.6111038 20190810120201 
1 -0.3768 0.3661 0.2437 21.0011087 105.6112696 20190810120201 
1 -0.2761 -0.0640 -0.2111 21.0011087 105.6112696 20190810120201 
1 -0.0127 0.3244 -0.2006 21.0011087 105.6112696 20190810120201 
1 -0.1290 -0.2992 -0.6027 21.0011087 105.6112696 20190810120201 
1 -0.2025 0.1878 -0.0408 21.0011087 105.6112696 20190810120201 
1 -0.6863 0.1888 0.1406 21.0011087 105.6112696 20190810120201 
1 -0.4395 0.2081 0.1434 21.0011087 105.6112696 20190810120201 
1 0.3079 -0.3669 -0.5250 21.0011087 105.6112696 20190810120201 
1 -0.2599 0.2772 0.0500 21.0011087 105.6112696 20190810120201 
1 -0.3131 -0.0818 0.1817 21.0011087 105.6112696 20190810120201 
1 0.0825 0.0088 0.0217 21.0011087 105.6112696 20190810120201 
1 -0.2040 -0.1445 -0.0341 21.0011087 105.6112696 20190810120201 
1 -0.0842 0.5974 -0.1725 21.0011087 105.6112696 20190810120201 
1 0.0068 -0.2875 -0.3743 21.0011087 105.6112696 20190810120201 
1 -0.4821 -0.1955 0.6726 21.0011087 105.6112696 20190810120201 
1 0.1451 0.0271 -1.0847 21.0011087 105.6112696 20190810120201 
1 -0.0674 -0.5481 -0.6965 21.0011087 105.6112696 20190810120201 
1 -0.2812 -0.3323 -0.0486 21.0011087 105.6112696 20190810120201 
1 -0.3069 -0.0458 -0.5921 21.0011087 105.6112696 20190810120201 
1 0.0263 0.2225 0.1187 21.0011087 105.6112696 20190810120201 
1 -0.4839 -0.3560 0.5545 21.0011087 105.6112696 20190810120201 
1 -0.0902 0.6284 -0.5574 21.0011087 105.6112696 20190810120201 
1 -0.0936 -0.2718 0.0633 21.0011087 105.6112696 20190810120201 
1 0.1742 -0.0492 -0.3618 21.0011087 105.6112696 20190810120201 
1 -0.4436 0.1949 -0.5059 21.0011087 105.6112696 20190810120201 
1 -0.3285 -0.2258 0.1004 21.0011087 105.6112696 20190810120201 
1 -0.1292 0.0478 1.0013 21.0011087 105.6112696 20190810120201 
1 -0.4650 0.5186 0.5091 21.0011087 105.6112696 20190810120201 
1 -0.2199 0.1093 -0.1051 21.0011087 105.6112696 20190810120201 
1 -0.2240 -0.0342 0.2761 21.0011087 105.6112696 20190810120201 
1 -0.4860 0.5179 0.7086 21.0011087 105.6112696 20190810120202 
1 -0.1814 0.4458 0.3605 21.0011087 105.6112696 20190810120202 
1 0.0321 -0.0484 0.2990 21.0011087 105.6112696 20190810120202 
1 -0.5334 0.2008 0.8198 21.0011087 105.6112696 20190810120202 
1 -0.3825 0.1035 0.5693 21.0011087 105.6112696 20190810120202 
1 -0.2396 0.2877 1.0147 21.0011087 105.6112696 20190810120202 
1 -0.1820 0.0635 0.9377 21.0011087 105.6112696 20190810120202 
1 -0.0796 0.0034 0.2209 21.0011087 105.6112696 20190810120202 
1 -0.4551 -0.0443 0.6442 21.0011087 105.6112696 20190810120202 
1 -0.3742 0.2631 0.5460 21.0011087 105.6112696 20190810120202 
1 -0.1163 0.1088 0.0673 21.0011087 105.6112696 20190810120202 
1 -0.0261 0.1773 0.0996 21.0011087 105.6112696 20190810120202 
1 -0.3072 -0.2394 0.0075 21.0011087 105.6112696 20190810120202 
1 -0.3864 0.1129 0.1391 21.0011087 105.6112696 20190810120202 
1 -0.0021 -0.3021 -0.7227 21.0011087 105.6112696 20190810120202 
1 0.0559 -0.4079 -0.7132 21.0011087 105.6112696 20190810120202 
1 -0.4946 -0.2118 0.0705 21.0011087 105.6112696 20190810120202 
1 -0.2437 0.1194 -0.1699 21.0011087 105.6112696 20190810120202 
1 -0.0743 0.0219 -0.2296 21.0011087 105.6112696 20190810120202 
1 -0.1764 0.0362 -0.3585 21.0011087 105.6112696 20190810120202 
1 -0.2049 -0.2836 -0.9136 21.0011087 105.6112696 20190810120202 
1 -0.3996 0.0858 0.1556 21.0011149 105.6114267 20190810120202 
1 0.0128 -0.1599 -1.1462 21.0011149 105.6114267 20190810120202 
1 -0.3723 0.0417 -0.8186 21.0011149 105.6114267 20190810120202 
1 -0.4122 0.3603 0.2701 21.0011149 105.6114267 20190810120202 
1 -0.2802 0.2262 0.1404 21.0011149 105.6114267 20190810120202 
1 -0.3372 -0.1899 0.2976 21.0011149 105.6114267 20190810120202 
1 -0.2237 0.5200 0.3498 21.0011149 105.6114267 20190810120202 
1 -0.0942 -0.1991 -1.3348 21.0011149 105.6114267 20190810120202 
1 -0.3191 0.4327 -0.0238 21.0011149 105.6114267 20190810120202 
1 -0.3019 0.1349 0.1963 21.0011149 105.6114267 20190810120202 
1 -0.0409 -0.2604 -0.0342 21.0011149 105.6114267 20190810120202 
1 -0.1003 0.3805 0.4895 21.0011149 105.6114267 20190810120202 
1 -0.0987 -0.1036 0.0974 21.0011149 105.6114267 20190810120202 
1 -0.1148 0.2706 -0.1342 21.0011149 105.6114267 20190810120202 
1 -0.2905 0.0017 0.3114 21.0011149 105.6114267 20190810120202 
1 -0.0287 0.0408 -0.3618 21.0011149 105.6114267 20190810120202 
1 -0.1618 0.2815 -0.7311 21.0011149 105.6114267 20190810120202 
1 -0.2489 -0.1021 -0.6892 21.0011149 105.6114267 20190810120202 
1 -0.2686 -0.1153 -0.5543 21.0011149 105.6114267 20190810120202 
1 -0.2412 -0.2507 -0.5029 21.0011149 105.6114267 20190810120202 
1 -0.2696 0.2353 0.0300 21.0011149 105.6114267 20190810120202 
1 0.0116 -0.5408 -0.6423 21.0011149 105.6114267 20190810120202 
1 -0.2893 -0.0535 -0.0718 21.0011149 105.6114267 20190810120202 
1 -0.4155 -0.1803 -0.2059 21.0011149 105.6114267 20190810120202 
1 -0.2286 0.5459 0.1931 21.0011149 105.6114267 20190810120202 
1 -0.1520 0.1258 -0.0171 21.0011149 105.6114267 20190810120202 
1 -0.1348 0.2275 0.5758 21.0011149 105.6114267 20190810120202 
1 -0.2133 0.2452 0.5305 21.0011149 105.6114267 20190810120203 
1 -0.2561 0.2399 0.1041 21.0011149 105.6114267 20190810120203 
1 -0.2204 -0.3030 0.3312 21.0011149 105.6114267 20190810120203 
1 -0.2155 0.0991 0.5482 21.0011149 105.6114267 20190810120203 
1 -0.2591 -0.0938 0.5638 21.0011149 105.6114267 20190810120203 
1 -0.1321 -0.0570 0.7034 21.0011149 105.6114267 20190810120203 
1 -0.0737 -0.2971 -0.0828 21.0011149 105.6114267 20190810120203 
1 -0.2596 -0.0354 0.1406 21.0011149 105.6114267 20190810120203 
1 -0.2197 -0.3184 0.0540 21.0011149 105.6114267 20190810120203 
1 -0.0988 -0.0826 0.0642 21.0011149 105.6114267 20190810120203 
1 -0.1975 -0.2633 -0.1046 21.0011149 105.6114267 20190810120203 
1 -0.2664 -0.1398 -0.0862 21.0011149 105.6114267 20190810120203 
1 -0.3784 0.0518 0.0499 21.0011149 105.6114267 20190810120203 
1 -0.4388 0.0864 0.1684 21.0011149 105.6114267 20190810120203 
1 -0.1911 0.2093 -0.2679 21.0011149 105.6114267 20190810120203 
1 -0.3730 0.2370 0.0118 21.0011149 105.6114267 20190810120203 
1 -0.2075 0.3422 -0.2882 21.0011149 105.6114267 20190810120203 
1 -0.2968 -0.0616 -0.4870 21.0011149 105.6114267 20190810120203 
1 -0.3898 -0.1462 -0.0405 21.0011149 105.6114267 20190810120203 
1 -0.2696 0.1063 0.0697 21.0011149 105.6114267 20190810120203 
1 -0.4124 0.0087 0.3884 21.0011149 105.6114267 20190810120203 
1 -0.1183 0.1283 0.4452 21.0011149 105.6114267 20190810120203 
1 -0.0694 0.2247 -0.1840 21.0011149 105.6114267 20190810120203 
1 -0.2932 -0.0911 -0.0461 21.0011164 105.6115849 20190810120203 
1 -0.1963 0.0011 0.2128 21.0011164 105.6115849 20190810120203 
1 -0.1921 0.2469 -0.1149 21.0011164 105.6115849 20190810120203 
1 -0.2236 -0.2953 0.1038 21.0011164 105.6115849 20190810120203 
1 0.0130 -0.0074 0.0612 21.0011164 105.6115849 20190810120203 
1 -0.0865 -0.5930 -0.6957 21.0011164 105.6115849 20190810120203 
1 -0.3712 -0.3789 0.1887 21.0011164 105.6115849 20190810120203 
1 -0.2217 -0.2246 -0.2791 21.0011164 105.6115849 20190810120203 
1 0.0668 -0.1256 -0.6387 21.0011164 105.6115849 20190810120203 
1 -0.0806 -0.6159 -0.1861 21.0011164 105.6115849 20190810120203 
1 -0.1707 -0.2918 -0.1331 21.0011164 105.6115849 20190810120203 
1 -0.1529 -0.4300 -0.2223 21.0011164 105.6115849 20190810120203 
1 -0.1776 -0.1439 0.2732 21.0011164 105.6115849 20190810120203 
1 0.0864 -0.4372 -0.8252 21.0011164 105.6115849 20190810120203 
1 -0.2831 0.3170 -0.1833 21.0011164 105.6115849 20190810120203 
1 -0.4848 0.1163 0.8120 21.0011164 105.6115849 20190810120203 
1 -0.0782 0.2395 0.5275 21.0011164 105.6115849 20190810120203 
1 0.4405 0.0744 -1.2692 21.0011164 105.6115849 20190810120203 
1 -0.3085 -0.9972 -0.3992 21.0011164 105.6115849 20190810120203 
1 -0.5916 0.2005 0.1113 21.0011164 105.6115849 20190810120203 
1 -0.2364 0.4796 0.3184 21.0011164 105.6115849 20190810120203 
1 0.0393 -0.0280 0.5978 21.0011164 105.6115849 20190810120203 
1 -0.1468 0.3938 0.9107 21.0011164 105.6115849 20190810120203 
1 -0.0574 0.3584 -0.3558 21.0011164 105.6115849 20190810120203 
1 -0.2963 -0.2630 0.7298 21.0011164 105.6115849 20190810120203 
1 -0.0127 -0.2105 0.0945 21.0011164 105.6115849 20190810120204 
1 0.0453 0.2827 -0.9519 21.0011164 105.6115849 20190810120204 
1 -0.0233 0.0118 0.0662 21.0011164 105.6115849 20190810120204 
1 -0.5033 -0.3677 1.6818 21.0011164 105.6115849 20190810120204 
1 -0.0026 0.9587 0.3964 21.0011164 105.6115849 20190810120204 
1 0.1375 -0.4922 -0.6200 21.0011164 105.6115849 20190810120204 
1 0.0270 -0.4992 0.0462 21.0011164 105.6115849 20190810120204 
1 -0.3506 -0.2809 -0.5706 21.0011164 105.6115849 20190810120204 
1 -0.0656 -0.1326 -0.3038 21.0011164 105.6115849 20190810120204 
1 0.2023 -0.6981 -0.1875 21.0011164 105.6115849 20190810120204 
1 -0.1041 -0.1347 0.0517 21.0011164 105.6115849 20190810120204 
1 -0.0556 0.2903 -0.3919 21.0011164 105.6115849 20190810120204 
1 -0.1909 -0.7584 -0.0943 21.0011164 105.6115849 20190810120204 
1 -0.0321 0.6533 0.4125 21.0011164 105.6115849 20190810120204 
1 -0.4146 -0.0469 -0.0952 21.0011164 105.6115849 20190810120204 
1 -0.0659 0.2283 0.0394 21.0011164 105.6115849 20190810120204 
1 0.0664 0.3355 -0.2476 21.0011164 105.6115849 20190810120204 
1 0.0838 -0.3751 -1.2058 21.0011164 105.6115849 20190810120204 
1 -0.3311 -0.7365 -0.0541 21.0011164 105.6115849 20190810120204 
1 0.0229 -0.0759 0.1947 21.0011164 105.6115849 20190810120204 
1 0.3657 0.5491 -0.1637 21.0011164 105.6115849 20190810120204 
1 -0.2691 -0.1236 0.3678 21.0011164 105.6115849 20190810120204 
1 -0.3699 1.1050 1.3747 21.0011164 105.6115849 20190810120204 
1 -0.0077 0.5879 0.8196 21.0011164 105.6115849 20190810120204 
1 0.2615 0.1760 -0.1086 21.0011339 105.6117351 20190810120204 
1 0.1467 -0.7136 -1.1499 21.0011339 105.6117351 20190810120204 
1 -0.3662 -0.7416 -0.9971 21.0011339 105.6117351 20190810120204 
1 0.0486 -0.0533 0.3284 21.0011339 105.6117351 20190810120204 
1 0.0079 -0.8618 0.1741 21.0011339 105.6117351 20190810120204 
1 -0.1069 0.6710 0.3590 21.0011339 105.6117351 20190810120204 
1 0.2434 -0.3810 -0.4108 21.0011339 105.6117351 20190810120204 
1 0.1976 -1.0413 -0.4452 21.0011339 105.6117351 20190810120204 
1 -0.7717 -0.3352 1.2647 21.0011339 105.6117351 20190810120204 
1 0.3918 -0.4065 -1.6298 21.0011339 105.6117351 20190810120204 
1 0.0947 -0.4760 -1.2158 21.0011339 105.6117351 20190810120204 
1 -0.2989 -0.8001 0.7731 21.0011339 105.6117351 20190810120204 
1 -0.4062 -0.0796 0.6674 21.0011339 105.6117351 20190810120204 
1 0.0501 0.0485 -0.3433 21.0011339 105.6117351 20190810120204 
1 0.0657 -0.8356 0.7482 21.0011339 105.6117351 20190810120204 
1 0.1216 -1.1519 -1.5438 21.0011339 105.6117351 20190810120204 
1 -0.4263 0.5806 0.8028 21.0011339 105.6117351 20190810120204 
1 -0.2819 -0.9624 0.7870 21.0011339 105.6117351 20190810120204 
1 0.1780 0.3574 0.6755 21.0011339 105.6117351 20190810120204 
1 -0.2020 0.1395 0.5385 21.0011339 105.6117351 20190810120204 
1 0.0256 0.1904 0.7136 21.0011339 105.6117351 20190810120204 
1 -0.0664 0.0743 0.7074 21.0011339 105.6117351 20190810120204 
1 -0.1919 0.1220 0.4010 21.0011339 105.6117351 20190810120204 
1 -0.0763 0.2632 0.3461 21.0011339 105.6117351 20190810120204 
1 0.1333 0.2783 0.7285 21.0011339 105.6117351 20190810120204 
1 0.0465 -0.1551 0.3470 21.0011339 105.6117351 20190810120204 
1 -0.0531 -0.0955 0.0056 21.0011339 105.6117351 20190810120204 
1 -0.1236 0.2469 0.2418 21.0011339 105.6117351 20190810120205 
1 -0.0256 -0.4371 0.2513 21.0011339 105.6117351 20190810120205 
1 0.1867 0.0750 0.2540 21.0011339 105.6117351 20190810120205 
1 0.0455 -0.1003 -0.2949 21.0011339 105.6117351 20190810120205 
1 -0.1629 0.0052 -0.1360 21.0011339 105.6117351 20190810120205 
1 -0.1059 0.0053 -0.1531 21.0011339 105.6117351 20190810120205 
1 -0.0294 -0.2108 -0.0091 21.0011339 105.6117351 20190810120205 
1 0.0647 -0.2564 -0.1215 21.0011339 105.6117351 20190810120205 
1 -0.1315 -0.1754 -0.3143 21.0011339 105.6117351 20190810120205 
1 -0.1764 -0.1229 -0.2137 21.0011339 105.6117351 20190810120205 
1 -0.1442 -0.3211 0.1144 21.0011339 105.6117351 20190810120205 
1 -0.0356 0.0923 -0.0751 21.0011339 105.6117351 20190810120205 
1 0.0187 -0.2746 -0.2516 21.0011339 105.6117351 20190810120205 
1 -0.1153 -0.0407 0.1992 21.0011339 105.6117351 20190810120205 
1 -0.2103 -0.3231 0.2745 21.0011339 105.6117351 20190810120205 
1 -0.1922 -0.1134 0.6356 21.0011339 105.6117351 20190810120205 
1 0.0223 -0.1182 0.1693 21.0011339 105.6117351 20190810120205 
1 0.0171 -0.1339 0.1003 21.0011339 105.6117351 20190810120205 
1 -0.1722 -0.1477 0.2534 21.0011339 105.6117351 20190810120205 
1 -0.1013 -0.2627 0.0827 21.0011339 105.6117351 20190810120205 
1 -0.0125 -0.0127 -0.1389 21.0011339 105.6117351 20190810120205 
1 -0.0422 0.0328 0.1174 21.0011339 105.6117351 20190810120205 
1 0.0571 -0.0065 0.2472 21.0011342 105.6118888 20190810120205 
1 -0.0498 -0.3655 0.2658 21.0011342 105.6118888 20190810120205 
1 -0.1150 0.1989 0.3356 21.0011342 105.6118888 20190810120205 
1 0.0680 -0.3387 -0.9046 21.0011342 105.6118888 20190810120205 
1 -0.1449 -0.2030 -0.0273 21.0011342 105.6118888 20190810120205 
1 -0.0229 -0.1255 -0.5529 21.0011342 105.6118888 20190810120205 
1 -0.1031 0.0675 -0.3474 21.0011342 105.6118888 20190810120205 
1 -0.0313 -0.1761 -0.3782 21.0011342 105.6118888 20190810120205 
1 0.0031 0.0297 -0.2828 21.0011342 105.6118888 20190810120205 
1 -0.0778 -0.1914 -0.4057 21.0011342 105.6118888 20190810120205 
1 -0.1133 -0.2013 -0.0375 21.0011342 105.6118888 20190810120205 
1 -0.0163 -0.2874 -0.3232 21.0011342 105.6118888 20190810120205 
1 -0.0368 -0.1117 -0.0806 21.0011342 105.6118888 20190810120205 
1 -0.1790 -0.2940 0.1979 21.0011342 105.6118888 20190810120205 
1 0.0618 0.0978 0.0090 21.0011342 105.6118888 20190810120205 
1 -0.0065 -0.2280 -0.2395 21.0011342 105.6118888 20190810120205 
1 -0.0857 -0.1947 -0.0800 21.0011342 105.6118888 20190810120205 
1 0.0376 -0.5131 -0.0905 21.0011342 105.6118888 20190810120205 
1 -0.0588 -0.4630 0.0563 21.0011342 105.6118888 20190810120205 
1 -0.0193 -0.2696 -0.0071 21.0011342 105.6118888 20190810120205 
1 -0.0178 0.0649 0.0328 21.0011342 105.6118888 20190810120205 
1 -0.0889 -0.1986 -0.0102 21.0011342 105.6118888 20190810120205 
1 -0.1029 0.0585 0.3990 21.0011342 105.6118888 20190810120205 
1 0.0487 -0.1079 -0.3431 21.0011342 105.6118888 20190810120205 
1 -0.1301 0.0216 -0.0204 21.0011342 105.6118888 20190810120205 
1 0.0182 -0.5130 -0.3193 21.0011342 105.6118888 20190810120205 
1 -0.1969 -0.0015 -0.3972 21.0011342 105.6118888 20190810120205 
1 -0.1612 0.0942 0.2838 21.0011342 105.6118888 20190810120205 
1 -0.1010 0.3880 0.5720 21.0011342 105.6118888 20190810120206 
1 -0.1722 0.7024 0.6146 21.0011342 105.6118888 20190810120206 
1 -0.0051 0.2887 0.1989 21.0011342 105.6118888 20190810120206 
1 -0.1290 0.5914 0.3487 21.0011342 105.6118888 20190810120206 
1 -0.0910 0.3877 -0.0935 21.0011342 105.6118888 20190810120206 
1 0.0502 0.2043 0.1339 21.0011342 105.6118888 20190810120206 
1 -0.0954 0.5564 0.3752 21.0011342 105.6118888 20190810120206 
1 -0.0306 0.2939 0.4101 21.0011342 105.6118888 20190810120206 
1 -0.0788 0.4037 0.5876 21.0011342 105.6118888 20190810120206 
1 0.1017 0.5103 0.2375 21.0011342 105.6118888 20190810120206 
1 -0.0850 0.2392 -0.0672 21.0011342 105.6118888 20190810120206 
1 -0.0043 0.1111 -0.4408 21.0011342 105.6118888 20190810120206 
1 0.0342 -0.0163 -0.2155 21.0011342 105.6118888 20190810120206 
1 -0.0102 0.1443 -0.5338 21.0011342 105.6118888 20190810120206 
1 0.0417 -0.2674 -0.6851 21.0011342 105.6118888 20190810120206 
1 -0.1139 0.2180 -0.3310 21.0011342 105.6118888 20190810120206 
1 0.0108 -0.3220 -0.4883 21.0011342 105.6118888 20190810120206 
1 0.0483 0.0080 -0.6191 21.0011342 105.6118888 20190810120206 
1 -0.1255 -0.0808 -0.4103 21.0011342 105.6118888 20190810120206 
1 -0.1185 0.1896 -0.4702 21.0011342 105.6118888 20190810120206 
1 -0.0122 0.0486 -0.7093 21.0011389 105.6120336 20190810120206 
1 -0.0576 -0.1038 -0.3516 21.0011389 105.6120336 20190810120206 
1 -0.1200 0.2947 -0.4308 21.0011389 105.6120336 20190810120206 
1 -0.0717 0.0661 -0.6458 21.0011389 105.6120336 20190810120206 
1 -0.0871 -0.0618 -0.1749 21.0011389 105.6120336 20190810120206 
1 -0.1314 0.1919 -0.0552 21.0011389 105.6120336 20190810120206 
1 -0.0527 0.1450 -0.1615 21.0011389 105.6120336 20190810120206 
1 -0.0503 0.1488 0.1656 21.0011389 105.6120336 20190810120206 
1 -0.2342 0.2949 0.3155 21.0011389 105.6120336 20190810120206 
1 0.0150 0.1951 -0.0954 21.0011389 105.6120336 20190810120206 
1 -0.0997 0.2308 0.3861 21.0011389 105.6120336 20190810120206 
1 -0.1194 0.2094 0.3627 21.0011389 105.6120336 20190810120206 
1 -0.0253 0.3196 0.2266 21.0011389 105.6120336 20190810120206 
1 -0.2481 -0.0560 0.6435 21.0011389 105.6120336 20190810120206 
1 -0.0413 0.5556 0.7078 21.0011389 105.6120336 20190810120206 
1 -0.0199 0.0116 0.1890 21.0011389 105.6120336 20190810120206 
1 -0.1362 0.1896 0.7618 21.0011389 105.6120336 20190810120206 
1 -0.1161 0.1780 0.3570 21.0011389 105.6120336 20190810120206 
1 -0.1282 0.1081 0.0881 21.0011389 105.6120336 20190810120206 
1 0.0111 0.2014 0.2385 21.0011389 105.6120336 20190810120206 
1 -0.1542 0.0584 0.2091 21.0011389 105.6120336 20190810120206 
1 -0.0323 0.1837 0.3357 21.0011389 105.6120336 20190810120206 
1 -0.0082 0.0187 0.2754 21.0011389 105.6120336 20190810120206 
1 0.0537 0.1667 -0.2641 21.0011389 105.6120336 20190810120206 
1 -0.1333 0.0817 0.1677 21.0011389 105.6120336 20190810120206 
1 -0.0726 -0.0084 0.0298 21.0011389 105.6120336 20190810120206 
1 0.0020 0.2849 0.2023 21.0011389 105.6120336 20190810120206 
1 -0.0454 0.0815 -0.0731 21.0011389 105.6120336 20190810120206 
1 0.1305 0.0908 -0.3109 21.0011389 105.6120336 20190810120206 
1 -0.1057 0.0353 -0.4782 21.0011389 105.6120336 20190810120207 
1 -0.1299 -0.1800 -0.1778 21.0011389 105.6120336 20190810120207 
1 -0.0029 0.2293 -0.3876 21.0011389 105.6120336 20190810120207 
1 -0.0427 0.1619 -0.5581 21.0011389 105.6120336 20190810120207 
1 -0.1375 -0.1127 -0.1227 21.0011389 105.6120336 20190810120207 
1 0.0875 -0.0845 -0.2226 21.0011389 105.6120336 20190810120207 
1 -0.1475 0.2265 -0.1258 21.0011389 105.6120336 20190810120207 
1 0.0646 -0.1781 -0.3472 21.0011389 105.6120336 20190810120207 
1 -0.0088 -0.1045 -0.3488 21.0011389 105.6120336 20190810120207 
1 -0.1839 0.0382 -0.2015 21.0011389 105.6120336 20190810120207 
1 -0.0486 -0.0023 -0.1068 21.0011389 105.6120336 20190810120207 
1 0.0833 -0.0075 -0.3034 21.0011389 105.6120336 20190810120207 
1 -0.1297 -0.0839 -0.2402 21.0011389 105.6120336 20190810120207 
1 -0.0944 0.1993 0.0833 21.0011389 105.6120336 20190810120207 
1 0.0221 0.0556 0.0022 21.0011389 105.6120336 20190810120207 
1 -0.2173 -0.0350 0.1827 21.0011389 105.6120336 20190810120207 
1 -0.0736 -0.0770 0.1945 21.0011389 105.6120336 20190810120207 
1 0.1913 0.3304 -0.1540 21.0011389 105.6120336 20190810120207 
1 -0.4238 0.0557 0.2578 21.0011389 105.6120336 20190810120207 
1 -0.1181 -0.1650 0.3220 21.0011389 105.6120336 20190810120207 
1 0.1479 -0.1506 -0.1599 21.0011389 105.6120336 20190810120207 
1 -0.1887 0.3928 0.1879 21.0011389 105.6120336 20190810120207 
1 -0.3003 0.2734 0.1414 21.0011389 105.6120336 20190810120207 
1 0.0884 -0.2906 0.0918 21.0011432 105.6121838 20190810120207 
1 -0.3051 0.0999 1.3703 21.0011432 105.6121838 20190810120207 
1 0.3135 0.3070 -0.6623 21.0011432 105.6121838 20190810120207 
1 -0.1521 -0.8544 -0.3131 21.0011432 105.6121838 20190810120207 
1 -0.3041 0.4284 1.3067 21.0011432 105.6121838 20190810120207 
1 0.1761 -0.7114 -0.0885 21.0011432 105.6121838 20190810120207 
1 -1.2534 0.3291 2.3088 21.0011432 105.6121838 20190810120207 
1 -1.2710 -0.2337 2.7444 21.0011432 105.6121838 20190810120207 
1 0.8448 0.8052 -0.1288 21.0011432 105.6121838 20190810120207 
1 -0.4501 0.1510 0.0380 21.0011432 105.6121838 20190810120207 
1 -1.4467 0.1964 2.3309 21.0011432 105.6121838 20190810120207 
1 0.4544 0.0992 -0.0171 21.0011432 105.6121838 20190810120207 
1 0.5133 -0.7048 -0.0318 21.0011432 105.6121838 20190810120207 
1 -0.4287 -0.0049 0.5962 21.0011432 105.6121838 20190810120207 
1 -0.3817 0.3195 0.2893 21.0011432 105.6121838 20190810120207 
1 -0.7300 -0.3099 3.2073 21.0011432 105.6121838 20190810120207 
1 0.8947 0.5427 3.8092 21.0011432 105.6121838 20190810120207 
1 0.7833 0.0668 -1.1419 21.0011432 105.6121838 20190810120207 
1 -1.1841 1.1783 1.2372 21.0011432 105.6121838 20190810120207 
1 0.9135 -0.5682 -1.2174 21.0011432 105.6121838 20190810120207 
1 -0.2030 -0.3831 -1.2339 21.0011432 105.6121838 20190810120207 
1 -0.5290 0.0714 -0.9216 21.0011432 105.6121838 20190810120207 
1 0.4893 0.3584 -1.4389 21.0011432 105.6121838 20190810120207 
1 0.1865 -0.7550 -1.9245 21.0011432 105.6121838 20190810120207 
1 0.0296 -0.5251 -1.7647 21.0011432 105.6121838 20190810120207 
1 -0.3429 0.2428 -2.6503 21.0011432 105.6121838 20190810120207 
1 -0.2215 -0.2334 -2.3158 21.0011432 105.6121838 20190810120207 
1 0.0765 -0.4926 0.5699 21.0011432 105.6121838 20190810120208 
1 0.4848 -0.1476 -2.0838 21.0011432 105.6121838 20190810120208 
1 -0.3748 -0.3238 -2.3819 21.0011432 105.6121838 20190810120208 
1 -0.3807 0.2752 -2.1668 21.0011432 105.6121838 20190810120208 
1 -0.0874 -0.5976 -2.1305 21.0011432 105.6121838 20190810120208 
1 0.1680 -0.1140 -1.1633 21.0011432 105.6121838 20190810120208 
1 0.2634 -0.2810 -1.1918 21.0011432 105.6121838 20190810120208 
1 -0.2414 -0.1332 -0.7748 21.0011432 105.6121838 20190810120208 
1 -0.2977 -0.3723 -0.4282 21.0011432 105.6121838 20190810120208 
1 0.0210 0.0352 0.0551 21.0011432 105.6121838 20190810120208 
1 0.2241 -0.2365 -0.1980 21.0011432 105.6121838 20190810120208 
1 0.0501 0.1666 0.1500 21.0011432 105.6121838 20190810120208 
1 -0.1407 -0.3106 0.0347 21.0011432 105.6121838 20190810120208 
1 -0.1910 -0.0057 0.5676 21.0011432 105.6121838 20190810120208 
1 0.1152 0.0267 -0.0470 21.0011432 105.6121838 20190810120208 
1 0.0705 0.0718 -0.0044 21.0011432 105.6121838 20190810120208 
1 0.2477 -0.3960 0.0290 21.0011432 105.6121838 20190810120208 
1 -0.0191 0.2056 0.4059 21.0011432 105.6121838 20190810120208 
1 -0.0000 -0.2561 0.0698 21.0011432 105.6121838 20190810120208 
1 0.1579 0.3110 0.0694 21.0011432 105.6121838 20190810120208 
1 0.2102 -0.1624 -0.2625 21.0011484 105.6123311 20190810120208 
1 0.4169 0.1415 -0.8219 21.0011484 105.6123311 20190810120208 
1 0.3039 0.0596 -0.9027 21.0011484 105.6123311 20190810120208 
1 0.5856 -0.4462 -2.1680 21.0011484 105.6123311 20190810120208 
1 -0.4198 0.0411 0.2277 21.0011484 105.6123311 20190810120208 
1 0.4440 -0.1054 -0.8993 21.0011484 105.6123311 20190810120208 
1 0.4783 0.3232 -1.2526 21.0011484 105.6123311 20190810120208 
1 -0.1641 -0.1498 -0.8644 21.0011484 105.6123311 20190810120208 
1 -0.0202 0.5697 -0.7958 21.0011484 105.6123311 20190810120208 
1 0.3291 0.1145 -1.0902 21.0011484 105.6123311 20190810120208 
1 0.5240 -0.1186 -1.6368 21.0011484 105.6123311 20190810120208 
1 0.0731 0.1826 -1.9083 21.0011484 105.6123311 20190810120208 
1 0.3094 0.0214 -3.4485 21.0011484 105.6123311 20190810120208 
1 0.1987 -0.5814 -0.2133 21.0011484 105.6123311 20190810120208 
1 0.1287 -0.2110 0.7105 21.0011484 105.6123311 20190810120208 
1 0.4127 -0.2647 -0.3912 21.0011484 105.6123311 20190810120208 
1 0.0355 0.0632 0.5267 21.0011484 105.6123311 20190810120208 
1 -0.4780 0.0886 0.4451 21.0011484 105.6123311 20190810120208 
1 -0.4617 0.4780 0.6299 21.0011484 105.6123311 20190810120208 
1 -0.0247 0.2172 0.6391 21.0011484 105.6123311 20190810120208 
1 -0.4535 -0.3830 1.8513 21.0011484 105.6123311 20190810120208 
1 -0.5974 0.1156 1.8349 21.0011484 105.6123311 20190810120208 
1 -0.0068 -0.5484 0.6172 21.0011484 105.6123311 20190810120208 
1 -0.2445 -0.6840 1.8200 21.0011484 105.6123311 20190810120208 
1 -0.4313 0.1655 2.1919 21.0011484 105.6123311 20190810120208 
1 -0.5841 0.0857 3.1136 21.0011484 105.6123311 20190810120208 
1 0.2402 -0.2198 3.7507 21.0011484 105.6123311 20190810120208 
1 0.3213 -0.0762 3.7629 21.0011484 105.6123311 20190810120208 
1 0.3415 0.0722 2.3395 21.0011484 105.6123311 20190810120208 
1 -0.1876 0.3739 2.6783 21.0011484 105.6123311 20190810120209 
1 0.3147 0.0896 2.6290 21.0011484 105.6123311 20190810120209 
1 0.5643 0.2448 1.7016 21.0011484 105.6123311 20190810120209 
1 0.1436 0.2045 1.3225 21.0011484 105.6123311 20190810120209 
1 0.3554 -0.1913 0.4272 21.0011484 105.6123311 20190810120209 
1 -0.0127 -0.0240 0.1713 21.0011484 105.6123311 20190810120209 
1 0.0706 0.1241 -0.3905 21.0011484 105.6123311 20190810120209 
1 0.2086 -0.2992 -1.4581 21.0011484 105.6123311 20190810120209 
1 0.1760 0.0609 -1.2049 21.0011484 105.6123311 20190810120209 
1 0.0387 -0.2112 -1.3740 21.0011484 105.6123311 20190810120209 
1 -0.1956 0.0493 -1.3041 21.0011484 105.6123311 20190810120209 
1 0.0750 -0.3320 -1.7751 21.0011484 105.6123311 20190810120209 
1 0.1240 0.0206 -1.6201 21.0011484 105.6123311 20190810120209 
1 -0.0190 -0.1099 -1.5764 21.0011484 105.6123311 20190810120209 
1 -0.0113 -0.1423 -1.5986 21.0011484 105.6123311 20190810120209 
1 -0.2282 -0.0880 -1.0857 21.0011484 105.6123311 20190810120209 
1 0.0939 -0.1424 -1.2109 21.0011484 105.6123311 20190810120209 
1 0.1879 -0.0064 -1.0817 21.0011484 105.6123311 20190810120209 
1 0.0095 -0.4390 -0.9282 21.0011484 105.6123311 20190810120209 
1 -0.0858 0.0044 -0.4164 21.0011562 105.6124773 20190810120209 
1 -0.0347 0.0299 -0.5581 21.0011562 105.6124773 20190810120209 
1 -0.0031 0.0782 0.0960 21.0011562 105.6124773 20190810120209 
1 0.0979 -0.1788 0.1287 21.0011562 105.6124773 20190810120209 
1 0.0273 -0.0090 0.0853 21.0011562 105.6124773 20190810120209 
1 -0.1508 -0.2004 0.5422 21.0011562 105.6124773 20190810120209 
1 0.0402 -0.0519 0.3357 21.0011562 105.6124773 20190810120209 
1 0.0603 -0.0898 0.2780 21.0011562 105.6124773 20190810120209 
1 -0.0569 -0.0768 0.5546 21.0011562 105.6124773 20190810120209 
1 -0.0472 -0.1242 0.4816 21.0011562 105.6124773 20190810120209 
1 0.0897 0.0515 0.3683 21.0011562 105.6124773 20190810120209 
1 -0.1190 0.0982 0.5802 21.0011562 105.6124773 20190810120209 
1 0.0644 -0.1574 0.1390 21.0011562 105.6124773 20190810120209 
1 0.0664 0.0309 0.3708 21.0011562 105.6124773 20190810120209 
1 -0.0139 0.0639 0.3577 21.0011562 105.6124773 20190810120209 
1 -0.0113 -0.0371 0.1474 21.0011562 105.6124773 20190810120209 
1 -0.0383 0.0771 0.1076 21.0011562 105.6124773 20190810120209 
1 0.0049 -0.0882 0.0287 21.0011562 105.6124773 20190810120209 
1 0.0022 0.1664 0.1570 21.0011562 105.6124773 20190810120209 
1 0.0403 -0.0165 -0.1126 21.0011562 105.6124773 20190810120209 
1 0.1052 0.1604 0.0418 21.0011562 105.6124773 20190810120209 
1 -0.1663 -0.1853 -0.2532 21.0011562 105.6124773 20190810120209 
1 -0.2470 0.4103 -1.0365 21.0011562 105.6124773 20190810120209 
1 0.3769 -0.0330 0.7700 21.0011562 105.6124773 20190810120209 
1 0.3427 -0.5016 1.4854 21.0011562 105.6124773 20190810120209 
1 0.2120 -0.1121 1.5824 21.0011562 105.6124773 20190810120209 
1 -0.6294 -0.0036 -1.8990 21.0011562 105.6124773 20190810120209 
1 0.0988 0.3934 -2.8063 21.0011562 105.6124773 20190810120209 
1 0.1404 -0.4847 1.0789 21.0011562 105.6124773 20190810120209 
