1 -0.0316 -0.0107 0.6695 21.0103736 105.7130653 20190810121328 
1 0.1274 0.1104 0.1095 21.0104189 105.7132758 20190810121328 
1 -0.0757 -0.0132 0.3547 21.0104189 105.7132758 20190810121328 
1 0.1475 -0.0506 0.2628 21.0104189 105.7132758 20190810121328 
1 0.1254 0.1258 0.1988 21.0104189 105.7132758 20190810121328 
1 -0.1191 0.0993 0.0318 21.0104189 105.7132758 20190810121328 
1 0.2332 0.1812 -0.4382 21.0104189 105.7132758 20190810121328 
1 -0.0392 -0.2724 -0.1737 21.0104189 105.7132758 20190810121328 
1 0.0188 0.2465 0.0498 21.0104189 105.7132758 20190810121328 
1 0.0528 -0.0542 -0.3720 21.0104189 105.7132758 20190810121328 
1 0.0306 -0.2482 -0.2605 21.0104189 105.7132758 20190810121328 
1 -0.1102 0.1251 0.1690 21.0104189 105.7132758 20190810121328 
1 0.1425 0.0433 -0.6031 21.0104189 105.7132758 20190810121328 
1 0.0174 -0.0774 0.1986 21.0104189 105.7132758 20190810121328 
1 -0.0600 -0.0848 0.1804 21.0104189 105.7132758 20190810121329 
1 0.0797 0.2500 0.1235 21.0104189 105.7132758 20190810121329 
1 0.0768 -0.1523 -0.1582 21.0104189 105.7132758 20190810121329 
1 -0.1043 -0.1038 0.5192 21.0104189 105.7132758 20190810121329 
1 0.0650 0.0604 -0.0260 21.0104189 105.7132758 20190810121329 
1 0.0309 0.0808 -0.1772 21.0104189 105.7132758 20190810121329 
1 0.0157 -0.0561 0.3221 21.0104189 105.7132758 20190810121329 
1 -0.0242 -0.0085 0.4146 21.0104189 105.7132758 20190810121329 
1 0.0978 -0.0230 0.0510 21.0104189 105.7132758 20190810121329 
1 -0.0295 -0.1149 -0.0127 21.0104189 105.7132758 20190810121329 
1 0.0361 0.2257 0.1505 21.0104189 105.7132758 20190810121329 
1 -0.0569 -0.2121 -0.0331 21.0104189 105.7132758 20190810121329 
1 0.1294 -0.0089 0.2782 21.0104189 105.7132758 20190810121329 
1 0.1217 -0.0147 -0.1925 21.0104189 105.7132758 20190810121329 
1 0.1036 0.0584 -0.0891 21.0104189 105.7132758 20190810121329 
1 -0.0621 -0.0242 0.0792 21.0104189 105.7132758 20190810121329 
1 0.2764 -0.2305 -0.5788 21.0104189 105.7132758 20190810121329 
1 0.0139 0.1638 -0.2351 21.0104189 105.7132758 20190810121329 
1 0.0151 -0.1088 -0.3035 21.0104189 105.7132758 20190810121329 
1 0.2051 0.1074 -0.4473 21.0104189 105.7132758 20190810121329 
1 0.0334 0.0977 -0.5114 21.0104189 105.7132758 20190810121329 
1 0.1598 -0.0645 -0.3301 21.0104189 105.7132758 20190810121329 
1 0.1803 -0.2344 -0.6563 21.0104189 105.7132758 20190810121329 
1 -0.1576 0.3857 -0.1679 21.0104189 105.7132758 20190810121329 
1 0.0194 -0.2003 -0.6256 21.0104189 105.7132758 20190810121329 
1 0.5088 -0.2281 -1.1783 21.0104189 105.7132758 20190810121329 
1 0.0901 -0.2586 -0.3563 21.0104189 105.7132758 20190810121329 
1 -0.4077 0.8269 0.6411 21.0104189 105.7132758 20190810121329 
1 0.5977 -1.1387 -1.1416 21.0104189 105.7132758 20190810121329 
1 0.0423 0.6386 0.5902 21.0104189 105.7132758 20190810121329 
1 -0.0301 -0.3104 -0.1369 21.0104189 105.7132758 20190810121329 
1 0.0729 -0.3550 -0.7437 21.0104189 105.7132758 20190810121329 
1 0.1393 0.1236 -0.9511 21.0104189 105.7132758 20190810121329 
1 -0.1357 0.0895 0.5929 21.0104189 105.7132758 20190810121329 
1 0.0617 -0.4001 0.8273 21.0104189 105.7132758 20190810121329 
1 0.1226 -0.2140 0.4010 21.0104614 105.7134857 20190810121329 
1 0.0150 0.5778 0.1927 21.0104614 105.7134857 20190810121329 
1 0.0877 -0.2695 -0.0834 21.0104614 105.7134857 20190810121329 
1 0.0269 0.1057 0.7652 21.0104614 105.7134857 20190810121329 
1 0.1935 -0.3445 -0.2499 21.0104614 105.7134857 20190810121329 
1 -0.0925 0.3942 0.6744 21.0104614 105.7134857 20190810121329 
1 0.2163 -0.3295 0.3170 21.0104614 105.7134857 20190810121329 
1 0.0925 -0.0338 0.1560 21.0104614 105.7134857 20190810121329 
1 0.1570 0.5911 -0.6045 21.0104614 105.7134857 20190810121329 
1 0.1286 -0.4012 -0.5816 21.0104614 105.7134857 20190810121329 
1 0.1079 -0.2530 0.0856 21.0104614 105.7134857 20190810121329 
1 0.0310 0.2880 -0.5464 21.0104614 105.7134857 20190810121329 
1 0.1721 -0.2237 -0.5780 21.0104614 105.7134857 20190810121329 
1 0.0738 -0.4518 -0.2135 21.0104614 105.7134857 20190810121329 
1 0.1763 -0.0433 -0.6762 21.0104614 105.7134857 20190810121329 
1 0.0479 0.0408 -0.3629 21.0104614 105.7134857 20190810121330 
1 0.1133 -0.4959 -0.2615 21.0104614 105.7134857 20190810121330 
1 0.1391 -0.3611 -0.2804 21.0104614 105.7134857 20190810121330 
1 0.0214 -0.1565 -0.3407 21.0104614 105.7134857 20190810121330 
1 0.1379 -0.1969 -0.2716 21.0104614 105.7134857 20190810121330 
1 0.0431 -0.4609 -0.1289 21.0104614 105.7134857 20190810121330 
1 0.1786 -0.2788 -0.2079 21.0104614 105.7134857 20190810121330 
1 0.0471 -0.1794 0.0106 21.0104614 105.7134857 20190810121330 
1 0.0076 -0.4029 -0.2442 21.0104614 105.7134857 20190810121330 
1 0.0633 -0.0798 -0.3139 21.0104614 105.7134857 20190810121330 
1 0.0925 -0.5247 -0.3436 21.0104614 105.7134857 20190810121330 
1 0.0468 0.0257 0.4752 21.0104614 105.7134857 20190810121330 
1 0.0325 -0.5198 0.0204 21.0104614 105.7134857 20190810121330 
1 0.2064 -0.3684 -0.1875 21.0104614 105.7134857 20190810121330 
1 -0.0385 0.0058 -0.0255 21.0104614 105.7134857 20190810121330 
1 0.1587 -0.2497 -0.2819 21.0104614 105.7134857 20190810121330 
1 0.1023 -0.4210 -0.0647 21.0104614 105.7134857 20190810121330 
1 0.0319 -0.2617 0.2181 21.0104614 105.7134857 20190810121330 
1 0.0724 0.0088 -0.1201 21.0104614 105.7134857 20190810121330 
1 0.0541 -0.3932 0.0422 21.0104614 105.7134857 20190810121330 
1 0.2288 -0.2829 -0.0473 21.0104614 105.7134857 20190810121330 
1 -0.1933 -0.0697 -0.1696 21.0104614 105.7134857 20190810121330 
1 0.1284 -0.1567 -0.1151 21.0104614 105.7134857 20190810121330 
1 0.0020 -0.4640 0.3048 21.0104614 105.7134857 20190810121330 
1 0.0414 -0.2269 0.2161 21.0104614 105.7134857 20190810121330 
1 0.0082 -0.1504 0.0989 21.0104614 105.7134857 20190810121330 
1 -0.0117 -0.4535 0.0767 21.0104614 105.7134857 20190810121330 
1 -0.1197 0.0265 0.4501 21.0104614 105.7134857 20190810121330 
1 0.0698 -0.4834 -0.0222 21.0104614 105.7134857 20190810121330 
1 -0.0860 -0.1878 0.7893 21.0104614 105.7134857 20190810121330 
1 -0.0657 -0.3944 0.2157 21.0104614 105.7134857 20190810121330 
1 -0.0871 0.0401 0.5067 21.0104614 105.7134857 20190810121330 
1 -0.1944 -0.5787 0.6360 21.0104614 105.7134857 20190810121330 
1 0.0848 -0.1975 0.5810 21.0104966 105.7137021 20190810121330 
1 -0.1708 -0.0649 0.2986 21.0104966 105.7137021 20190810121330 
1 -0.1585 -0.3079 0.3646 21.0104966 105.7137021 20190810121330 
1 0.0162 -0.3237 0.5040 21.0104966 105.7137021 20190810121330 
1 -0.0963 -0.3020 0.7019 21.0104966 105.7137021 20190810121330 
1 -0.1510 0.0463 0.6238 21.0104966 105.7137021 20190810121330 
1 0.0362 -0.3894 -0.1409 21.0104966 105.7137021 20190810121330 
1 -0.1785 -0.1183 0.1140 21.0104966 105.7137021 20190810121330 
1 -0.1120 0.0187 0.0204 21.0104966 105.7137021 20190810121330 
1 -0.1179 -0.3630 0.3227 21.0104966 105.7137021 20190810121330 
1 -0.3175 -0.1909 0.3324 21.0104966 105.7137021 20190810121330 
1 -0.2040 -0.1155 -0.3147 21.0104966 105.7137021 20190810121330 
1 0.0112 0.0816 0.0644 21.0104966 105.7137021 20190810121330 
1 0.0025 -0.4341 -0.2781 21.0104966 105.7137021 20190810121330 
1 -0.1543 0.0641 -0.1306 21.0104966 105.7137021 20190810121330 
1 -0.2342 -0.3630 -0.2309 21.0104966 105.7137021 20190810121330 
1 0.0138 -0.0633 -0.2082 21.0104966 105.7137021 20190810121330 
1 -0.1085 -0.3621 -0.2968 21.0104966 105.7137021 20190810121330 
1 -0.1529 -0.0740 -0.1606 21.0104966 105.7137021 20190810121331 
1 -0.2189 -0.3746 -0.2267 21.0104966 105.7137021 20190810121331 
1 -0.2520 -0.0986 -0.2622 21.0104966 105.7137021 20190810121331 
1 -0.1262 -0.3400 -0.4769 21.0104966 105.7137021 20190810121331 
1 -0.1463 -0.1719 0.0897 21.0104966 105.7137021 20190810121331 
1 -0.3133 -0.2811 0.1057 21.0104966 105.7137021 20190810121331 
1 -0.0560 -0.1234 -0.5755 21.0104966 105.7137021 20190810121331 
1 -0.2501 -0.1463 -0.1185 21.0104966 105.7137021 20190810121331 
1 -0.0098 -0.2483 -0.0355 21.0104966 105.7137021 20190810121331 
1 -0.1621 -0.2858 -0.0059 21.0104966 105.7137021 20190810121331 
1 -0.3705 -0.0052 0.1842 21.0104966 105.7137021 20190810121331 
1 -0.1936 -0.1992 -0.3304 21.0104966 105.7137021 20190810121331 
1 -0.2934 -0.1592 0.0998 21.0104966 105.7137021 20190810121331 
1 -0.0325 -0.4458 -0.1412 21.0104966 105.7137021 20190810121331 
1 -0.2522 -0.0697 -0.0837 21.0104966 105.7137021 20190810121331 
1 -0.3338 -0.4096 -0.0427 21.0104966 105.7137021 20190810121331 
1 -0.0965 -0.0756 0.2390 21.0104966 105.7137021 20190810121331 
1 -0.2597 -0.5133 -0.2826 21.0104966 105.7137021 20190810121331 
1 -0.2232 -0.2415 0.2592 21.0104966 105.7137021 20190810121331 
1 -0.1056 -0.2710 0.0252 21.0104966 105.7137021 20190810121331 
1 -0.2476 -0.3493 0.0528 21.0104966 105.7137021 20190810121331 
1 -0.4608 -0.3092 0.4445 21.0104966 105.7137021 20190810121331 
1 -0.0536 -0.1761 0.2124 21.0104966 105.7137021 20190810121331 
1 -0.3136 -0.3452 0.4837 21.0104966 105.7137021 20190810121331 
1 -0.3043 -0.1748 0.0613 21.0104966 105.7137021 20190810121331 
1 -0.2931 0.1552 0.1133 21.0104966 105.7137021 20190810121331 
1 -0.2444 -0.3706 0.2832 21.0104966 105.7137021 20190810121331 
1 -0.2472 0.0746 0.7640 21.0104966 105.7137021 20190810121331 
1 -0.3287 0.2267 0.1807 21.0104966 105.7137021 20190810121331 
1 -0.2937 0.1513 0.4199 21.0104966 105.7137021 20190810121331 
1 -0.1825 -0.0723 0.4626 21.0104966 105.7137021 20190810121331 
1 -0.2027 0.1890 0.3459 21.0104966 105.7137021 20190810121331 
1 -0.1313 0.3173 0.4360 21.0104966 105.7137021 20190810121331 
1 -0.0319 -0.0500 0.0010 21.0104966 105.7137021 20190810121331 
1 -0.2632 0.4683 0.5344 21.0104966 105.7137021 20190810121331 
1 -0.0635 0.0454 -0.0603 21.0105298 105.7139099 20190810121331 
1 -0.1478 0.2298 0.1709 21.0105298 105.7139099 20190810121331 
1 -0.0538 -0.2737 -0.4087 21.0105298 105.7139099 20190810121331 
1 -0.1362 0.7729 -0.0082 21.0105298 105.7139099 20190810121331 
1 -0.1307 -0.1131 -0.7687 21.0105298 105.7139099 20190810121331 
1 -0.1435 0.1114 -0.1423 21.0105298 105.7139099 20190810121331 
1 -0.1400 0.2692 -0.5377 21.0105298 105.7139099 20190810121331 
1 -0.1407 0.3797 -0.6787 21.0105298 105.7139099 20190810121331 
1 -0.3031 0.1661 -0.0202 21.0105298 105.7139099 20190810121331 
1 -0.0831 -0.0135 -0.6682 21.0105298 105.7139099 20190810121331 
1 -0.1017 -0.1559 -0.5838 21.0105298 105.7139099 20190810121331 
1 -0.1835 0.4121 0.1987 21.0105298 105.7139099 20190810121331 
1 -0.2344 0.0503 0.3314 21.0105298 105.7139099 20190810121331 
1 -0.1449 0.3274 0.3735 21.0105298 105.7139099 20190810121331 
1 -0.1309 -0.0972 0.4509 21.0105298 105.7139099 20190810121332 
1 -0.3466 -0.1030 0.6672 21.0105298 105.7139099 20190810121332 
1 -0.0427 -0.1187 0.1893 21.0105298 105.7139099 20190810121332 
1 -0.1324 -0.8941 0.2158 21.0105298 105.7139099 20190810121332 
1 -0.0868 0.4579 0.9680 21.0105298 105.7139099 20190810121332 
1 0.0339 -0.5910 0.1266 21.0105298 105.7139099 20190810121332 
1 -0.0315 -0.3463 0.4106 21.0105298 105.7139099 20190810121332 
1 -0.0301 -0.0160 0.1308 21.0105298 105.7139099 20190810121332 
1 0.1773 0.0697 -0.4860 21.0105298 105.7139099 20190810121332 
1 -0.1522 -0.2498 -0.0606 21.0105298 105.7139099 20190810121332 
1 -0.0061 -0.1393 -0.5141 21.0105298 105.7139099 20190810121332 
1 0.3954 0.6540 -1.5074 21.0105298 105.7139099 20190810121332 
1 0.1071 -0.1293 -1.2196 21.0105298 105.7139099 20190810121332 
1 -0.2512 0.0064 0.0649 21.0105298 105.7139099 20190810121332 
1 0.1588 0.0572 -1.1573 21.0105298 105.7139099 20190810121332 
1 0.0588 0.6157 -0.7729 21.0105298 105.7139099 20190810121332 
1 -0.9311 0.1279 1.1034 21.0105298 105.7139099 20190810121332 
1 0.4693 0.0756 -1.2995 21.0105298 105.7139099 20190810121332 
1 0.3728 0.0310 -1.7342 21.0105298 105.7139099 20190810121332 
1 -0.6010 0.6448 0.1993 21.0105298 105.7139099 20190810121332 
1 -0.1093 0.2901 0.1553 21.0105298 105.7139099 20190810121332 
1 0.9612 0.2372 -0.6345 21.0105298 105.7139099 20190810121332 
1 -0.4143 0.3334 1.7616 21.0105298 105.7139099 20190810121332 
1 0.1988 0.4942 0.1183 21.0105298 105.7139099 20190810121332 
1 0.1975 0.2545 -1.5793 21.0105298 105.7139099 20190810121332 
1 -0.0149 0.0469 -1.0928 21.0105298 105.7139099 20190810121332 
1 -0.0468 0.7406 -0.2892 21.0105298 105.7139099 20190810121332 
1 -0.1592 0.7134 -0.5320 21.0105298 105.7139099 20190810121332 
1 0.1676 -0.1320 -0.8041 21.0105298 105.7139099 20190810121332 
1 -0.1376 0.6907 0.0285 21.0105298 105.7139099 20190810121332 
1 -0.0511 0.5373 -0.1887 21.0105298 105.7139099 20190810121332 
1 0.0285 0.3123 -0.0292 21.0105298 105.7139099 20190810121332 
1 -0.0936 0.0595 0.3666 21.0105298 105.7139099 20190810121332 
1 -0.1433 0.3271 0.5976 21.0105698 105.714116 20190810121332 
1 -0.1531 0.4101 0.7112 21.0105698 105.714116 20190810121332 
1 -0.2166 -0.0837 1.2063 21.0105698 105.714116 20190810121332 
1 0.1135 -0.0541 0.9044 21.0105698 105.714116 20190810121332 
1 -0.3367 -0.0287 1.7535 21.0105698 105.714116 20190810121332 
1 -0.2389 0.2304 1.9963 21.0105698 105.714116 20190810121332 
1 0.1841 -0.1988 0.8465 21.0105698 105.714116 20190810121332 
1 -0.5272 -0.0208 2.0137 21.0105698 105.714116 20190810121332 
1 -0.0010 0.2889 1.1519 21.0105698 105.714116 20190810121332 
1 0.1212 -0.3427 0.7992 21.0105698 105.714116 20190810121332 
1 0.1371 -0.1686 1.4172 21.0105698 105.714116 20190810121332 
1 -0.2657 0.3638 1.8925 21.0105698 105.714116 20190810121332 
1 0.1382 -0.2288 -0.0487 21.0105698 105.714116 20190810121332 
1 0.1822 0.0109 0.2754 21.0105698 105.714116 20190810121332 
1 0.0662 0.1082 0.1226 21.0105698 105.714116 20190810121332 
1 0.1719 0.1269 -0.5684 21.0105698 105.714116 20190810121332 
1 -0.0024 0.0031 -0.5029 21.0105698 105.714116 20190810121332 
1 0.1686 -0.2001 -0.9426 21.0105698 105.714116 20190810121333 
1 0.0196 0.3119 -0.7709 21.0105698 105.714116 20190810121333 
1 0.0131 -0.3086 -0.8732 21.0105698 105.714116 20190810121333 
1 0.0394 0.2178 -0.9478 21.0105698 105.714116 20190810121333 
1 -0.0091 0.0805 -1.1545 21.0105698 105.714116 20190810121333 
1 -0.0198 -0.1940 -0.7088 21.0105698 105.714116 20190810121333 
1 0.1494 -0.0198 -1.1290 21.0105698 105.714116 20190810121333 
1 0.0019 0.1042 -0.9039 21.0105698 105.714116 20190810121333 
1 -0.0565 -0.1846 -0.6077 21.0105698 105.714116 20190810121333 
1 -0.0195 -0.0635 -0.1781 21.0105698 105.714116 20190810121333 
1 -0.0383 -0.1141 -0.4917 21.0105698 105.714116 20190810121333 
1 -0.0150 0.1346 -0.3355 21.0105698 105.714116 20190810121333 
1 -0.0718 -0.2543 -0.1002 21.0105698 105.714116 20190810121333 
1 -0.0243 -0.3014 -0.0151 21.0105698 105.714116 20190810121333 
1 -0.1672 0.0520 0.3369 21.0105698 105.714116 20190810121333 
1 -0.0180 -0.2226 0.5041 21.0105698 105.714116 20190810121333 
1 -0.0744 -0.1783 0.8742 21.0105698 105.714116 20190810121333 
1 -0.2169 0.0054 0.8297 21.0105698 105.714116 20190810121333 
1 -0.0387 -0.1238 0.7070 21.0105698 105.714116 20190810121333 
1 -0.1467 -0.1889 1.0372 21.0105698 105.714116 20190810121333 
1 -0.1343 -0.0072 1.0351 21.0105698 105.714116 20190810121333 
1 -0.0882 0.0206 0.9899 21.0105698 105.714116 20190810121333 
1 -0.1233 -0.3503 0.9592 21.0105698 105.714116 20190810121333 
1 -0.2021 -0.0777 1.1054 21.0105698 105.714116 20190810121333 
1 -0.1940 0.0569 0.9664 21.0105698 105.714116 20190810121333 
1 -0.0875 -0.1842 0.6524 21.0105698 105.714116 20190810121333 
1 -0.2188 0.0965 0.7533 21.0105698 105.714116 20190810121333 
1 0.0107 -0.1977 0.0647 21.0105698 105.714116 20190810121333 
1 -0.1524 -0.2137 0.4378 21.0105698 105.714116 20190810121333 
1 0.0768 -0.0284 -0.1067 21.0105698 105.714116 20190810121333 
1 0.1111 0.1419 -0.1987 21.0105698 105.714116 20190810121333 
1 -0.0425 -0.0406 -0.1263 21.0106066 105.7143205 20190810121333 
1 -0.2363 -0.0248 0.6409 21.0106066 105.7143205 20190810121333 
1 -0.0944 -0.0546 -0.1825 21.0106066 105.7143205 20190810121333 
1 0.1121 -0.3086 -0.7555 21.0106066 105.7143205 20190810121333 
1 -0.4401 0.1458 -0.1014 21.0106066 105.7143205 20190810121333 
1 -0.2542 -0.1867 -0.0622 21.0106066 105.7143205 20190810121333 
1 0.0430 -0.0524 -0.4852 21.0106066 105.7143205 20190810121333 
1 -0.1914 -0.2282 0.8235 21.0106066 105.7143205 20190810121333 
1 -0.2346 -0.0948 1.5025 21.0106066 105.7143205 20190810121333 
1 -0.0364 0.0293 -0.2551 21.0106066 105.7143205 20190810121333 
1 0.0350 -1.0163 -0.4490 21.0106066 105.7143205 20190810121333 
1 -0.1110 -0.2028 0.4063 21.0106066 105.7143205 20190810121333 
1 -0.0020 -0.1913 -0.1495 21.0106066 105.7143205 20190810121333 
1 -0.1053 -0.2219 0.0339 21.0106066 105.7143205 20190810121333 
1 -0.0126 -0.2892 0.4085 21.0106066 105.7143205 20190810121333 
1 0.0821 -0.1782 -0.3816 21.0106066 105.7143205 20190810121333 
1 -0.0583 -0.2219 -0.8551 21.0106066 105.7143205 20190810121334 
1 -0.0095 -0.4192 -1.0404 21.0106066 105.7143205 20190810121334 
1 -0.1170 -0.0326 -0.9602 21.0106066 105.7143205 20190810121334 
1 -0.0576 0.1288 -0.9817 21.0106066 105.7143205 20190810121334 
1 0.0372 -0.2409 -1.0170 21.0106066 105.7143205 20190810121334 
1 -0.0523 0.0880 -1.2229 21.0106066 105.7143205 20190810121334 
1 -0.1007 0.2194 -0.8275 21.0106066 105.7143205 20190810121334 
1 0.0158 -0.0392 -0.3574 21.0106066 105.7143205 20190810121334 
1 -0.0690 0.1222 -0.3405 21.0106066 105.7143205 20190810121334 
1 -0.0881 0.0666 -0.5959 21.0106066 105.7143205 20190810121334 
1 -0.0981 0.1505 -0.4641 21.0106066 105.7143205 20190810121334 
1 -0.0553 0.0476 -0.4302 21.0106066 105.7143205 20190810121334 
1 -0.0711 0.0920 0.2909 21.0106066 105.7143205 20190810121334 
1 -0.1640 0.0659 0.1460 21.0106066 105.7143205 20190810121334 
1 -0.1147 -0.1042 0.3297 21.0106066 105.7143205 20190810121334 
1 -0.1512 0.0701 0.6948 21.0106066 105.7143205 20190810121334 
1 -0.0382 0.0079 0.0975 21.0106066 105.7143205 20190810121334 
1 -0.1485 -0.3337 0.4433 21.0106066 105.7143205 20190810121334 
1 -0.1482 -0.0478 0.9137 21.0106066 105.7143205 20190810121334 
1 -0.1794 -0.0212 0.6821 21.0106066 105.7143205 20190810121334 
1 -0.1690 0.0380 1.0516 21.0106066 105.7143205 20190810121334 
1 -0.1760 -0.1455 1.0806 21.0106066 105.7143205 20190810121334 
1 -0.3121 0.1553 1.0356 21.0106066 105.7143205 20190810121334 
1 -0.1421 -0.0112 0.4383 21.0106066 105.7143205 20190810121334 
1 -0.1546 -0.2484 0.8647 21.0106066 105.7143205 20190810121334 
1 -0.2717 -0.0734 0.9681 21.0106066 105.7143205 20190810121334 
1 -0.3249 0.0637 1.3245 21.0106066 105.7143205 20190810121334 
1 -0.4577 0.0618 2.0240 21.0106066 105.7143205 20190810121334 
1 -0.5198 0.2502 2.8735 21.0106066 105.7143205 20190810121334 
1 -0.3144 0.0978 1.7825 21.0106066 105.7143205 20190810121334 
1 -0.9480 0.2451 2.5728 21.0106066 105.7143205 20190810121334 
1 -0.6430 -0.0764 2.4040 21.0106066 105.7143205 20190810121334 
1 0.1638 -0.5167 0.8789 21.0106066 105.7143205 20190810121334 
1 -0.3782 0.3987 2.4843 21.0106396 105.7145274 20190810121334 
1 -0.3830 0.2347 2.9596 21.0106396 105.7145274 20190810121334 
1 0.2813 0.5320 2.0276 21.0106396 105.7145274 20190810121334 
1 0.0024 -0.4945 2.3286 21.0106396 105.7145274 20190810121334 
1 -0.2064 0.1198 3.2035 21.0106396 105.7145274 20190810121334 
1 0.3752 0.5340 -0.8258 21.0106396 105.7145274 20190810121334 
1 0.0674 -0.5059 -2.9010 21.0106396 105.7145274 20190810121334 
1 -0.3298 0.7946 -0.5673 21.0106396 105.7145274 20190810121334 
1 1.9363 -1.5408 -5.9298 21.0106396 105.7145274 20190810121334 
1 -0.7754 1.5062 -2.5817 21.0106396 105.7145274 20190810121334 
1 -0.0627 -1.4658 -2.5102 21.0106396 105.7145274 20190810121334 
1 0.9940 1.0430 -5.0351 21.0106396 105.7145274 20190810121334 
1 0.5864 -1.4178 -7.8068 21.0106396 105.7145274 20190810121334 
1 -0.7578 0.2790 -1.5812 21.0106396 105.7145274 20190810121334 
1 0.5494 0.2873 -8.5265 21.0106396 105.7145274 20190810121334 
1 0.0794 -0.7459 -8.1631 21.0106396 105.7145274 20190810121334 
1 0.7024 -0.6132 -4.5377 21.0106396 105.7145274 20190810121334 
1 -0.5241 0.5693 -3.8815 21.0106396 105.7145274 20190810121334 
1 -0.1852 -0.1243 -5.1074 21.0106396 105.7145274 20190810121334 
1 0.4457 -0.5474 -4.1657 21.0106396 105.7145274 20190810121334 
1 -0.1459 0.0969 -2.1015 21.0106396 105.7145274 20190810121335 
1 -0.3173 0.2416 -1.0965 21.0106396 105.7145274 20190810121335 
1 0.0375 0.1485 -1.8572 21.0106396 105.7145274 20190810121335 
1 -0.1295 0.0929 -0.9553 21.0106396 105.7145274 20190810121335 
1 -0.1841 0.2768 0.4157 21.0106396 105.7145274 20190810121335 
1 -0.0391 0.4372 0.4223 21.0106396 105.7145274 20190810121335 
1 0.1042 0.3838 0.5475 21.0106396 105.7145274 20190810121335 
1 -0.5387 0.2510 2.0482 21.0106396 105.7145274 20190810121335 
1 -0.2919 0.6746 2.6473 21.0106396 105.7145274 20190810121335 
1 0.4940 0.5981 1.3889 21.0106396 105.7145274 20190810121335 
1 0.1566 0.0692 1.9160 21.0106396 105.7145274 20190810121335 
1 -0.4027 0.4601 3.0493 21.0106396 105.7145274 20190810121335 
1 1.1245 0.5905 -0.0348 21.0106396 105.7145274 20190810121335 
1 0.0546 0.6289 1.8149 21.0106396 105.7145274 20190810121335 
1 0.4646 0.3827 1.5210 21.0106396 105.7145274 20190810121335 
1 1.1558 0.3075 -1.4159 21.0106396 105.7145274 20190810121335 
1 0.8011 0.1229 -2.7200 21.0106396 105.7145274 20190810121335 
1 -0.2101 0.2867 -1.3908 21.0106396 105.7145274 20190810121335 
1 1.0245 0.0146 -3.1387 21.0106396 105.7145274 20190810121335 
1 0.5214 -0.0103 -4.0524 21.0106396 105.7145274 20190810121335 
1 0.2318 0.2207 -3.3864 21.0106396 105.7145274 20190810121335 
1 0.4283 -0.0758 -3.7548 21.0106396 105.7145274 20190810121335 
1 -0.0304 -0.0366 -3.4458 21.0106396 105.7145274 20190810121335 
1 0.1678 -0.2203 -2.8354 21.0106396 105.7145274 20190810121335 
1 -0.0592 0.1658 -1.8123 21.0106396 105.7145274 20190810121335 
1 -0.0815 0.2344 -1.4243 21.0106396 105.7145274 20190810121335 
1 -0.3091 0.0005 -0.6011 21.0106396 105.7145274 20190810121335 
1 -0.2549 0.1367 0.4212 21.0106396 105.7145274 20190810121335 
1 -0.2729 0.1949 1.5657 21.0106396 105.7145274 20190810121335 
1 -0.2583 0.1959 2.8575 21.0106396 105.7145274 20190810121335 
1 -0.4986 0.8788 4.3139 21.0106396 105.7145274 20190810121335 
1 -0.2944 0.1994 4.3588 21.0106396 105.7145274 20190810121335 
1 -0.1611 0.9877 4.8123 21.0106396 105.7145274 20190810121335 
1 -0.0363 0.3322 5.1088 21.0106742 105.7147278 20190810121335 
1 0.1896 0.4803 5.9046 21.0106742 105.7147278 20190810121335 
1 0.3183 0.4813 5.6546 21.0106742 105.7147278 20190810121335 
1 0.4479 0.4370 5.6503 21.0106742 105.7147278 20190810121335 
1 0.9876 0.2058 3.5540 21.0106742 105.7147278 20190810121335 
1 -0.2264 0.7347 4.7503 21.0106742 105.7147278 20190810121335 
1 0.4732 -0.3501 1.3172 21.0106742 105.7147278 20190810121335 
1 0.3095 0.8484 0.7302 21.0106742 105.7147278 20190810121335 
1 0.4614 -0.6206 -1.0840 21.0106742 105.7147278 20190810121335 
1 0.4494 0.5201 -1.7084 21.0106742 105.7147278 20190810121335 
1 0.1371 -0.2061 -2.1568 21.0106742 105.7147278 20190810121335 
1 0.1034 0.1226 -2.4045 21.0106742 105.7147278 20190810121335 
1 0.2374 0.1943 -2.6833 21.0106742 105.7147278 20190810121335 
1 0.0615 0.0760 -2.5725 21.0106742 105.7147278 20190810121335 
1 -0.0296 0.1335 -2.1157 21.0106742 105.7147278 20190810121336 
1 0.1700 0.0862 -2.6146 21.0106742 105.7147278 20190810121336 
1 -0.0272 0.0808 -2.5741 21.0106742 105.7147278 20190810121336 
1 0.0559 0.2508 -1.9008 21.0106742 105.7147278 20190810121336 
1 0.1988 -0.0651 -1.8628 21.0106742 105.7147278 20190810121336 
1 0.0190 0.0576 -1.2984 21.0106742 105.7147278 20190810121336 
1 0.0778 0.2007 -0.8025 21.0106742 105.7147278 20190810121336 
1 0.1214 0.4476 -0.3397 21.0106742 105.7147278 20190810121336 
1 0.0838 -0.2131 0.0526 21.0106742 105.7147278 20190810121336 
1 0.0734 0.0485 0.3769 21.0106742 105.7147278 20190810121336 
1 0.0455 0.0600 0.1740 21.0106742 105.7147278 20190810121336 
1 0.2408 0.1185 0.2343 21.0106742 105.7147278 20190810121336 
1 0.1223 0.1693 0.6212 21.0106742 105.7147278 20190810121336 
1 0.0520 0.1821 0.9339 21.0106742 105.7147278 20190810121336 
1 0.0719 0.0624 1.1505 21.0106742 105.7147278 20190810121336 
1 0.0409 0.1047 1.0735 21.0106742 105.7147278 20190810121336 
1 0.0708 0.1689 0.9231 21.0106742 105.7147278 20190810121336 
1 0.0466 0.2033 1.1093 21.0106742 105.7147278 20190810121336 
1 0.1413 0.0267 1.0427 21.0106742 105.7147278 20190810121336 
1 -0.0079 0.1973 0.8252 21.0106742 105.7147278 20190810121336 
1 0.0180 0.1034 0.5628 21.0106742 105.7147278 20190810121336 
1 0.0744 0.0571 0.5779 21.0106742 105.7147278 20190810121336 
1 0.0165 0.2489 0.7049 21.0106742 105.7147278 20190810121336 
1 0.0275 0.2067 0.8163 21.0106742 105.7147278 20190810121336 
1 0.0525 -0.0700 0.6943 21.0106742 105.7147278 20190810121336 
1 0.0107 0.4644 0.5249 21.0106742 105.7147278 20190810121336 
1 -0.0721 0.2151 0.4991 21.0106742 105.7147278 20190810121336 
1 0.1355 0.1469 0.4487 21.0106742 105.7147278 20190810121336 
1 0.0275 0.2739 0.6160 21.0106742 105.7147278 20190810121336 
1 0.0861 0.1726 0.3914 21.0106742 105.7147278 20190810121336 
1 -0.0654 0.2930 0.7315 21.0106742 105.7147278 20190810121336 
1 0.1658 0.1303 0.3944 21.0106742 105.7147278 20190810121336 
1 0.3218 0.2999 0.0805 21.0106742 105.7147278 20190810121336 
1 -0.0122 0.2022 0.1532 21.0106742 105.7147278 20190810121336 
1 0.0549 0.1762 0.4102 21.0106742 105.7147278 20190810121336 
1 0.1305 0.1047 0.0729 21.010705 105.7149355 20190810121336 
1 0.0881 0.2407 -0.2783 21.010705 105.7149355 20190810121336 
1 0.2048 -0.1247 0.0781 21.010705 105.7149355 20190810121336 
1 -0.0266 0.3025 -0.0530 21.010705 105.7149355 20190810121336 
1 0.2091 -0.0516 -1.2984 21.010705 105.7149355 20190810121336 
1 -0.1211 -0.0957 0.1294 21.010705 105.7149355 20190810121336 
1 0.2343 0.0335 -0.0947 21.010705 105.7149355 20190810121336 
1 0.1780 -0.0832 -0.5470 21.010705 105.7149355 20190810121336 
1 -0.0417 -0.1831 -0.1520 21.010705 105.7149355 20190810121336 
1 0.0120 -0.1164 -0.7350 21.010705 105.7149355 20190810121336 
1 0.0029 0.1568 -1.6727 21.010705 105.7149355 20190810121336 
1 0.3080 -0.1394 0.0988 21.010705 105.7149355 20190810121336 
1 0.2872 -0.5545 1.7820 21.010705 105.7149355 20190810121336 
1 -0.3616 -0.0306 -0.1353 21.010705 105.7149355 20190810121336 
1 0.0067 0.5885 -2.1924 21.010705 105.7149355 20190810121336 
1 0.1929 -0.6276 -0.3534 21.010705 105.7149355 20190810121336 
1 0.1828 -0.5345 1.4764 21.010705 105.7149355 20190810121337 
1 0.1342 -0.0538 -0.0923 21.010705 105.7149355 20190810121337 
1 -0.2410 0.2437 -1.4265 21.010705 105.7149355 20190810121337 
1 0.2412 -0.1021 0.5560 21.010705 105.7149355 20190810121337 
1 0.2523 -0.0870 1.6958 21.010705 105.7149355 20190810121337 
1 0.0521 0.0625 -0.1130 21.010705 105.7149355 20190810121337 
1 -0.2017 -0.1533 -0.4033 21.010705 105.7149355 20190810121337 
1 0.1775 -0.4775 -0.5193 21.010705 105.7149355 20190810121337 
1 -0.0278 0.2664 -0.0320 21.010705 105.7149355 20190810121337 
1 -0.0359 0.0078 -0.0105 21.010705 105.7149355 20190810121337 
1 0.0445 0.1816 0.2784 21.010705 105.7149355 20190810121337 
1 -0.0614 0.0951 0.4220 21.010705 105.7149355 20190810121337 
1 0.1159 0.2008 0.0781 21.010705 105.7149355 20190810121337 
1 0.0469 0.0030 0.2280 21.010705 105.7149355 20190810121337 
1 -0.0986 0.1292 0.8029 21.010705 105.7149355 20190810121337 
1 0.0122 0.1337 0.0722 21.010705 105.7149355 20190810121337 
1 -0.0455 0.2531 0.4039 21.010705 105.7149355 20190810121337 
1 0.0205 -0.1472 0.6414 21.010705 105.7149355 20190810121337 
1 -0.0089 -0.0059 0.3438 21.010705 105.7149355 20190810121337 
1 -0.0281 -0.1044 0.2704 21.010705 105.7149355 20190810121337 
1 0.1049 -0.2367 0.4192 21.010705 105.7149355 20190810121337 
1 -0.1425 0.0331 0.6550 21.010705 105.7149355 20190810121337 
1 0.0585 -0.2273 0.4615 21.010705 105.7149355 20190810121337 
1 0.1340 -0.2814 0.4664 21.010705 105.7149355 20190810121337 
1 -0.0665 -0.0371 0.2018 21.010705 105.7149355 20190810121337 
1 -0.0649 -0.1766 0.4839 21.010705 105.7149355 20190810121337 
1 0.0526 -0.0854 0.3121 21.010705 105.7149355 20190810121337 
1 0.0290 -0.4692 0.2265 21.010705 105.7149355 20190810121337 
1 -0.1424 -0.0457 0.5019 21.010705 105.7149355 20190810121337 
1 -0.0174 0.0059 0.4497 21.010705 105.7149355 20190810121337 
1 0.0223 -0.5298 0.1460 21.010705 105.7149355 20190810121337 
1 -0.1764 0.0899 0.4605 21.0107326 105.7151435 20190810121337 
1 0.1136 -0.4576 0.0160 21.0107326 105.7151435 20190810121337 
1 0.0544 -0.1223 0.3598 21.0107326 105.7151435 20190810121337 
1 -0.0391 -0.3999 0.2642 21.0107326 105.7151435 20190810121337 
1 -0.0682 0.2714 0.5199 21.0107326 105.7151435 20190810121337 
1 0.1360 -0.4700 -0.0086 21.0107326 105.7151435 20190810121337 
1 -0.0076 0.0637 0.3712 21.0107326 105.7151435 20190810121337 
1 -0.0178 -0.4131 -0.2356 21.0107326 105.7151435 20190810121337 
1 -0.0796 0.1976 0.1212 21.0107326 105.7151435 20190810121337 
1 0.1988 -0.5692 -0.6512 21.0107326 105.7151435 20190810121337 
1 0.1726 -0.0145 -0.4781 21.0107326 105.7151435 20190810121337 
1 0.0006 -0.3124 -0.7757 21.0107326 105.7151435 20190810121337 
1 0.1027 -0.3416 -0.5078 21.0107326 105.7151435 20190810121337 
1 -0.0302 -0.1545 -0.5995 21.0107326 105.7151435 20190810121337 
1 0.0776 -0.0503 -0.6254 21.0107326 105.7151435 20190810121337 
1 0.1935 -0.2997 -0.6294 21.0107326 105.7151435 20190810121337 
1 -0.0399 -0.0598 -0.7311 21.0107326 105.7151435 20190810121337 
1 -0.0553 -0.1597 -1.0349 21.0107326 105.7151435 20190810121337 
1 -0.0168 -0.1929 -0.7488 21.0107326 105.7151435 20190810121338 
1 0.0983 -0.1904 -0.3547 21.0107326 105.7151435 20190810121338 
1 -0.0742 0.1384 -0.0145 21.0107326 105.7151435 20190810121338 
1 -0.0635 -0.1663 -0.1238 21.0107326 105.7151435 20190810121338 
1 -0.1051 0.1371 0.1824 21.0107326 105.7151435 20190810121338 
1 -0.1274 -0.1108 0.3845 21.0107326 105.7151435 20190810121338 
1 0.0051 0.1017 0.6182 21.0107326 105.7151435 20190810121338 
1 -0.2747 -0.2227 1.0826 21.0107326 105.7151435 20190810121338 
1 -0.0633 0.0613 1.1451 21.0107326 105.7151435 20190810121338 
1 -0.1054 -0.0670 0.7455 21.0107326 105.7151435 20190810121338 
1 0.0857 -0.1157 0.9705 21.0107326 105.7151435 20190810121338 
1 0.0788 -0.2229 1.0712 21.0107326 105.7151435 20190810121338 
1 0.0165 -0.1422 0.9661 21.0107326 105.7151435 20190810121338 
1 -0.0597 -0.1043 0.7438 21.0107326 105.7151435 20190810121338 
1 0.2114 -0.2973 0.2499 21.0107326 105.7151435 20190810121338 
1 0.1600 -0.2094 -0.1067 21.0107326 105.7151435 20190810121338 
1 0.0532 -0.1221 -0.5568 21.0107326 105.7151435 20190810121338 
1 0.1269 -0.4969 -1.0776 21.0107326 105.7151435 20190810121338 
1 0.1358 -0.1956 -0.9474 21.0107326 105.7151435 20190810121338 
1 0.2284 -0.4497 -1.2930 21.0107326 105.7151435 20190810121338 
1 0.1253 -0.2702 -0.9180 21.0107326 105.7151435 20190810121338 
1 -0.1360 -0.3337 -0.8533 21.0107326 105.7151435 20190810121338 
1 0.0278 -0.1667 -1.3143 21.0107326 105.7151435 20190810121338 
1 0.0673 -0.1431 -1.5467 21.0107326 105.7151435 20190810121338 
1 -0.1942 -0.3546 -0.8770 21.0107326 105.7151435 20190810121338 
1 -0.2104 -0.2056 -0.4875 21.0107326 105.7151435 20190810121338 
1 -0.1669 -0.0946 -0.7379 21.0107326 105.7151435 20190810121338 
1 -0.0803 -0.2588 -0.1203 21.0107326 105.7151435 20190810121338 
1 -0.2931 0.3125 1.1797 21.0107326 105.7151435 20190810121338 
1 -0.0444 -0.0813 0.7878 21.0107326 105.7151435 20190810121338 
1 -0.1314 -0.0403 1.3406 21.0107326 105.7151435 20190810121338 
1 -0.2337 0.0411 1.6422 21.0107326 105.7151435 20190810121338 
1 -0.2080 0.1027 1.6133 21.0107326 105.7151435 20190810121338 
1 -0.2016 0.0127 1.7649 21.0107647 105.7153483 20190810121338 
1 -0.0531 -0.2043 1.4883 21.0107647 105.7153483 20190810121338 
1 -0.0596 0.2757 1.6960 21.0107647 105.7153483 20190810121338 
1 -0.0940 -0.0369 1.6934 21.0107647 105.7153483 20190810121338 
1 0.0810 -0.2169 0.7588 21.0107647 105.7153483 20190810121338 
1 0.0422 -0.0537 0.5501 21.0107647 105.7153483 20190810121338 
1 -0.0474 -0.1044 0.6978 21.0107647 105.7153483 20190810121338 
1 0.0085 -0.2759 0.3136 21.0107647 105.7153483 20190810121338 
1 -0.0788 -0.1062 -0.3577 21.0107647 105.7153483 20190810121338 
1 -0.1470 -0.0998 -0.4095 21.0107647 105.7153483 20190810121338 
1 0.0442 0.1263 -0.5426 21.0107647 105.7153483 20190810121338 
1 -0.0448 -0.3596 -0.7530 21.0107647 105.7153483 20190810121338 
1 -0.1060 -0.0358 -0.4139 21.0107647 105.7153483 20190810121338 
1 -0.0533 -0.0710 -0.7319 21.0107647 105.7153483 20190810121338 
1 -0.0594 -0.0116 -0.6179 21.0107647 105.7153483 20190810121338 
1 -0.0233 -0.2415 -0.5342 21.0107647 105.7153483 20190810121338 
1 -0.1860 0.0061 -0.6760 21.0107647 105.7153483 20190810121339 
1 -0.0287 -0.1041 -0.8107 21.0107647 105.7153483 20190810121339 
1 -0.1637 -0.0333 -0.2818 21.0107647 105.7153483 20190810121339 
1 -0.0645 -0.1418 -0.3786 21.0107647 105.7153483 20190810121339 
1 -0.0155 0.0205 -0.1074 21.0107647 105.7153483 20190810121339 
1 -0.1215 -0.1426 -0.1877 21.0107647 105.7153483 20190810121339 
1 -0.1520 0.1433 -0.0378 21.0107647 105.7153483 20190810121339 
1 -0.1112 -0.1137 -0.0697 21.0107647 105.7153483 20190810121339 
1 -0.1074 -0.0972 0.1084 21.0107647 105.7153483 20190810121339 
1 -0.2317 -0.0275 0.0872 21.0107647 105.7153483 20190810121339 
1 -0.1845 0.0463 -0.0292 21.0107647 105.7153483 20190810121339 
1 -0.2451 -0.0090 0.0266 21.0107647 105.7153483 20190810121339 
1 -0.0273 -0.1140 -0.0962 21.0107647 105.7153483 20190810121339 
1 -0.0423 -0.0712 0.0188 21.0107647 105.7153483 20190810121339 
1 -0.2804 0.0847 0.0630 21.0107647 105.7153483 20190810121339 
1 -0.0973 -0.1130 -0.0719 21.0107647 105.7153483 20190810121339 
1 -0.0812 0.0892 0.1093 21.0107647 105.7153483 20190810121339 
1 -0.0350 -0.0685 0.0034 21.0107647 105.7153483 20190810121339 
1 -0.1747 0.1210 0.0328 21.0107647 105.7153483 20190810121339 
1 -0.2076 -0.2264 -0.0571 21.0107647 105.7153483 20190810121339 
1 -0.1321 0.1923 -0.0894 21.0107647 105.7153483 20190810121339 
1 0.0201 -0.0396 -0.3127 21.0107647 105.7153483 20190810121339 
1 0.0234 -0.1828 -0.3227 21.0107647 105.7153483 20190810121339 
1 -0.2538 0.2641 -0.0498 21.0107647 105.7153483 20190810121339 
1 -0.1736 -0.2285 -0.8275 21.0107647 105.7153483 20190810121339 
1 0.0907 0.1141 -0.4110 21.0107647 105.7153483 20190810121339 
1 -0.0062 -0.1113 -0.6800 21.0107647 105.7153483 20190810121339 
1 -0.2048 -0.0457 -0.7369 21.0107647 105.7153483 20190810121339 
1 -0.3542 0.2077 -0.4547 21.0107647 105.7153483 20190810121339 
1 0.1029 -0.1891 -0.7578 21.0107647 105.7153483 20190810121339 
1 -0.1370 0.1590 -0.2690 21.0107647 105.7153483 20190810121339 
1 -0.1631 0.1520 -0.3144 21.0107647 105.7153483 20190810121339 
1 -0.0641 -0.0605 -0.0912 21.0107647 105.7153483 20190810121339 
1 -0.0945 0.0197 -0.1419 21.0107873 105.71555 20190810121339 
1 -0.3008 0.1446 0.1048 21.0107873 105.71555 20190810121339 
1 -0.0286 -0.0964 0.0321 21.0107873 105.71555 20190810121339 
1 -0.1840 0.0243 0.4909 21.0107873 105.71555 20190810121339 
1 -0.2859 -0.1022 0.4300 21.0107873 105.71555 20190810121339 
1 -0.2841 0.0155 0.4300 21.0107873 105.71555 20190810121339 
1 -0.1698 -0.1330 0.3324 21.0107873 105.71555 20190810121339 
1 -0.2426 0.0055 0.5811 21.0107873 105.71555 20190810121339 
1 -0.2396 -0.1447 0.4190 21.0107873 105.71555 20190810121339 
1 -0.3447 -0.0292 0.3779 21.0107873 105.71555 20190810121339 
1 -0.2686 -0.0767 0.3479 21.0107873 105.71555 20190810121339 
1 -0.1418 0.2034 0.1924 21.0107873 105.71555 20190810121339 
1 -0.1820 0.0599 -0.0201 21.0107873 105.71555 20190810121339 
1 -0.2266 -0.1291 -0.0319 21.0107873 105.71555 20190810121339 
1 -0.3547 0.4617 0.1518 21.0107873 105.71555 20190810121339 
1 -0.1643 0.0587 -0.2598 21.0107873 105.71555 20190810121340 
1 -0.1360 0.1974 -0.3151 21.0107873 105.71555 20190810121340 
1 -0.1723 -0.0240 -0.2185 21.0107873 105.71555 20190810121340 
1 -0.2732 0.3729 0.0608 21.0107873 105.71555 20190810121340 
1 -0.2271 0.0192 -0.7248 21.0107873 105.71555 20190810121340 
1 -0.2736 0.2842 -0.2513 21.0107873 105.71555 20190810121340 
1 -0.1430 0.2403 -0.0645 21.0107873 105.71555 20190810121340 
1 -0.1348 0.1934 -0.2873 21.0107873 105.71555 20190810121340 
1 -0.4155 0.0678 -0.0880 21.0107873 105.71555 20190810121340 
1 -0.1677 0.1219 -0.2316 21.0107873 105.71555 20190810121340 
1 -0.2468 0.3312 -0.3017 21.0107873 105.71555 20190810121340 
1 -0.2104 0.0182 0.0404 21.0107873 105.71555 20190810121340 
1 -0.3553 0.1450 0.1337 21.0107873 105.71555 20190810121340 
1 -0.2339 0.2259 0.0456 21.0107873 105.71555 20190810121340 
1 -0.2130 0.1945 0.1989 21.0107873 105.71555 20190810121340 
1 -0.2606 0.3442 0.0849 21.0107873 105.71555 20190810121340 
1 -0.2904 0.3210 0.1750 21.0107873 105.71555 20190810121340 
1 -0.2651 0.0490 0.3945 21.0107873 105.71555 20190810121340 
1 -0.2524 0.2678 -0.0573 21.0107873 105.71555 20190810121340 
1 -0.3216 0.1844 0.0303 21.0107873 105.71555 20190810121340 
1 -0.2526 0.4071 0.2342 21.0107873 105.71555 20190810121340 
1 -0.2720 0.3808 0.3735 21.0107873 105.71555 20190810121340 
1 -0.1980 0.3675 0.2582 21.0107873 105.71555 20190810121340 
1 -0.3237 0.4297 0.4681 21.0107873 105.71555 20190810121340 
1 -0.2452 0.3657 0.3812 21.0107873 105.71555 20190810121340 
1 -0.0969 0.0947 -0.0629 21.0107873 105.71555 20190810121340 
1 -0.2789 0.3974 0.3720 21.0107873 105.71555 20190810121340 
1 -0.3036 0.4851 0.0865 21.0107873 105.71555 20190810121340 
1 -0.2044 0.1742 -0.0530 21.0107873 105.71555 20190810121340 
1 -0.2683 0.5863 0.5583 21.0107873 105.71555 20190810121340 
1 -0.1824 0.1864 0.0595 21.0107873 105.71555 20190810121340 
1 -0.1362 0.2068 -0.2174 21.0107873 105.71555 20190810121340 
1 -0.1856 0.2064 0.0745 21.0107873 105.71555 20190810121340 
1 -0.2699 0.1520 -0.0115 21.0107873 105.71555 20190810121340 
1 -0.1098 0.2947 -0.2753 21.0108186 105.7157532 20190810121340 
1 -0.0502 0.0298 -0.0928 21.0108186 105.7157532 20190810121340 
1 -0.1641 0.2889 0.0407 21.0108186 105.7157532 20190810121340 
1 -0.0262 0.0215 -0.6848 21.0108186 105.7157532 20190810121340 
1 -0.2677 0.1449 -0.2287 21.0108186 105.7157532 20190810121340 
1 0.0475 0.1526 -0.2233 21.0108186 105.7157532 20190810121340 
1 -0.1858 0.1553 -0.1524 21.0108186 105.7157532 20190810121340 
1 -0.2006 -0.0130 -0.1867 21.0108186 105.7157532 20190810121340 
1 -0.1393 0.1672 -0.0148 21.0108186 105.7157532 20190810121340 
1 -0.1190 0.1534 -0.2355 21.0108186 105.7157532 20190810121340 
1 -0.1231 0.0816 -0.0409 21.0108186 105.7157532 20190810121340 
1 -0.0689 0.0586 -0.0513 21.0108186 105.7157532 20190810121340 
1 -0.1973 0.2240 0.1062 21.0108186 105.7157532 20190810121340 
1 -0.1703 0.1170 0.0157 21.0108186 105.7157532 20190810121340 
1 -0.1506 0.1957 0.1575 21.0108186 105.7157532 20190810121340 
1 -0.0523 -0.0030 0.1370 21.0108186 105.7157532 20190810121340 
1 -0.0694 0.0568 0.1101 21.0108186 105.7157532 20190810121340 
1 -0.2336 0.0429 0.3640 21.0108186 105.7157532 20190810121340 
1 -0.1435 0.0584 0.0578 21.0108186 105.7157532 20190810121341 
1 -0.1642 0.0798 -0.1188 21.0108186 105.7157532 20190810121341 
1 -0.1588 0.0811 0.3171 21.0108186 105.7157532 20190810121341 
1 -0.0888 -0.2093 0.0387 21.0108186 105.7157532 20190810121341 
1 -0.2898 0.0764 0.1492 21.0108186 105.7157532 20190810121341 
1 -0.1509 -0.0426 0.0280 21.0108186 105.7157532 20190810121341 
1 0.0473 -0.0785 -0.2537 21.0108186 105.7157532 20190810121341 
1 -0.2469 0.1603 0.0049 21.0108186 105.7157532 20190810121341 
1 -0.0900 -0.0972 -0.2458 21.0108186 105.7157532 20190810121341 
1 -0.1332 0.0354 -0.0740 21.0108186 105.7157532 20190810121341 
1 -0.1070 -0.0156 -0.2812 21.0108186 105.7157532 20190810121341 
1 -0.1028 0.0276 -0.3661 21.0108186 105.7157532 20190810121341 
1 -0.1045 -0.0154 -0.5789 21.0108186 105.7157532 20190810121341 
1 -0.0431 -0.0662 -0.1952 21.0108186 105.7157532 20190810121341 
1 -0.1794 0.0024 -0.4001 21.0108186 105.7157532 20190810121341 
1 -0.2134 0.0761 -0.6325 21.0108186 105.7157532 20190810121341 
1 -0.0615 -0.0028 -0.2851 21.0108186 105.7157532 20190810121341 
1 -0.0051 -0.0677 -0.2844 21.0108186 105.7157532 20190810121341 
1 -0.3169 0.1014 -0.1993 21.0108186 105.7157532 20190810121341 
1 -0.2056 -0.0841 -0.4144 21.0108186 105.7157532 20190810121341 
1 -0.0667 -0.0660 -0.2889 21.0108186 105.7157532 20190810121341 
1 -0.0892 -0.0571 -0.1504 21.0108186 105.7157532 20190810121341 
1 -0.1778 0.1126 -0.1537 21.0108186 105.7157532 20190810121341 
1 -0.1785 -0.0262 0.0096 21.0108186 105.7157532 20190810121341 
1 -0.1344 -0.0992 0.1358 21.0108186 105.7157532 20190810121341 
1 -0.1896 0.1659 0.1649 21.0108186 105.7157532 20190810121341 
1 -0.2404 0.1594 0.2091 21.0108186 105.7157532 20190810121341 
1 -0.0990 -0.3039 0.0537 21.0108186 105.7157532 20190810121341 
1 -0.2545 0.3004 0.6101 21.0108186 105.7157532 20190810121341 
1 -0.1738 0.0228 0.2985 21.0108186 105.7157532 20190810121341 
1 -0.2103 0.1123 0.3010 21.0108186 105.7157532 20190810121341 
1 -0.1297 -0.0412 0.3219 21.0108186 105.7157532 20190810121341 
1 -0.0808 0.0224 0.1438 21.0108186 105.7157532 20190810121341 
1 -0.2479 0.0559 0.3223 21.0108438 105.7159527 20190810121341 
1 -0.1162 -0.0642 0.1572 21.0108438 105.7159527 20190810121341 
1 -0.1097 -0.0481 0.0778 21.0108438 105.7159527 20190810121341 
1 -0.0259 0.0807 0.0797 21.0108438 105.7159527 20190810121341 
1 -0.1686 -0.2794 -0.1732 21.0108438 105.7159527 20190810121341 
1 -0.2150 -0.0488 -0.1149 21.0108438 105.7159527 20190810121341 
1 -0.1017 -0.1399 -0.2219 21.0108438 105.7159527 20190810121341 
1 -0.0059 -0.0417 -0.4708 21.0108438 105.7159527 20190810121341 
1 -0.0659 -0.2795 -0.4549 21.0108438 105.7159527 20190810121341 
1 -0.1524 -0.1967 -0.2733 21.0108438 105.7159527 20190810121341 
1 -0.1680 -0.1067 -0.7171 21.0108438 105.7159527 20190810121341 
1 -0.1571 -0.0132 -0.6383 21.0108438 105.7159527 20190810121341 
1 -0.0160 -0.3144 -0.5694 21.0108438 105.7159527 20190810121341 
1 -0.1262 0.1056 -0.3410 21.0108438 105.7159527 20190810121341 
1 -0.1433 -0.3937 -0.4719 21.0108438 105.7159527 20190810121341 
1 -0.0487 0.0546 -0.4377 21.0108438 105.7159527 20190810121342 
1 -0.2371 -0.1718 -0.5167 21.0108438 105.7159527 20190810121342 
1 -0.0156 -0.1982 -0.2490 21.0108438 105.7159527 20190810121342 
1 -0.0946 0.0757 -0.1604 21.0108438 105.7159527 20190810121342 
1 -0.0152 -0.2584 -0.3375 21.0108438 105.7159527 20190810121342 
1 -0.0271 0.0182 -0.0082 21.0108438 105.7159527 20190810121342 
1 -0.0250 -0.2467 -0.1824 21.0108438 105.7159527 20190810121342 
1 -0.0620 0.0289 0.1835 21.0108438 105.7159527 20190810121342 
1 -0.0951 -0.1236 0.2655 21.0108438 105.7159527 20190810121342 
1 -0.0868 -0.1465 0.3377 21.0108438 105.7159527 20190810121342 
1 -0.1173 -0.0141 0.4305 21.0108438 105.7159527 20190810121342 
1 -0.2650 -0.0542 0.5796 21.0108438 105.7159527 20190810121342 
1 -0.0384 -0.2541 0.7042 21.0108438 105.7159527 20190810121342 
1 0.0402 -0.2964 0.2604 21.0108438 105.7159527 20190810121342 
1 -0.3829 0.2123 1.0750 21.0108438 105.7159527 20190810121342 
1 -0.0409 -0.2688 0.6620 21.0108438 105.7159527 20190810121342 
1 -0.1039 -0.0084 1.0961 21.0108438 105.7159527 20190810121342 
1 -0.0124 -0.2648 0.5355 21.0108438 105.7159527 20190810121342 
1 0.0448 -0.0072 0.8491 21.0108438 105.7159527 20190810121342 
1 -0.2414 -0.3063 1.0397 21.0108438 105.7159527 20190810121342 
1 0.0660 -0.3159 0.4756 21.0108438 105.7159527 20190810121342 
1 -0.0165 0.0751 0.3677 21.0108438 105.7159527 20190810121342 
1 0.0727 -0.1667 0.1165 21.0108438 105.7159527 20190810121342 
1 0.1181 -0.4459 0.0850 21.0108438 105.7159527 20190810121342 
1 -0.0611 0.0040 0.2326 21.0108438 105.7159527 20190810121342 
1 0.0572 -0.3537 -0.3653 21.0108438 105.7159527 20190810121342 
1 0.0989 -0.0878 -0.2012 21.0108438 105.7159527 20190810121342 
1 0.1367 -0.2382 -0.3883 21.0108438 105.7159527 20190810121342 
1 0.0580 -0.2871 -0.6215 21.0108438 105.7159527 20190810121342 
1 -0.0781 -0.1924 -0.4700 21.0108438 105.7159527 20190810121342 
1 0.0624 -0.2427 -0.4968 21.0108438 105.7159527 20190810121342 
1 0.0929 -0.0852 -0.6597 21.0108438 105.7159527 20190810121342 
1 -0.0191 -0.1979 -0.3738 21.0108438 105.7159527 20190810121342 
1 0.0316 -0.1969 -0.5392 21.0108438 105.7159527 20190810121342 
1 -0.0470 -0.1853 -0.4136 21.0108438 105.7159527 20190810121342 
1 0.1008 0.0388 -0.4477 21.0108686 105.7161404 20190810121342 
1 0.0123 -0.0101 -0.3089 21.0108686 105.7161404 20190810121342 
1 0.1564 -0.2287 -0.3102 21.0108686 105.7161404 20190810121342 
1 -0.0382 -0.0635 0.0649 21.0108686 105.7161404 20190810121342 
1 -0.1758 0.2816 0.1561 21.0108686 105.7161404 20190810121342 
1 0.1883 -0.2746 -0.3681 21.0108686 105.7161404 20190810121342 
1 0.0815 -0.1598 0.1026 21.0108686 105.7161404 20190810121342 
1 0.0026 0.3039 0.0323 21.0108686 105.7161404 20190810121342 
1 0.0925 -0.4188 -0.4000 21.0108686 105.7161404 20190810121342 
1 -0.0520 0.2069 0.1995 21.0108686 105.7161404 20190810121342 
1 0.0939 -0.3833 -0.2047 21.0108686 105.7161404 20190810121342 
1 0.1837 0.0216 0.0270 21.0108686 105.7161404 20190810121342 
1 0.0425 -0.1432 -0.1543 21.0108686 105.7161404 20190810121342 
1 0.0935 -0.2360 -0.2426 21.0108686 105.7161404 20190810121342 
1 0.1829 -0.2948 -0.0898 21.0108686 105.7161404 20190810121343 
1 0.1851 0.1163 -0.2593 21.0108686 105.7161404 20190810121343 
1 0.1152 -0.5144 -0.5835 21.0108686 105.7161404 20190810121343 
1 0.1939 0.0635 0.0126 21.0108686 105.7161404 20190810121343 
1 0.0438 -0.3411 -0.0258 21.0108686 105.7161404 20190810121343 
1 0.1402 -0.1414 -0.0435 21.0108686 105.7161404 20190810121343 
1 0.0786 -0.0346 -0.0711 21.0108686 105.7161404 20190810121343 
1 0.1405 0.0190 -0.1997 21.0108686 105.7161404 20190810121343 
1 0.2566 -0.2332 -0.1378 21.0108686 105.7161404 20190810121343 
1 0.0876 -0.1933 0.0381 21.0108686 105.7161404 20190810121343 
1 0.1293 0.0458 -0.1079 21.0108686 105.7161404 20190810121343 
1 0.1627 -0.2104 -0.0768 21.0108686 105.7161404 20190810121343 
1 0.1658 0.0151 0.3107 21.0108686 105.7161404 20190810121343 
1 0.2355 -0.0679 -0.0359 21.0108686 105.7161404 20190810121343 
1 0.0562 -0.0677 0.0281 21.0108686 105.7161404 20190810121343 
1 0.1447 -0.0359 -0.0291 21.0108686 105.7161404 20190810121343 
1 0.0783 0.0606 0.1475 21.0108686 105.7161404 20190810121343 
1 0.2675 -0.1611 0.0176 21.0108686 105.7161404 20190810121343 
1 0.2667 0.2529 0.0264 21.0108686 105.7161404 20190810121343 
1 0.0475 -0.2113 -0.0729 21.0108686 105.7161404 20190810121343 
1 0.2435 0.2109 0.2127 21.0108686 105.7161404 20190810121343 
1 0.2001 -0.0244 0.0749 21.0108686 105.7161404 20190810121343 
1 0.2544 -0.0781 -0.0052 21.0108686 105.7161404 20190810121343 
1 0.1481 0.1395 0.2625 21.0108686 105.7161404 20190810121343 
1 0.2468 -0.0973 -0.1025 21.0108686 105.7161404 20190810121343 
1 0.2016 -0.0180 -0.2318 21.0108686 105.7161404 20190810121343 
1 0.0728 0.1596 0.1496 21.0108686 105.7161404 20190810121343 
1 0.2635 -0.1323 -0.0447 21.0108686 105.7161404 20190810121343 
1 0.2103 -0.1536 0.1784 21.0108686 105.7161404 20190810121343 
1 0.1671 0.0837 0.2482 21.0108686 105.7161404 20190810121343 
1 0.2054 -0.0997 -0.0288 21.0108686 105.7161404 20190810121343 
1 0.1759 -0.0827 0.1667 21.0108686 105.7161404 20190810121343 
1 0.2165 0.0027 0.2805 21.0108686 105.7161404 20190810121343 
1 0.2463 -0.1628 -0.0023 21.0108686 105.7161404 20190810121343 
1 0.1646 -0.1265 0.5471 21.0108686 105.7161404 20190810121343 
1 0.2937 -0.2014 0.3450 21.010881 105.7163303 20190810121343 
1 0.0899 0.0944 0.4418 21.010881 105.7163303 20190810121343 
1 0.1332 -0.0374 0.4975 21.010881 105.7163303 20190810121343 
1 0.2276 -0.0464 0.2771 21.010881 105.7163303 20190810121343 
1 0.0596 -0.0563 0.4831 21.010881 105.7163303 20190810121343 
1 0.0895 0.0059 0.4893 21.010881 105.7163303 20190810121343 
1 0.1667 -0.0240 0.6844 21.010881 105.7163303 20190810121343 
1 0.2734 -0.1978 0.6152 21.010881 105.7163303 20190810121343 
1 0.0067 0.5222 0.8586 21.010881 105.7163303 20190810121343 
1 0.0106 -0.0942 0.9476 21.010881 105.7163303 20190810121343 
1 0.1467 -0.1506 1.0572 21.010881 105.7163303 20190810121343 
1 0.0206 0.2129 0.7977 21.010881 105.7163303 20190810121343 
1 0.1695 0.2501 0.5966 21.010881 105.7163303 20190810121343 
1 0.1177 -0.0171 0.6743 21.010881 105.7163303 20190810121343 
1 0.3601 0.1511 0.4562 21.010881 105.7163303 20190810121343 
1 0.1551 0.2302 0.7136 21.010881 105.7163303 20190810121343 
1 0.1396 0.3185 0.9757 21.010881 105.7163303 20190810121344 
1 0.2865 -0.0091 0.8909 21.010881 105.7163303 20190810121344 
1 0.4706 0.0058 -0.1988 21.010881 105.7163303 20190810121344 
1 0.1694 0.2479 -0.0411 21.010881 105.7163303 20190810121344 
1 0.2505 0.1061 -0.3153 21.010881 105.7163303 20190810121344 
1 0.2455 -0.0090 -0.3474 21.010881 105.7163303 20190810121344 
1 0.2678 0.0108 -0.1983 21.010881 105.7163303 20190810121344 
1 0.3810 0.0091 -0.7211 21.010881 105.7163303 20190810121344 
1 0.0130 0.1542 -0.1911 21.010881 105.7163303 20190810121344 
1 0.3328 -0.2406 -0.6954 21.010881 105.7163303 20190810121344 
1 0.2421 0.0625 -0.8702 21.010881 105.7163303 20190810121344 
1 0.1737 0.0712 -0.3849 21.010881 105.7163303 20190810121344 
1 0.3848 -0.2025 -0.3882 21.010881 105.7163303 20190810121344 
1 0.0787 -0.0074 0.0266 21.010881 105.7163303 20190810121344 
1 0.2877 -0.1267 -0.4456 21.010881 105.7163303 20190810121344 
1 0.1686 0.0605 -0.0281 21.010881 105.7163303 20190810121344 
1 0.0982 0.0168 0.1772 21.010881 105.7163303 20190810121344 
1 0.2609 -0.1730 -0.1241 21.010881 105.7163303 20190810121344 
1 0.1933 0.1773 0.5839 21.010881 105.7163303 20190810121344 
1 0.3783 -0.1644 0.0420 21.010881 105.7163303 20190810121344 
1 0.2380 0.0391 0.2748 21.010881 105.7163303 20190810121344 
1 0.2098 0.1449 0.1920 21.010881 105.7163303 20190810121344 
1 0.2414 -0.1322 -0.1073 21.010881 105.7163303 20190810121344 
1 0.2422 0.0559 0.2387 21.010881 105.7163303 20190810121344 
1 0.3983 -0.0166 -0.2937 21.010881 105.7163303 20190810121344 
1 0.2585 0.0636 -0.1854 21.010881 105.7163303 20190810121344 
1 0.2156 0.0619 -0.0986 21.010881 105.7163303 20190810121344 
1 0.3098 -0.2723 -0.3622 21.010881 105.7163303 20190810121344 
1 0.2866 0.1715 -0.4824 21.010881 105.7163303 20190810121344 
1 0.3426 -0.2024 -0.6329 21.010881 105.7163303 20190810121344 
1 0.2326 0.0065 -0.1806 21.010881 105.7163303 20190810121344 
1 0.2030 0.1870 -0.3617 21.010881 105.7163303 20190810121344 
1 0.3342 -0.2497 -0.6119 21.010881 105.7163303 20190810121344 
1 0.1652 0.1798 0.0504 21.010881 105.7163303 20190810121344 
1 0.2814 -0.0692 -0.3030 21.0109023 105.7165175 20190810121344 
1 0.1667 0.2553 -0.1029 21.0109023 105.7165175 20190810121344 
1 0.2143 0.0064 0.1607 21.0109023 105.7165175 20190810121344 
1 0.2143 -0.0292 0.3502 21.0109023 105.7165175 20190810121344 
1 0.1656 0.3599 0.5000 21.0109023 105.7165175 20190810121344 
1 0.2583 -0.0131 0.0999 21.0109023 105.7165175 20190810121344 
1 0.1412 -0.1104 0.6076 21.0109023 105.7165175 20190810121344 
1 0.2584 0.4488 0.5226 21.0109023 105.7165175 20190810121344 
1 0.2268 0.0883 0.4018 21.0109023 105.7165175 20190810121344 
1 0.2545 0.0925 0.5811 21.0109023 105.7165175 20190810121344 
1 0.2062 0.1738 0.7138 21.0109023 105.7165175 20190810121344 
1 0.1885 0.1267 0.3957 21.0109023 105.7165175 20190810121344 
1 0.1758 0.2012 0.4029 21.0109023 105.7165175 20190810121344 
1 0.2244 0.0207 0.2549 21.0109023 105.7165175 20190810121344 
1 0.2902 0.1577 0.0640 21.0109023 105.7165175 20190810121345 
1 0.1371 0.2505 0.3261 21.0109023 105.7165175 20190810121345 
1 0.2178 -0.1422 0.1922 21.0109023 105.7165175 20190810121345 
1 0.2910 0.0600 0.2298 21.0109023 105.7165175 20190810121345 
1 0.1786 0.0512 0.1798 21.0109023 105.7165175 20190810121345 
1 0.2203 -0.0413 0.0192 21.0109023 105.7165175 20190810121345 
1 0.2943 0.1081 -0.0821 21.0109023 105.7165175 20190810121345 
1 0.1231 -0.1043 -0.0173 21.0109023 105.7165175 20190810121345 
1 0.2092 0.1937 -0.2667 21.0109023 105.7165175 20190810121345 
1 0.2441 -0.1522 -0.3130 21.0109023 105.7165175 20190810121345 
1 0.2400 -0.0962 -0.0268 21.0109023 105.7165175 20190810121345 
1 0.1869 0.1988 -0.2874 21.0109023 105.7165175 20190810121345 
1 0.2011 -0.0948 -0.3299 21.0109023 105.7165175 20190810121345 
1 0.1982 -0.1373 -0.3461 21.0109023 105.7165175 20190810121345 
1 0.2306 0.0787 -0.3859 21.0109023 105.7165175 20190810121345 
1 0.2177 -0.0792 -0.3415 21.0109023 105.7165175 20190810121345 
1 0.1905 -0.0035 -0.3300 21.0109023 105.7165175 20190810121345 
1 0.2284 0.0598 -0.2787 21.0109023 105.7165175 20190810121345 
1 0.2609 0.0494 -0.2068 21.0109023 105.7165175 20190810121345 
1 0.1851 0.0845 -0.3246 21.0109023 105.7165175 20190810121345 
1 0.2342 -0.1897 -0.3577 21.0109023 105.7165175 20190810121345 
1 0.0832 0.2765 -0.0699 21.0109023 105.7165175 20190810121345 
1 0.2088 0.0557 0.0681 21.0109023 105.7165175 20190810121345 
1 0.1441 0.0695 -0.0246 21.0109023 105.7165175 20190810121345 
1 0.2579 0.1331 0.1798 21.0109023 105.7165175 20190810121345 
1 0.2852 -0.1145 0.3867 21.0109023 105.7165175 20190810121345 
1 0.0051 0.1332 0.3508 21.0109023 105.7165175 20190810121345 
1 0.1845 0.0666 0.1353 21.0109023 105.7165175 20190810121345 
1 0.3445 -0.2498 0.3061 21.0109023 105.7165175 20190810121345 
1 0.1770 0.3030 0.4088 21.0109023 105.7165175 20190810121345 
1 0.1555 -0.4027 0.0103 21.0109023 105.7165175 20190810121345 
1 -0.2924 0.0741 1.1036 21.0109023 105.7165175 20190810121345 
1 -0.0430 0.0292 1.3410 21.0109298 105.7167147 20190810121345 
1 0.6913 -0.1485 -1.0731 21.0109298 105.7167147 20190810121345 
1 -0.4468 0.3070 1.2576 21.0109298 105.7167147 20190810121345 
1 -0.0981 -0.0074 0.5421 21.0109298 105.7167147 20190810121345 
1 0.2804 0.2187 -0.2698 21.0109298 105.7167147 20190810121345 
1 0.3899 -0.3109 0.7379 21.0109298 105.7167147 20190810121345 
1 -0.2897 0.1893 2.7893 21.0109298 105.7167147 20190810121345 
1 0.4911 0.5280 0.5860 21.0109298 105.7167147 20190810121345 
1 0.3575 -0.6140 -1.0968 21.0109298 105.7167147 20190810121345 
1 -0.0282 0.2397 1.3555 21.0109298 105.7167147 20190810121345 
1 0.5980 0.0924 0.1784 21.0109298 105.7167147 20190810121345 
1 0.1541 -0.1425 -0.6168 21.0109298 105.7167147 20190810121345 
1 0.1951 -0.1494 0.1296 21.0109298 105.7167147 20190810121345 
1 0.3597 -0.0794 -0.6891 21.0109298 105.7167147 20190810121345 
1 0.0900 -0.0186 -1.0462 21.0109298 105.7167147 20190810121345 
1 0.3408 -0.0529 -0.5769 21.0109298 105.7167147 20190810121345 
1 0.4803 -0.0318 -1.0657 21.0109298 105.7167147 20190810121345 
1 0.4617 -0.0558 -0.8724 21.0109298 105.7167147 20190810121345 
1 0.4668 0.1227 -0.5552 21.0109298 105.7167147 20190810121345 
1 0.1803 -0.0804 -0.7967 21.0109298 105.7167147 20190810121346 
1 0.3623 0.0356 -0.8415 21.0109298 105.7167147 20190810121346 
1 0.2567 -0.0180 -0.5857 21.0109298 105.7167147 20190810121346 
1 0.2975 -0.0867 -0.5170 21.0109298 105.7167147 20190810121346 
1 0.3512 0.0975 -0.6755 21.0109298 105.7167147 20190810121346 
1 0.2404 -0.0955 -0.4455 21.0109298 105.7167147 20190810121346 
1 0.3303 0.0480 -0.3132 21.0109298 105.7167147 20190810121346 
1 0.4124 -0.0428 -0.5066 21.0109298 105.7167147 20190810121346 
1 0.4036 -0.0887 -0.6782 21.0109298 105.7167147 20190810121346 
1 0.1676 0.0475 -0.4510 21.0109298 105.7167147 20190810121346 
1 0.2634 -0.2458 -0.5072 21.0109298 105.7167147 20190810121346 
1 0.4511 0.0176 -0.6552 21.0109298 105.7167147 20190810121346 
1 0.3609 -0.1309 -0.3401 21.0109298 105.7167147 20190810121346 
1 0.1715 -0.0580 -0.0767 21.0109298 105.7167147 20190810121346 
1 0.1954 -0.0209 -0.3006 21.0109298 105.7167147 20190810121346 
1 0.2436 -0.0308 -0.3002 21.0109298 105.7167147 20190810121346 
1 0.2263 0.0393 0.0712 21.0109298 105.7167147 20190810121346 
1 0.2040 -0.0153 0.2048 21.0109298 105.7167147 20190810121346 
1 0.3644 -0.0467 0.0492 21.0109298 105.7167147 20190810121346 
1 0.1041 0.0455 0.5139 21.0109298 105.7167147 20190810121346 
1 0.0186 -0.0326 0.8850 21.0109298 105.7167147 20190810121346 
1 0.2009 0.0315 0.8294 21.0109298 105.7167147 20190810121346 
1 0.2977 0.1928 0.9604 21.0109298 105.7167147 20190810121346 
1 0.1865 -0.0814 0.8062 21.0109298 105.7167147 20190810121346 
1 -0.0746 0.1908 1.1661 21.0109298 105.7167147 20190810121346 
1 0.0841 -0.1674 1.2200 21.0109298 105.7167147 20190810121346 
1 0.2756 0.0967 0.9182 21.0109298 105.7167147 20190810121346 
1 0.1603 0.0067 1.0647 21.0109298 105.7167147 20190810121346 
1 -0.0078 -0.1152 1.5728 21.0109298 105.7167147 20190810121346 
1 0.0349 0.2985 1.0246 21.0109298 105.7167147 20190810121346 
1 0.2614 0.0116 0.0784 21.0109298 105.7167147 20190810121346 
1 0.2057 -0.3512 0.9812 21.0109298 105.7167147 20190810121346 
1 0.0862 0.4590 1.7785 21.0109477 105.7169107 20190810121346 
1 0.0958 -0.0645 1.0228 21.0109477 105.7169107 20190810121346 
1 -0.0288 -0.1646 1.2357 21.0109477 105.7169107 20190810121346 
1 0.0161 0.3035 1.4195 21.0109477 105.7169107 20190810121346 
1 0.2166 -0.0389 0.6620 21.0109477 105.7169107 20190810121346 
1 0.1096 0.0775 0.2578 21.0109477 105.7169107 20190810121346 
1 -0.1555 0.0054 0.7415 21.0109477 105.7169107 20190810121346 
1 0.1118 0.4390 0.9766 21.0109477 105.7169107 20190810121346 
1 0.3405 0.1624 0.7921 21.0109477 105.7169107 20190810121346 
1 0.1678 -0.0002 1.1363 21.0109477 105.7169107 20190810121346 
1 0.1500 0.0404 1.0489 21.0109477 105.7169107 20190810121346 
1 0.2693 -0.0293 -0.2058 21.0109477 105.7169107 20190810121346 
1 0.6832 -0.7306 -1.8367 21.0109477 105.7169107 20190810121346 
1 -0.4093 0.8456 2.3238 21.0109477 105.7169107 20190810121346 
1 0.9746 -1.2383 -2.4766 21.0109477 105.7169107 20190810121346 
1 0.4431 0.7821 -2.4691 21.0109477 105.7169107 20190810121346 
1 0.0455 -0.7447 -0.5828 21.0109477 105.7169107 20190810121346 
1 0.4146 0.4141 -1.5593 21.0109477 105.7169107 20190810121346 
1 0.5425 -1.5602 -4.0202 21.0109477 105.7169107 20190810121347 
1 0.6260 0.7734 -1.9454 21.0109477 105.7169107 20190810121347 
1 -0.1386 -1.5674 -0.1994 21.0109477 105.7169107 20190810121347 
1 0.5756 1.3216 -3.9014 21.0109477 105.7169107 20190810121347 
1 0.0327 -1.9619 -3.9395 21.0109477 105.7169107 20190810121347 
1 0.4169 0.9455 -0.8624 21.0109477 105.7169107 20190810121347 
1 0.1867 -0.2021 -2.7294 21.0109477 105.7169107 20190810121347 
1 0.0906 -0.1113 -2.5174 21.0109477 105.7169107 20190810121347 
1 0.3961 -0.2295 -1.1207 21.0109477 105.7169107 20190810121347 
1 0.0259 0.4569 -0.4182 21.0109477 105.7169107 20190810121347 
1 0.2881 -0.2098 -0.8749 21.0109477 105.7169107 20190810121347 
1 0.0810 0.2238 -0.0757 21.0109477 105.7169107 20190810121347 
1 -0.0467 0.2930 0.3919 21.0109477 105.7169107 20190810121347 
1 0.2727 0.0476 0.0368 21.0109477 105.7169107 20190810121347 
1 0.1630 0.0199 0.6806 21.0109477 105.7169107 20190810121347 
1 0.1189 0.3115 0.7646 21.0109477 105.7169107 20190810121347 
1 0.2808 -0.1204 0.4025 21.0109477 105.7169107 20190810121347 
1 0.3625 0.0068 0.9793 21.0109477 105.7169107 20190810121347 
1 0.1645 0.2101 1.3840 21.0109477 105.7169107 20190810121347 
1 0.5450 -0.3186 -0.3405 21.0109477 105.7169107 20190810121347 
1 0.4738 0.0797 0.7844 21.0109477 105.7169107 20190810121347 
1 0.5667 0.0057 -0.6024 21.0109477 105.7169107 20190810121347 
1 0.9860 -0.9560 -2.3666 21.0109477 105.7169107 20190810121347 
1 0.3239 -0.1867 -0.6642 21.0109477 105.7169107 20190810121347 
1 0.7497 -0.1062 -2.2971 21.0109477 105.7169107 20190810121347 
1 0.9324 -0.7552 -3.9745 21.0109477 105.7169107 20190810121347 
1 0.7205 -0.1270 -2.8407 21.0109477 105.7169107 20190810121347 
1 0.5084 -0.7271 -2.0300 21.0109477 105.7169107 20190810121347 
1 0.7245 0.8922 -4.9673 21.0109477 105.7169107 20190810121347 
1 0.2146 -1.2314 -5.5123 21.0109477 105.7169107 20190810121347 
1 0.8014 -0.1096 -3.3554 21.0109477 105.7169107 20190810121347 
1 0.6757 -0.0234 -3.5356 21.0109717 105.7171107 20190810121347 
1 0.1115 0.2790 -3.2507 21.0109717 105.7171107 20190810121347 
1 0.4079 -0.1865 -2.1199 21.0109717 105.7171107 20190810121347 
1 0.2439 0.7956 -1.0542 21.0109717 105.7171107 20190810121347 
1 0.3342 0.0828 -1.4750 21.0109717 105.7171107 20190810121347 
1 0.2051 0.3699 -0.4582 21.0109717 105.7171107 20190810121347 
1 -0.0519 -0.0165 0.7919 21.0109717 105.7171107 20190810121347 
1 -0.2806 1.1646 1.6918 21.0109717 105.7171107 20190810121347 
1 0.1108 0.3188 1.2496 21.0109717 105.7171107 20190810121347 
1 0.3293 0.4881 2.8780 21.0109717 105.7171107 20190810121347 
1 -0.2817 0.6475 4.5318 21.0109717 105.7171107 20190810121347 
1 -0.1253 0.3672 4.0573 21.0109717 105.7171107 20190810121347 
1 0.3857 -0.6565 3.9002 21.0109717 105.7171107 20190810121347 
1 0.0231 0.1142 5.6113 21.0109717 105.7171107 20190810121347 
1 0.4315 0.5369 5.4852 21.0109717 105.7171107 20190810121347 
1 0.4624 -0.4496 5.0811 21.0109717 105.7171107 20190810121347 
1 0.0972 -0.2162 4.2690 21.0109717 105.7171107 20190810121347 
1 0.3546 0.2001 3.3817 21.0109717 105.7171107 20190810121348 
1 0.6381 -0.4185 2.0998 21.0109717 105.7171107 20190810121348 
1 0.6119 -0.6567 0.7811 21.0109717 105.7171107 20190810121348 
1 0.2209 -0.3438 0.8055 21.0109717 105.7171107 20190810121348 
1 0.2882 0.5830 0.1323 21.0109717 105.7171107 20190810121348 
1 0.5186 -0.6349 -1.3353 21.0109717 105.7171107 20190810121348 
1 0.2952 0.0834 -0.9633 21.0109717 105.7171107 20190810121348 
1 0.3842 0.2010 -1.3824 21.0109717 105.7171107 20190810121348 
1 0.1367 -0.1561 -1.6222 21.0109717 105.7171107 20190810121348 
1 0.5741 -0.4964 -2.1525 21.0109717 105.7171107 20190810121348 
1 0.6434 -0.1907 -2.0031 21.0109717 105.7171107 20190810121348 
1 0.1101 0.0276 -1.3970 21.0109717 105.7171107 20190810121348 
1 0.5232 0.2452 -1.6965 21.0109717 105.7171107 20190810121348 
1 0.7805 -0.4082 -2.6027 21.0109717 105.7171107 20190810121348 
1 0.2553 -0.0880 -1.1090 21.0109717 105.7171107 20190810121348 
1 0.5600 0.0593 -2.7481 21.0109717 105.7171107 20190810121348 
1 -0.1909 -0.4647 -2.0264 21.0109717 105.7171107 20190810121348 
1 0.1342 -0.0963 -0.9433 21.0109717 105.7171107 20190810121348 
1 0.2039 0.2322 -0.6724 21.0109717 105.7171107 20190810121348 
1 -0.0993 0.0928 -1.2348 21.0109717 105.7171107 20190810121348 
1 0.0028 0.3435 -0.0684 21.0109717 105.7171107 20190810121348 
1 0.3482 -0.5129 -1.5113 21.0109717 105.7171107 20190810121348 
1 0.4112 0.0410 -0.1319 21.0109717 105.7171107 20190810121348 
1 -0.3615 0.3639 2.3532 21.0109717 105.7171107 20190810121348 
1 0.2933 -0.0780 1.1885 21.0109717 105.7171107 20190810121348 
1 0.0683 0.2512 1.5541 21.0109717 105.7171107 20190810121348 
1 -0.0194 -0.0733 2.1623 21.0109717 105.7171107 20190810121348 
1 0.1442 0.2514 2.3009 21.0109717 105.7171107 20190810121348 
1 0.0193 0.1927 2.0154 21.0109717 105.7171107 20190810121348 
1 0.0960 0.0102 2.0255 21.0109717 105.7171107 20190810121348 
1 0.1418 -0.0294 2.2137 21.0109717 105.7171107 20190810121348 
1 0.1849 0.2221 2.1188 21.0109848 105.717311 20190810121348 
1 0.2182 -0.2478 1.3408 21.0109848 105.717311 20190810121348 
1 0.1543 0.2416 1.3891 21.0109848 105.717311 20190810121348 
1 0.2457 -0.1934 0.6764 21.0109848 105.717311 20190810121348 
1 0.3062 0.0580 0.3811 21.0109848 105.717311 20190810121348 
1 0.1793 -0.1654 -0.1043 21.0109848 105.717311 20190810121348 
1 0.1234 -0.2336 -0.1047 21.0109848 105.717311 20190810121348 
1 0.1979 0.0865 -0.5192 21.0109848 105.717311 20190810121348 
1 0.1251 -0.1634 -0.5717 21.0109848 105.717311 20190810121348 
1 0.3176 -0.0354 -0.6968 21.0109848 105.717311 20190810121348 
1 0.0051 -0.1222 -1.0414 21.0109848 105.717311 20190810121348 
1 0.1668 0.1443 -0.8135 21.0109848 105.717311 20190810121348 
1 0.5161 -0.2220 0.0447 21.0109848 105.717311 20190810121348 
1 -0.0963 -0.1205 -0.5575 21.0109848 105.717311 20190810121348 
