1 0.0538 -0.0833 -1.1059 21.0035811 105.6672284 20190810030253 
1 -0.1556 -0.5484 0.0832 21.0035811 105.6672284 20190810030253 
1 0.2117 0.2455 -1.4677 21.0035811 105.6672284 20190810030253 
1 -0.2665 -1.1793 1.2465 21.0035811 105.6672284 20190810030253 
1 0.3936 0.0649 0.2185 21.0035811 105.6672284 20190810030253 
1 0.4207 0.3519 -1.8301 21.0035811 105.6672284 20190810030253 
1 -0.6898 -0.7452 -0.2918 21.0035811 105.6672284 20190810030253 
1 0.2107 -0.3535 0.2160 21.0035811 105.6672284 20190810030253 
1 -0.0384 0.3517 -1.2099 21.0035811 105.6672284 20190810030253 
1 0.1233 -0.8384 2.0982 21.0035811 105.6672284 20190810030253 
1 -0.1090 0.3944 0.3279 21.0035811 105.6672284 20190810030253 
1 -0.2408 -0.6496 -1.7320 21.0035811 105.6672284 20190810030253 
1 0.3866 -0.5176 0.1993 21.0035811 105.6672284 20190810030253 
1 -0.5319 0.0013 -0.0627 21.0035811 105.6672284 20190810030253 
1 -0.2809 -0.7099 0.3274 21.0035811 105.6672284 20190810030253 
1 0.1319 -0.0567 0.6225 21.0035811 105.6672284 20190810030253 
1 -0.2227 -0.3868 0.0705 21.0035811 105.6672284 20190810030253 
1 0.0141 -0.5220 0.8000 21.0035811 105.6672284 20190810030253 
1 -0.1502 -0.2084 0.1925 21.0035811 105.6672284 20190810030253 
1 -0.3391 -0.3378 0.0001 21.0035811 105.6672284 20190810030253 
1 0.5120 -0.3853 0.6135 21.0035811 105.6672284 20190810030253 
1 -0.0707 -0.3660 0.2119 21.0035811 105.6672284 20190810030253 
1 -0.3471 -0.3861 -0.0087 21.0035811 105.6672284 20190810030253 
1 0.3104 -0.2187 0.0126 21.0035811 105.6672284 20190810030253 
1 -0.0229 -0.3943 0.0606 21.0035811 105.6672284 20190810030253 
1 -0.1515 -0.3701 0.4179 21.0035632 105.6669933 20190810030253 
1 0.5701 -0.3507 0.2963 21.0035632 105.6669933 20190810030253 
1 -0.2172 -0.4504 -0.1780 21.0035632 105.6669933 20190810030253 
1 0.1471 -0.3221 -0.4103 21.0035632 105.6669933 20190810030253 
1 -0.0200 -0.4912 -0.5746 21.0035632 105.6669933 20190810030253 
1 0.0544 -0.4049 -0.1783 21.0035632 105.6669933 20190810030253 
1 0.1901 -0.3089 0.0731 21.0035632 105.6669933 20190810030253 
1 0.4032 -0.4481 0.3349 21.0035632 105.6669933 20190810030254 
1 -0.1716 -0.5036 0.1121 21.0035632 105.6669933 20190810030254 
1 0.3471 -0.4132 -0.2146 21.0035632 105.6669933 20190810030254 
1 0.3486 -0.3809 0.2414 21.0035632 105.6669933 20190810030254 
1 0.0361 -0.3905 0.2561 21.0035632 105.6669933 20190810030254 
1 0.4615 -0.3609 0.0959 21.0035632 105.6669933 20190810030254 
1 0.1507 -0.3735 0.4417 21.0035632 105.6669933 20190810030254 
1 0.1803 -0.3323 0.8994 21.0035632 105.6669933 20190810030254 
1 0.4389 -0.1830 0.3011 21.0035632 105.6669933 20190810030254 
1 0.2803 -0.3013 -0.1597 21.0035632 105.6669933 20190810030254 
1 0.0029 -0.4672 -0.3607 21.0035632 105.6669933 20190810030254 
1 0.2633 -0.3835 -0.3140 21.0035632 105.6669933 20190810030254 
1 0.0948 -0.3608 -0.1372 21.0035632 105.6669933 20190810030254 
1 0.1893 -0.2985 -0.1329 21.0035632 105.6669933 20190810030254 
1 0.1116 -0.4895 -0.2184 21.0035632 105.6669933 20190810030254 
1 0.3173 -0.4277 0.0186 21.0035632 105.6669933 20190810030254 
1 -0.1506 -0.4808 -0.0432 21.0035632 105.6669933 20190810030254 
1 0.6499 -0.2974 -0.1072 21.0035632 105.6669933 20190810030254 
1 -0.5915 -0.4206 -0.2756 21.0035632 105.6669933 20190810030254 
1 0.4533 -0.4580 0.3730 21.0035632 105.6669933 20190810030254 
1 0.1563 -0.4393 -0.0955 21.0035632 105.6669933 20190810030254 
1 0.2718 -0.0757 -0.0454 21.0035632 105.6669933 20190810030254 
1 -0.1293 -0.4813 0.6530 21.0035632 105.6669933 20190810030254 
1 0.5788 -0.4737 0.3191 21.0035632 105.6669933 20190810030254 
1 -0.0863 -0.3230 -0.5038 21.0035632 105.6669933 20190810030254 
1 0.1749 -0.3922 -0.4639 21.0035632 105.6669933 20190810030254 
1 0.2495 -0.7786 0.3506 21.0035632 105.6669933 20190810030254 
1 0.2114 -0.3000 0.5763 21.0035632 105.6669933 20190810030254 
1 0.3815 -0.3503 0.1394 21.0035632 105.6669933 20190810030254 
1 0.4253 -0.5413 0.3197 21.0035632 105.6669933 20190810030254 
1 -0.3696 -0.4516 -0.0621 21.0035632 105.6669933 20190810030254 
1 0.8950 -0.2994 0.1805 21.0035632 105.6669933 20190810030254 
1 -0.0384 -0.4300 0.4929 21.0035632 105.6669933 20190810030254 
1 0.0799 -0.3195 0.4858 21.0035632 105.6669933 20190810030254 
1 0.2408 -0.4817 0.3168 21.0035632 105.6669933 20190810030254 
1 0.1344 -0.4215 0.2358 21.0035632 105.6669933 20190810030254 
1 0.1957 -0.3149 -0.1760 21.0035632 105.6669933 20190810030254 
1 0.2944 -0.3871 0.3040 21.0035632 105.6669933 20190810030254 
1 -0.1797 -0.3520 0.4422 21.0035632 105.6669933 20190810030254 
1 0.2049 -0.2976 0.0798 21.0035632 105.6669933 20190810030254 
1 0.2181 -0.2624 -0.0495 21.0035632 105.6669933 20190810030254 
1 -0.0050 -0.1599 -0.2326 21.0035632 105.6669933 20190810030254 
1 -0.3250 -0.5179 -0.0555 21.0035485 105.6667599 20190810030254 
1 0.0746 -0.0500 -0.4996 21.0035485 105.6667599 20190810030254 
1 -0.1249 -0.1456 -1.0545 21.0035485 105.6667599 20190810030254 
1 -0.2754 -0.4719 -0.6473 21.0035485 105.6667599 20190810030254 
1 0.1448 -0.4748 -0.5477 21.0035485 105.6667599 20190810030254 
1 -0.2579 -0.2741 -1.3193 21.0035485 105.6667599 20190810030254 
1 -0.0710 -0.3635 -0.6248 21.0035485 105.6667599 20190810030254 
1 -0.0312 -0.5335 -0.6029 21.0035485 105.6667599 20190810030254 
1 -0.1301 -0.5118 -0.5903 21.0035485 105.6667599 20190810030254 
1 0.1132 -0.2635 -0.2354 21.0035485 105.6667599 20190810030255 
1 0.4305 -0.3241 0.2326 21.0035485 105.6667599 20190810030255 
1 0.0346 -0.4605 0.9816 21.0035485 105.6667599 20190810030255 
1 0.1360 -0.2947 0.9679 21.0035485 105.6667599 20190810030255 
1 0.6609 -0.1169 0.3257 21.0035485 105.6667599 20190810030255 
1 0.2933 -0.3342 0.6006 21.0035485 105.6667599 20190810030255 
1 -0.2636 -0.3937 0.6565 21.0035485 105.6667599 20190810030255 
1 0.5231 -0.2275 0.4014 21.0035485 105.6667599 20190810030255 
1 0.2827 -0.2465 0.3240 21.0035485 105.6667599 20190810030255 
1 -0.5406 -0.3160 0.2467 21.0035485 105.6667599 20190810030255 
1 0.7020 -0.4102 0.1625 21.0035485 105.6667599 20190810030255 
1 -0.3044 -0.3732 -0.2471 21.0035485 105.6667599 20190810030255 
1 -0.0808 -0.2111 -0.1623 21.0035485 105.6667599 20190810030255 
1 0.0757 -0.4756 0.3378 21.0035485 105.6667599 20190810030255 
1 -0.1650 -0.3983 0.4147 21.0035485 105.6667599 20190810030255 
1 0.0531 -0.2775 -0.2925 21.0035485 105.6667599 20190810030255 
1 -0.1770 -0.4054 -0.0809 21.0035485 105.6667599 20190810030255 
1 -0.0283 -0.2855 0.3460 21.0035485 105.6667599 20190810030255 
1 -0.0998 -0.2677 -0.1735 21.0035485 105.6667599 20190810030255 
1 0.2911 -0.2703 -0.0352 21.0035485 105.6667599 20190810030255 
1 -0.2773 -0.3186 -0.2413 21.0035485 105.6667599 20190810030255 
1 0.1479 -0.2802 0.0112 21.0035485 105.6667599 20190810030255 
1 0.1216 -0.1589 -0.0638 21.0035485 105.6667599 20190810030255 
1 -0.2795 -0.4409 -0.4211 21.0035485 105.6667599 20190810030255 
1 0.1307 -0.3050 -0.4322 21.0035485 105.6667599 20190810030255 
1 0.3961 -0.2820 -0.1418 21.0035485 105.6667599 20190810030255 
1 0.0419 -0.2713 -0.0842 21.0035485 105.6667599 20190810030255 
1 0.1217 -0.2992 -0.0242 21.0035485 105.6667599 20190810030255 
1 0.0790 -0.1607 -0.0136 21.0035485 105.6667599 20190810030255 
1 -0.0841 -0.2722 -0.0431 21.0035485 105.6667599 20190810030255 
1 0.2696 -0.2527 0.0371 21.0035485 105.6667599 20190810030255 
1 0.1221 -0.1366 -0.1968 21.0035485 105.6667599 20190810030255 
1 -0.3236 -0.1520 -0.5137 21.0035485 105.6667599 20190810030255 
1 0.1578 -0.1907 -0.0991 21.0035485 105.6667599 20190810030255 
1 -0.4411 -0.3358 -0.4464 21.0035485 105.6667599 20190810030255 
1 0.1791 -0.2345 -0.4628 21.0035485 105.6667599 20190810030255 
1 -0.2911 -0.0946 -0.7933 21.0035485 105.6667599 20190810030255 
1 0.0961 -0.3778 -0.4650 21.0035485 105.6667599 20190810030255 
1 -0.5310 -0.5575 -0.2844 21.0035485 105.6667599 20190810030255 
1 0.2172 0.0095 -0.8952 21.0035485 105.6667599 20190810030255 
1 -0.3821 -0.5236 0.4369 21.0035307 105.6665243 20190810030255 
1 -0.5795 -0.4260 0.7250 21.0035307 105.6665243 20190810030255 
1 0.5220 -0.1780 -0.0226 21.0035307 105.6665243 20190810030255 
1 -0.2127 -0.4320 0.3540 21.0035307 105.6665243 20190810030255 
1 -0.7534 -0.5407 0.6342 21.0035307 105.6665243 20190810030255 
1 0.3680 -0.2105 0.9824 21.0035307 105.6665243 20190810030255 
1 -0.1400 -0.3561 1.1809 21.0035307 105.6665243 20190810030255 
1 -0.2290 -0.2715 1.1970 21.0035307 105.6665243 20190810030255 
1 -0.2336 -0.3740 1.2120 21.0035307 105.6665243 20190810030255 
1 0.1451 -0.2111 0.8534 21.0035307 105.6665243 20190810030255 
1 -0.0959 -0.2898 0.8616 21.0035307 105.6665243 20190810030256 
1 -0.1103 -0.2767 0.5121 21.0035307 105.6665243 20190810030256 
1 -0.2694 -0.3204 0.4238 21.0035307 105.6665243 20190810030256 
1 0.0130 -0.1671 0.4292 21.0035307 105.6665243 20190810030256 
1 -0.1261 -0.1866 -0.2685 21.0035307 105.6665243 20190810030256 
1 -0.4773 -0.5214 0.0768 21.0035307 105.6665243 20190810030256 
1 -0.4361 -0.3186 0.0790 21.0035307 105.6665243 20190810030256 
1 -0.1251 -0.2016 -0.6298 21.0035307 105.6665243 20190810030256 
1 -0.5011 -0.5939 -0.4491 21.0035307 105.6665243 20190810030256 
1 -0.3128 -0.1823 -0.5766 21.0035307 105.6665243 20190810030256 
1 -0.3298 -0.3231 -0.5866 21.0035307 105.6665243 20190810030256 
1 -0.4820 -0.2963 -0.6475 21.0035307 105.6665243 20190810030256 
1 -0.3306 -0.3318 -0.3195 21.0035307 105.6665243 20190810030256 
1 0.0977 -0.5085 -0.1772 21.0035307 105.6665243 20190810030256 
1 -0.4236 -0.5722 -0.2063 21.0035307 105.6665243 20190810030256 
1 -0.0956 -0.3482 -0.1198 21.0035307 105.6665243 20190810030256 
1 -0.2082 -0.6049 0.3630 21.0035307 105.6665243 20190810030256 
1 -0.0045 -0.3894 0.7269 21.0035307 105.6665243 20190810030256 
1 -0.0524 -0.1829 0.2534 21.0035307 105.6665243 20190810030256 
1 0.1008 -0.4108 0.9246 21.0035307 105.6665243 20190810030256 
1 -0.0199 -0.1623 1.2917 21.0035307 105.6665243 20190810030256 
1 -0.1465 -0.1102 0.7820 21.0035307 105.6665243 20190810030256 
1 0.3203 -0.2449 0.0751 21.0035307 105.6665243 20190810030256 
1 0.0123 -0.2723 -0.3889 21.0035307 105.6665243 20190810030256 
1 0.0861 -0.1638 -0.0687 21.0035307 105.6665243 20190810030256 
1 0.2257 -0.2964 -0.2226 21.0035307 105.6665243 20190810030256 
1 -0.1442 -0.0522 -1.2006 21.0035307 105.6665243 20190810030256 
1 -0.2132 -0.5494 -0.8923 21.0035307 105.6665243 20190810030256 
1 0.2774 -0.3625 -0.8141 21.0035307 105.6665243 20190810030256 
1 -0.1385 -0.1823 -1.4687 21.0035307 105.6665243 20190810030256 
1 0.0635 -0.4776 -0.5026 21.0035307 105.6665243 20190810030256 
1 0.1261 -0.5056 0.0621 21.0035307 105.6665243 20190810030256 
1 -0.0751 -0.2570 -0.4191 21.0035307 105.6665243 20190810030256 
1 0.1380 -0.3013 -0.2678 21.0035307 105.6665243 20190810030256 
1 0.0437 -0.2920 -0.4443 21.0035307 105.6665243 20190810030256 
1 0.0396 -0.4844 0.3239 21.0035307 105.6665243 20190810030256 
1 0.2314 -0.0692 0.3053 21.0035307 105.6665243 20190810030256 
1 0.3123 -0.2261 0.3636 21.0035307 105.6665243 20190810030256 
1 0.1715 -0.2599 0.4572 21.0035307 105.6665243 20190810030256 
1 0.1532 -0.0306 -0.9029 21.0035307 105.6665243 20190810030256 
1 0.0580 -0.4191 -0.9653 21.0035307 105.6665243 20190810030256 
1 0.4124 -0.2821 -0.0110 21.003507 105.6662918 20190810030256 
1 -0.1877 -0.1185 -0.3361 21.003507 105.6662918 20190810030256 
1 0.3587 -0.3891 -0.2199 21.003507 105.6662918 20190810030256 
1 0.0406 -0.4089 -0.5680 21.003507 105.6662918 20190810030256 
1 -0.0541 -0.3626 -0.4425 21.003507 105.6662918 20190810030256 
1 0.2959 -0.2742 0.0067 21.003507 105.6662918 20190810030256 
1 0.0604 -0.3243 -0.2975 21.003507 105.6662918 20190810030256 
1 -0.4792 -0.6319 0.3442 21.003507 105.6662918 20190810030257 
1 0.6667 -0.1691 0.5942 21.003507 105.6662918 20190810030257 
1 0.0268 -0.3030 0.4267 21.003507 105.6662918 20190810030257 
1 -0.0427 -0.2348 0.7896 21.003507 105.6662918 20190810030257 
1 0.3323 -0.4260 0.4853 21.003507 105.6662918 20190810030257 
1 0.4151 -0.2401 0.7215 21.003507 105.6662918 20190810030257 
1 0.1891 -0.1387 0.6768 21.003507 105.6662918 20190810030257 
1 0.2924 -0.2986 -0.0208 21.003507 105.6662918 20190810030257 
1 0.2342 -0.2644 0.2421 21.003507 105.6662918 20190810030257 
1 0.2993 -0.1513 0.2792 21.003507 105.6662918 20190810030257 
1 0.3211 -0.3376 0.1062 21.003507 105.6662918 20190810030257 
1 -0.0179 -0.3109 0.1320 21.003507 105.6662918 20190810030257 
1 0.1910 -0.2766 0.2969 21.003507 105.6662918 20190810030257 
1 0.3663 -0.1982 -0.1401 21.003507 105.6662918 20190810030257 
1 0.1313 -0.3793 -0.0268 21.003507 105.6662918 20190810030257 
1 0.0158 -0.3241 -0.1279 21.003507 105.6662918 20190810030257 
1 0.1866 -0.3511 0.0010 21.003507 105.6662918 20190810030257 
1 0.1562 -0.0551 0.1488 21.003507 105.6662918 20190810030257 
1 0.2132 -0.0962 0.1399 21.003507 105.6662918 20190810030257 
1 0.2945 -0.2910 -0.3083 21.003507 105.6662918 20190810030257 
1 0.3015 -0.3314 -0.2709 21.003507 105.6662918 20190810030257 
1 -0.0146 -0.1647 -0.3798 21.003507 105.6662918 20190810030257 
1 0.3436 -0.0431 -0.3870 21.003507 105.6662918 20190810030257 
1 0.1466 -0.5241 -0.3200 21.003507 105.6662918 20190810030257 
1 0.0582 -0.4337 -0.4863 21.003507 105.6662918 20190810030257 
1 0.1946 -0.1435 -0.6706 21.003507 105.6662918 20190810030257 
1 0.3271 -0.1324 0.0233 21.003507 105.6662918 20190810030257 
1 -0.0980 -0.4921 0.6939 21.003507 105.6662918 20190810030257 
1 0.0693 -0.2982 -0.0108 21.003507 105.6662918 20190810030257 
1 -0.0601 -0.2559 -0.0861 21.003507 105.6662918 20190810030257 
1 0.1243 -0.2015 0.5734 21.003507 105.6662918 20190810030257 
1 -0.2139 -0.3786 0.4019 21.003507 105.6662918 20190810030257 
1 0.4570 -0.3170 -0.0162 21.003507 105.6662918 20190810030257 
1 -0.1611 -0.1702 0.0810 21.003507 105.6662918 20190810030257 
1 -0.0394 -0.3012 0.7010 21.003507 105.6662918 20190810030257 
1 0.2941 -0.2916 0.1319 21.003507 105.6662918 20190810030257 
1 -0.3139 -0.2606 -0.1278 21.003507 105.6662918 20190810030257 
1 0.0511 -0.3175 0.2445 21.003507 105.6662918 20190810030257 
1 -0.0215 -0.2631 0.0519 21.003507 105.6662918 20190810030257 
1 0.2345 -0.1207 -0.0460 21.003507 105.6662918 20190810030257 
1 -0.0340 -0.2634 -0.0623 21.003507 105.6662918 20190810030257 
1 0.0381 -0.3477 0.0243 21.0034904 105.6660674 20190810030257 
1 0.0521 -0.2552 -0.1538 21.0034904 105.6660674 20190810030257 
1 0.0442 -0.3353 0.0362 21.0034904 105.6660674 20190810030257 
1 0.2212 -0.3249 0.0335 21.0034904 105.6660674 20190810030257 
1 0.0146 -0.5230 0.2862 21.0034904 105.6660674 20190810030257 
1 0.0508 -0.2618 0.3082 21.0034904 105.6660674 20190810030257 
1 0.1660 -0.3166 0.4101 21.0034904 105.6660674 20190810030257 
1 -0.1511 -0.4357 0.8270 21.0034904 105.6660674 20190810030257 
1 0.1162 -0.4465 0.8017 21.0034904 105.6660674 20190810030257 
1 -0.1469 -0.5291 1.5693 21.0034904 105.6660674 20190810030258 
1 0.1360 -0.0845 1.4149 21.0034904 105.6660674 20190810030258 
1 0.2964 -0.2312 0.4067 21.0034904 105.6660674 20190810030258 
1 0.0793 -0.5625 0.6506 21.0034904 105.6660674 20190810030258 
1 -0.2895 -0.3599 0.6988 21.0034904 105.6660674 20190810030258 
1 0.0916 0.0512 0.2731 21.0034904 105.6660674 20190810030258 
1 0.2966 -0.1804 1.4150 21.0034904 105.6660674 20190810030258 
1 -0.2531 -0.3277 0.5848 21.0034904 105.6660674 20190810030258 
1 0.1474 -0.2505 -0.9541 21.0034904 105.6660674 20190810030258 
1 0.5208 -0.1498 -0.7231 21.0034904 105.6660674 20190810030258 
1 -0.0428 -0.1871 -0.3157 21.0034904 105.6660674 20190810030258 
1 -0.0168 -0.1373 -1.0753 21.0034904 105.6660674 20190810030258 
1 0.0207 -0.4683 -1.1405 21.0034904 105.6660674 20190810030258 
1 0.1041 -0.2372 -0.8801 21.0034904 105.6660674 20190810030258 
1 -0.1403 0.0033 -0.9918 21.0034904 105.6660674 20190810030258 
1 0.1428 -0.2065 -1.0078 21.0034904 105.6660674 20190810030258 
1 -0.0857 -0.3775 -1.2473 21.0034904 105.6660674 20190810030258 
1 -0.0882 -0.1452 -1.4313 21.0034904 105.6660674 20190810030258 
1 0.0014 -0.1602 -1.0804 21.0034904 105.6660674 20190810030258 
1 -0.2218 -0.2648 -0.7043 21.0034904 105.6660674 20190810030258 
1 -0.0423 -0.1984 -1.1629 21.0034904 105.6660674 20190810030258 
1 -0.1592 -0.2298 -0.9950 21.0034904 105.6660674 20190810030258 
1 -0.2389 -0.2642 -0.4830 21.0034904 105.6660674 20190810030258 
1 -0.2907 -0.2907 -0.6666 21.0034904 105.6660674 20190810030258 
1 0.0487 -0.2238 -0.5948 21.0034904 105.6660674 20190810030258 
1 -0.4040 -0.3492 -0.4997 21.0034904 105.6660674 20190810030258 
1 -0.2415 -0.3077 -0.3099 21.0034904 105.6660674 20190810030258 
1 0.0190 -0.2711 0.0666 21.0034904 105.6660674 20190810030258 
1 -0.3277 -0.1920 0.3125 21.0034904 105.6660674 20190810030258 
1 -0.6947 -0.3759 0.4358 21.0034904 105.6660674 20190810030258 
1 0.1461 -0.2890 0.6662 21.0034904 105.6660674 20190810030258 
1 -0.0473 -0.1188 0.2823 21.0034904 105.6660674 20190810030258 
1 -0.3680 -0.3681 0.4610 21.0034904 105.6660674 20190810030258 
1 -0.0203 -0.3788 0.4944 21.0034904 105.6660674 20190810030258 
1 -0.0107 -0.2178 0.4572 21.0034904 105.6660674 20190810030258 
1 -0.3833 -0.2735 0.8132 21.0034904 105.6660674 20190810030258 
1 -0.0153 -0.4167 0.8405 21.0034904 105.6660674 20190810030258 
1 -0.0769 -0.3130 0.9362 21.0034904 105.6660674 20190810030258 
1 -0.5808 -0.3443 0.6733 21.0034904 105.6660674 20190810030258 
1 -0.0631 -0.1870 0.1646 21.0034708 105.665844 20190810030258 
1 -0.0093 -0.4128 0.7441 21.0034708 105.665844 20190810030258 
1 -0.1820 -0.2578 0.5062 21.0034708 105.665844 20190810030258 
1 -0.4491 -0.3326 0.2844 21.0034708 105.665844 20190810030258 
1 -0.1382 -0.1007 0.4514 21.0034708 105.665844 20190810030258 
1 -0.1315 -0.1805 0.1333 21.0034708 105.665844 20190810030258 
1 -0.3784 -0.1518 -0.2764 21.0034708 105.665844 20190810030258 
1 -0.1591 -0.1563 -0.5014 21.0034708 105.665844 20190810030258 
1 -0.0757 -0.1005 -0.4690 21.0034708 105.665844 20190810030258 
1 -0.1175 -0.0002 -0.2970 21.0034708 105.665844 20190810030258 
1 -0.0619 -0.0651 -0.7289 21.0034708 105.665844 20190810030258 
1 -0.0832 -0.3124 -0.5582 21.0034708 105.665844 20190810030259 
1 -0.2211 -0.1576 -0.3383 21.0034708 105.665844 20190810030259 
1 -0.0963 0.0171 -0.6380 21.0034708 105.665844 20190810030259 
1 0.0667 -0.2190 -0.4972 21.0034708 105.665844 20190810030259 
1 -0.1212 -0.1450 -0.3416 21.0034708 105.665844 20190810030259 
1 -0.2083 -0.1001 -0.3853 21.0034708 105.665844 20190810030259 
1 0.1873 -0.1708 0.0984 21.0034708 105.665844 20190810030259 
1 -0.1342 -0.1443 0.0465 21.0034708 105.665844 20190810030259 
1 0.1062 -0.0595 -0.2616 21.0034708 105.665844 20190810030259 
1 0.0484 -0.2009 -0.3974 21.0034708 105.665844 20190810030259 
1 -0.2802 -0.2115 -0.1955 21.0034708 105.665844 20190810030259 
1 0.1290 -0.1247 -0.0064 21.0034708 105.665844 20190810030259 
1 0.1468 -0.1256 -0.0323 21.0034708 105.665844 20190810030259 
1 -0.0964 -0.1809 0.1994 21.0034708 105.665844 20190810030259 
1 0.1309 -0.1366 0.3686 21.0034708 105.665844 20190810030259 
1 0.4381 -0.1199 0.4862 21.0034708 105.665844 20190810030259 
1 0.3405 -0.1320 0.5828 21.0034708 105.665844 20190810030259 
1 0.0593 -0.2054 0.6997 21.0034708 105.665844 20190810030259 
1 0.1928 -0.2206 0.6062 21.0034708 105.665844 20190810030259 
1 0.3393 0.0115 0.3605 21.0034708 105.665844 20190810030259 
1 -0.0112 0.0261 0.3957 21.0034708 105.665844 20190810030259 
1 0.2167 -0.1086 0.2221 21.0034708 105.665844 20190810030259 
1 -0.0333 -0.1077 0.3491 21.0034708 105.665844 20190810030259 
1 0.3861 0.2797 -0.1295 21.0034708 105.665844 20190810030259 
1 0.0101 0.3894 -0.8106 21.0034708 105.665844 20190810030259 
1 0.1970 0.1009 -1.0491 21.0034708 105.665844 20190810030259 
1 -0.6304 -0.1306 -0.6236 21.0034708 105.665844 20190810030259 
1 0.4410 0.5427 -1.8104 21.0034708 105.665844 20190810030259 
1 -0.0461 -0.1250 -1.1000 21.0034708 105.665844 20190810030259 
1 0.0956 -0.1999 -0.5669 21.0034708 105.665844 20190810030259 
1 -0.0753 -0.1674 -2.0614 21.0034708 105.665844 20190810030259 
1 0.1919 -0.1471 -2.4629 21.0034708 105.665844 20190810030259 
1 0.1083 -0.2763 -0.1437 21.0034708 105.665844 20190810030259 
1 -0.4029 -0.2763 -0.0749 21.0034708 105.665844 20190810030259 
1 0.2668 -0.1629 -0.0987 21.0034708 105.665844 20190810030259 
1 -0.0229 0.0305 0.2879 21.0034708 105.665844 20190810030259 
1 -0.4916 -0.4650 1.1488 21.0034708 105.665844 20190810030259 
1 -0.1011 -0.1513 1.2258 21.0034708 105.665844 20190810030259 
1 -0.0889 -0.1965 1.8439 21.0034708 105.665844 20190810030259 
1 -0.4124 -0.7637 3.3181 21.0034708 105.665844 20190810030259 
1 -0.2684 -0.9044 4.2945 21.003449 105.6656231 20190810030259 
1 -0.2436 -0.6517 3.3642 21.003449 105.6656231 20190810030259 
1 -0.2856 -0.8956 3.8998 21.003449 105.6656231 20190810030259 
1 0.5057 -0.8308 4.9862 21.003449 105.6656231 20190810030259 
1 -0.7437 -0.5804 4.8553 21.003449 105.6656231 20190810030259 
1 0.2672 -0.2912 5.7798 21.003449 105.6656231 20190810030259 
1 -0.3249 -0.2391 6.0344 21.003449 105.6656231 20190810030300 
1 0.8602 0.7039 4.7658 21.003449 105.6656231 20190810030300 
1 0.0912 -0.0197 4.4658 21.003449 105.6656231 20190810030300 
1 1.3080 0.5810 2.4862 21.003449 105.6656231 20190810030300 
1 0.0710 1.2097 -1.3335 21.003449 105.6656231 20190810030300 
1 0.2228 -0.8723 0.9314 21.003449 105.6656231 20190810030300 
1 0.2060 0.8694 -0.9463 21.003449 105.6656231 20190810030300 
1 -0.2832 0.7845 -4.7431 21.003449 105.6656231 20190810030300 
1 0.8651 -0.4712 -3.2668 21.003449 105.6656231 20190810030300 
1 -0.2363 0.3733 -4.9775 21.003449 105.6656231 20190810030300 
1 0.3766 0.2602 -7.4241 21.003449 105.6656231 20190810030300 
1 0.0219 -0.2733 -4.7090 21.003449 105.6656231 20190810030300 
1 0.2629 0.2243 -5.2723 21.003449 105.6656231 20190810030300 
1 -0.3330 0.0285 -6.3096 21.003449 105.6656231 20190810030300 
1 0.2464 -0.1063 -4.8817 21.003449 105.6656231 20190810030300 
1 0.2625 0.0381 -4.5487 21.003449 105.6656231 20190810030300 
1 -0.0244 -0.0678 -4.5125 21.003449 105.6656231 20190810030300 
1 -0.0372 -0.0746 -3.0065 21.003449 105.6656231 20190810030300 
1 0.1078 -0.1205 -2.5341 21.003449 105.6656231 20190810030300 
1 -0.0763 -0.0666 -1.8267 21.003449 105.6656231 20190810030300 
1 -0.3037 -0.1956 -0.7676 21.003449 105.6656231 20190810030300 
1 0.0599 -0.1050 -0.4545 21.003449 105.6656231 20190810030300 
1 -0.0720 -0.0204 -0.2230 21.003449 105.6656231 20190810030300 
1 -0.1900 -0.0536 0.2440 21.003449 105.6656231 20190810030300 
1 -0.2695 -0.1246 0.7223 21.003449 105.6656231 20190810030300 
1 -0.0741 -0.0634 1.3931 21.003449 105.6656231 20190810030300 
1 -0.3059 0.0635 1.8050 21.003449 105.6656231 20190810030300 
1 -0.4199 -0.0640 2.0878 21.003449 105.6656231 20190810030300 
1 -0.2064 -0.1142 2.4011 21.003449 105.6656231 20190810030300 
1 -0.6150 -0.0777 2.5201 21.003449 105.6656231 20190810030300 
1 -0.2718 -0.0061 2.3794 21.003449 105.6656231 20190810030300 
1 -0.4556 -0.1698 2.5386 21.003449 105.6656231 20190810030300 
1 -0.2360 0.1099 2.2860 21.003449 105.6656231 20190810030300 
1 -0.2681 -0.0104 1.3281 21.003449 105.6656231 20190810030300 
1 -0.2980 0.0069 0.9451 21.003449 105.6656231 20190810030300 
1 0.1099 0.1813 0.6494 21.003449 105.6656231 20190810030300 
1 0.0592 0.2970 -0.0565 21.003449 105.6656231 20190810030300 
1 -0.0425 0.1420 -0.2480 21.003449 105.6656231 20190810030300 
1 0.0611 0.1281 -0.4291 21.003449 105.6656231 20190810030300 
1 0.1718 0.3020 -0.7817 21.003449 105.6656231 20190810030300 
1 0.0258 0.1960 -1.0860 21.003449 105.6656231 20190810030300 
1 0.2097 0.1910 -1.1244 21.003449 105.6656231 20190810030300 
1 0.1831 0.1409 -1.0684 21.003449 105.6656231 20190810030300 
1 0.2645 0.1946 -1.3097 21.003449 105.6656231 20190810030300 
1 0.1506 0.2137 -1.1888 21.003449 105.6656231 20190810030300 
1 0.1975 0.1507 -1.2335 21.0034283 105.6653923 20190810030300 
1 -0.0720 0.0567 -1.2630 21.0034283 105.6653923 20190810030300 
1 0.1606 0.2083 -0.9561 21.0034283 105.6653923 20190810030300 
1 0.0112 0.1192 -0.8282 21.0034283 105.6653923 20190810030300 
1 -0.0758 0.0934 -0.6723 21.0034283 105.6653923 20190810030300 
1 0.1093 0.0993 -0.6300 21.0034283 105.6653923 20190810030301 
1 -0.0308 0.1515 -0.3230 21.0034283 105.6653923 20190810030301 
1 -0.1660 0.1503 -0.1685 21.0034283 105.6653923 20190810030301 
1 0.0721 0.1222 0.0745 21.0034283 105.6653923 20190810030301 
1 -0.4969 0.0456 0.3972 21.0034283 105.6653923 20190810030301 
1 0.3411 0.1369 0.5774 21.0034283 105.6653923 20190810030301 
1 -0.5464 0.0546 0.4112 21.0034283 105.6653923 20190810030301 
1 0.3521 0.3110 0.4971 21.0034283 105.6653923 20190810030301 
1 -0.4438 0.0366 0.5531 21.0034283 105.6653923 20190810030301 
1 -0.0833 0.1317 0.6098 21.0034283 105.6653923 20190810030301 
1 -0.0845 0.2167 0.3544 21.0034283 105.6653923 20190810030301 
1 -0.0626 0.2557 0.4929 21.0034283 105.6653923 20190810030301 
1 -0.0876 0.1813 0.2999 21.0034283 105.6653923 20190810030301 
1 0.0826 0.2099 -0.1892 21.0034283 105.6653923 20190810030301 
1 0.0037 0.2169 -0.1837 21.0034283 105.6653923 20190810030301 
1 -0.0720 0.2400 -0.2290 21.0034283 105.6653923 20190810030301 
1 0.1098 0.2365 -0.2437 21.0034283 105.6653923 20190810030301 
1 0.0396 0.1890 -0.2421 21.0034283 105.6653923 20190810030301 
1 0.0542 0.1596 -0.4504 21.0034283 105.6653923 20190810030301 
1 -0.0673 0.1477 -0.3927 21.0034283 105.6653923 20190810030301 
1 0.0361 0.2404 -0.1277 21.0034283 105.6653923 20190810030301 
1 0.0642 0.1635 -0.0642 21.0034283 105.6653923 20190810030301 
1 -0.0147 0.1310 0.0328 21.0034283 105.6653923 20190810030301 
1 -0.0424 0.2738 0.1591 21.0034283 105.6653923 20190810030301 
1 0.0710 0.1631 0.7501 21.0034283 105.6653923 20190810030301 
1 0.0273 0.1266 1.1530 21.0034283 105.6653923 20190810030301 
1 0.0416 0.2939 0.4223 21.0034283 105.6653923 20190810030301 
1 0.0181 0.1287 0.4484 21.0034283 105.6653923 20190810030301 
1 0.1732 0.2340 1.9300 21.0034283 105.6653923 20190810030301 
1 0.1584 0.6353 0.5310 21.0034283 105.6653923 20190810030301 
1 0.1569 -0.0751 0.2003 21.0034283 105.6653923 20190810030301 
1 -0.5759 -0.4942 2.3599 21.0034283 105.6653923 20190810030301 
1 0.3213 1.1704 0.1696 21.0034283 105.6653923 20190810030301 
1 0.0585 0.3554 0.7149 21.0034283 105.6653923 20190810030301 
1 -0.3214 -0.3605 2.0787 21.0034283 105.6653923 20190810030301 
1 -0.1319 0.4243 -0.1898 21.0034283 105.6653923 20190810030301 
1 -0.0862 0.0580 -0.5001 21.0034283 105.6653923 20190810030301 
1 -0.0707 0.0711 0.7117 21.0034283 105.6653923 20190810030301 
1 -0.4998 0.9728 -0.5926 21.0034283 105.6653923 20190810030301 
1 -0.2637 -0.2670 -0.2112 21.0034283 105.6653923 20190810030301 
1 0.1083 0.2646 -0.1133 21.0034283 105.6653923 20190810030301 
1 -0.2784 0.4556 -0.4098 21.0034283 105.6653923 20190810030301 
1 -0.3344 0.0288 -0.4124 21.0034283 105.6653923 20190810030301 
1 0.0264 0.5995 -0.9184 21.0034283 105.6653923 20190810030301 
1 -0.1278 0.0743 -0.8774 21.0034283 105.6653923 20190810030301 
1 -0.3945 0.1142 -0.5734 21.003412 105.6651669 20190810030301 
1 0.0501 0.3061 -0.8449 21.003412 105.6651669 20190810030301 
1 -0.0380 0.2050 -0.6154 21.003412 105.6651669 20190810030301 
1 -0.2190 0.3973 0.0350 21.003412 105.6651669 20190810030301 
1 -0.1047 0.0704 -0.0843 21.003412 105.6651669 20190810030301 
1 -0.0570 0.2059 -0.0991 21.003412 105.6651669 20190810030301 
1 0.1978 0.4778 -0.0774 21.003412 105.6651669 20190810030302 
1 -0.0763 0.1924 -0.0452 21.003412 105.6651669 20190810030302 
1 0.1941 0.1782 0.1877 21.003412 105.6651669 20190810030302 
1 0.1518 0.3012 0.2227 21.003412 105.6651669 20190810030302 
1 0.1183 0.3836 0.5122 21.003412 105.6651669 20190810030302 
1 0.0775 0.3173 0.7308 21.003412 105.6651669 20190810030302 
1 0.0956 0.2936 0.2294 21.003412 105.6651669 20190810030302 
1 -0.1389 0.2369 -0.0787 21.003412 105.6651669 20190810030302 
1 0.1010 0.2495 -0.0125 21.003412 105.6651669 20190810030302 
1 0.2794 0.2538 -0.0574 21.003412 105.6651669 20190810030302 
1 0.0767 0.3704 -0.0773 21.003412 105.6651669 20190810030302 
1 -0.2084 0.1879 -0.1547 21.003412 105.6651669 20190810030302 
1 0.0729 0.3346 -0.3100 21.003412 105.6651669 20190810030302 
1 -0.1219 0.3675 -0.7033 21.003412 105.6651669 20190810030302 
1 -0.2117 0.2109 -0.3548 21.003412 105.6651669 20190810030302 
1 -0.2332 0.2421 -0.5693 21.003412 105.6651669 20190810030302 
1 -0.0150 0.3893 -0.6535 21.003412 105.6651669 20190810030302 
1 -0.2524 0.1427 -0.3660 21.003412 105.6651669 20190810030302 
1 -0.1956 0.2859 -0.5609 21.003412 105.6651669 20190810030302 
1 -0.0577 0.3582 -0.9278 21.003412 105.6651669 20190810030302 
1 -0.3577 0.1265 -0.3997 21.003412 105.6651669 20190810030302 
1 -0.2993 0.1478 -0.1921 21.003412 105.6651669 20190810030302 
1 -0.1163 0.3552 -0.3535 21.003412 105.6651669 20190810030302 
1 -0.1870 0.1650 0.0049 21.003412 105.6651669 20190810030302 
1 -0.0991 0.2605 0.0274 21.003412 105.6651669 20190810030302 
1 -0.1691 0.1688 0.0757 21.003412 105.6651669 20190810030302 
1 0.0430 0.3511 0.2658 21.003412 105.6651669 20190810030302 
1 -0.1940 0.2151 0.1758 21.003412 105.6651669 20190810030302 
1 0.0132 0.1512 0.2617 21.003412 105.6651669 20190810030302 
1 -0.0702 0.1989 0.6456 21.003412 105.6651669 20190810030302 
1 0.0450 0.2599 0.2944 21.003412 105.6651669 20190810030302 
1 -0.0576 0.1639 0.4710 21.003412 105.6651669 20190810030302 
1 -0.0306 0.3063 0.3901 21.003412 105.6651669 20190810030302 
1 -0.0494 0.1948 0.1139 21.003412 105.6651669 20190810030302 
1 0.1025 0.1103 0.3092 21.003412 105.6651669 20190810030302 
1 0.0319 0.3512 0.2379 21.003412 105.6651669 20190810030302 
1 -0.0561 0.2399 0.3176 21.003412 105.6651669 20190810030302 
1 0.0221 0.0779 0.3393 21.003412 105.6651669 20190810030302 
1 0.0132 0.2846 0.3094 21.003412 105.6651669 20190810030302 
1 0.0591 0.2744 0.2871 21.003412 105.6651669 20190810030302 
1 -0.0308 0.2674 0.0660 21.0033887 105.6649504 20190810030302 
1 0.1067 0.2291 -0.3439 21.0033887 105.6649504 20190810030302 
1 0.0010 0.2594 -0.1845 21.0033887 105.6649504 20190810030302 
1 -0.0129 0.1764 -0.1576 21.0033887 105.6649504 20190810030302 
1 0.1466 0.2467 -0.0721 21.0033887 105.6649504 20190810030302 
1 -0.1330 0.1517 0.2285 21.0033887 105.6649504 20190810030302 
1 -0.0048 0.1357 -0.1591 21.0033887 105.6649504 20190810030302 
1 -0.0227 0.1767 -0.2149 21.0033887 105.6649504 20190810030302 
1 0.0943 0.3296 -0.2190 21.0033887 105.6649504 20190810030303 
1 -0.2702 0.0668 0.0145 21.0033887 105.6649504 20190810030303 
1 0.2339 0.2074 0.0525 21.0033887 105.6649504 20190810030303 
1 -0.0178 0.2407 0.1993 21.0033887 105.6649504 20190810030303 
1 -0.2910 0.0934 0.6427 21.0033887 105.6649504 20190810030303 
1 0.0107 -0.1149 0.8870 21.0033887 105.6649504 20190810030303 
1 0.3421 1.2528 -2.1804 21.0033887 105.6649504 20190810030303 
1 -0.1675 -0.7511 0.7110 21.0033887 105.6649504 20190810030303 
1 -0.0032 0.2366 0.6944 21.0033887 105.6649504 20190810030303 
1 0.1802 0.7441 -0.1626 21.0033887 105.6649504 20190810030303 
1 -0.0372 0.1563 0.4662 21.0033887 105.6649504 20190810030303 
1 -0.1403 -0.3279 1.8632 21.0033887 105.6649504 20190810030303 
1 0.2020 1.2270 -1.8527 21.0033887 105.6649504 20190810030303 
1 0.3578 -0.2835 -0.4366 21.0033887 105.6649504 20190810030303 
1 -0.2546 0.0543 1.2921 21.0033887 105.6649504 20190810030303 
1 0.0254 0.3472 -0.5356 21.0033887 105.6649504 20190810030303 
1 -0.2264 0.0572 -0.4226 21.0033887 105.6649504 20190810030303 
1 0.4582 0.3016 0.4061 21.0033887 105.6649504 20190810030303 
1 -0.0188 -0.0345 0.0833 21.0033887 105.6649504 20190810030303 
1 -0.2193 0.2322 0.0796 21.0033887 105.6649504 20190810030303 
1 0.2000 0.3662 -0.2129 21.0033887 105.6649504 20190810030303 
1 -0.1847 -0.0998 -0.1173 21.0033887 105.6649504 20190810030303 
1 0.1036 0.1627 0.4581 21.0033887 105.6649504 20190810030303 
1 -0.0910 0.2852 -0.0234 21.0033887 105.6649504 20190810030303 
1 -0.0194 0.1611 0.0498 21.0033887 105.6649504 20190810030303 
1 -0.1031 0.1063 0.2264 21.0033887 105.6649504 20190810030303 
1 -0.1336 0.2783 -0.0251 21.0033887 105.6649504 20190810030303 
1 -0.0491 0.0420 -0.0301 21.0033887 105.6649504 20190810030303 
1 -0.0447 0.1754 -0.4537 21.0033887 105.6649504 20190810030303 
1 -0.3993 0.1439 -0.2794 21.0033887 105.6649504 20190810030303 
1 0.2268 0.1899 -0.1348 21.0033887 105.6649504 20190810030303 
1 0.1113 0.2240 -0.1816 21.0033887 105.6649504 20190810030303 
1 -0.4685 0.1849 -0.4424 21.0033887 105.6649504 20190810030303 
1 0.2060 0.0694 -0.1169 21.0033887 105.6649504 20190810030303 
1 0.0083 0.2070 -0.3381 21.0033887 105.6649504 20190810030303 
1 0.0138 0.2094 -0.3460 21.0033887 105.6649504 20190810030303 
1 -0.2568 0.1016 -0.2110 21.0033887 105.6649504 20190810030303 
1 0.4301 0.0169 0.1213 21.0033887 105.6649504 20190810030303 
1 -0.3963 0.0906 -0.0235 21.0033887 105.6649504 20190810030303 
1 0.1574 0.1926 0.0088 21.0033887 105.6649504 20190810030303 
1 -0.0599 0.0654 0.2621 21.0033887 105.6649504 20190810030303 
1 0.1577 0.2939 0.4289 21.0033649 105.6647371 20190810030303 
1 -0.2724 -0.1001 0.3615 21.0033649 105.6647371 20190810030303 
1 0.2197 0.0991 0.7428 21.0033649 105.6647371 20190810030303 
1 -0.1247 0.2368 0.4658 21.0033649 105.6647371 20190810030303 
1 0.0789 0.0961 0.5103 21.0033649 105.6647371 20190810030303 
1 -0.1889 0.0164 0.4050 21.0033649 105.6647371 20190810030303 
1 0.0989 0.1823 0.3656 21.0033649 105.6647371 20190810030303 
1 0.0256 0.2050 0.2325 21.0033649 105.6647371 20190810030303 
1 -0.0420 0.1508 0.3653 21.0033649 105.6647371 20190810030303 
1 0.0840 0.1569 0.0881 21.0033649 105.6647371 20190810030303 
1 -0.1250 0.1863 -0.1791 21.0033649 105.6647371 20190810030304 
1 0.1641 0.0691 -0.1841 21.0033649 105.6647371 20190810030304 
1 -0.0415 0.1790 -0.2323 21.0033649 105.6647371 20190810030304 
1 0.0472 0.3102 -0.7609 21.0033649 105.6647371 20190810030304 
1 -0.0531 -0.0172 -0.5352 21.0033649 105.6647371 20190810030304 
1 0.2039 0.2030 -0.4546 21.0033649 105.6647371 20190810030304 
1 -0.0175 0.0681 -0.6969 21.0033649 105.6647371 20190810030304 
1 -0.0595 0.1586 -0.5006 21.0033649 105.6647371 20190810030304 
1 0.1327 0.0674 -0.5247 21.0033649 105.6647371 20190810030304 
1 -0.1071 0.0947 -0.6969 21.0033649 105.6647371 20190810030304 
1 0.1352 0.0566 -0.2131 21.0033649 105.6647371 20190810030304 
1 -0.1784 0.1722 -0.2166 21.0033649 105.6647371 20190810030304 
1 -0.0968 0.0590 -0.0648 21.0033649 105.6647371 20190810030304 
1 -0.1705 0.1666 -0.0104 21.0033649 105.6647371 20190810030304 
1 0.2386 0.1786 0.1564 21.0033649 105.6647371 20190810030304 
1 -0.3319 0.0498 0.2535 21.0033649 105.6647371 20190810030304 
1 -0.0001 0.0585 0.4375 21.0033649 105.6647371 20190810030304 
1 -0.0242 0.1770 0.3611 21.0033649 105.6647371 20190810030304 
1 -0.5793 -0.1902 0.7141 21.0033649 105.6647371 20190810030304 
1 0.1179 -0.1623 0.9898 21.0033649 105.6647371 20190810030304 
1 -0.2969 0.0006 0.5147 21.0033649 105.6647371 20190810030304 
1 -0.1998 0.0751 0.4392 21.0033649 105.6647371 20190810030304 
1 -0.3086 -0.1137 1.1597 21.0033649 105.6647371 20190810030304 
1 -0.0108 0.1469 1.0590 21.0033649 105.6647371 20190810030304 
1 -0.1128 -0.0937 1.4262 21.0033649 105.6647371 20190810030304 
1 0.0488 -0.1622 1.5733 21.0033649 105.6647371 20190810030304 
1 -0.1720 0.1279 -0.0598 21.0033649 105.6647371 20190810030304 
1 0.3612 0.4476 -1.2175 21.0033649 105.6647371 20190810030304 
1 -0.2870 -0.4903 -0.0213 21.0033649 105.6647371 20190810030304 
1 0.7171 0.1988 -0.0478 21.0033649 105.6647371 20190810030304 
1 0.1051 0.6890 -0.4057 21.0033649 105.6647371 20190810030304 
1 0.2088 -0.1659 0.4743 21.0033649 105.6647371 20190810030304 
1 0.4593 0.4139 -0.8225 21.0033649 105.6647371 20190810030304 
1 -0.0506 0.6742 -2.5232 21.0033649 105.6647371 20190810030304 
1 0.4917 -0.5838 -1.3262 21.0033649 105.6647371 20190810030304 
1 -0.0041 0.4254 -0.7455 21.0033649 105.6647371 20190810030304 
1 0.2094 0.4572 -2.5298 21.0033649 105.6647371 20190810030304 
1 0.0382 -0.2992 -2.1652 21.0033649 105.6647371 20190810030304 
1 0.0327 0.0199 -1.0615 21.0033649 105.6647371 20190810030304 
1 -0.1084 -0.0440 -1.5151 21.0033649 105.6647371 20190810030304 
1 -0.1435 0.0853 -1.1043 21.0033649 105.6647371 20190810030304 
1 -0.0513 -0.1192 -1.0076 21.0033408 105.6645173 20190810030304 
1 -0.1040 -0.1433 -1.2359 21.0033408 105.6645173 20190810030304 
1 -0.2934 0.0689 -0.6906 21.0033408 105.6645173 20190810030304 
1 -0.3199 -0.2731 0.5276 21.0033408 105.6645173 20190810030304 
1 -0.0848 0.0626 0.4518 21.0033408 105.6645173 20190810030304 
1 -0.4895 -0.1473 0.5182 21.0033408 105.6645173 20190810030304 
1 0.0938 -0.1486 0.5540 21.0033408 105.6645173 20190810030304 
1 -0.2028 -0.2346 1.1550 21.0033408 105.6645173 20190810030304 
1 -0.4321 -0.1049 1.1108 21.0033408 105.6645173 20190810030304 
1 0.0436 -0.0495 1.1965 21.0033408 105.6645173 20190810030304 
1 -0.2428 -0.1716 1.5067 21.0033408 105.6645173 20190810030305 
1 -0.2250 -0.2446 2.1211 21.0033408 105.6645173 20190810030305 
1 -0.1507 0.0172 1.4582 21.0033408 105.6645173 20190810030305 
1 0.0739 -0.1843 1.5510 21.0033408 105.6645173 20190810030305 
1 -0.1891 -0.0390 1.4220 21.0033408 105.6645173 20190810030305 
1 -0.0372 -0.0194 0.5769 21.0033408 105.6645173 20190810030305 
1 0.0376 -0.0922 0.6754 21.0033408 105.6645173 20190810030305 
1 -0.0622 0.1100 0.9357 21.0033408 105.6645173 20190810030305 
1 -0.0458 -0.0265 0.3829 21.0033408 105.6645173 20190810030305 
1 -0.0301 -0.1090 -0.0350 21.0033408 105.6645173 20190810030305 
1 0.0186 0.0150 -0.1490 21.0033408 105.6645173 20190810030305 
1 0.1646 0.1780 -0.4772 21.0033408 105.6645173 20190810030305 
1 0.1115 0.0523 -0.9711 21.0033408 105.6645173 20190810030305 
1 0.0804 -0.1838 -0.1335 21.0033408 105.6645173 20190810030305 
1 0.1394 0.3347 -0.8721 21.0033408 105.6645173 20190810030305 
1 0.1047 -0.1261 -0.9643 21.0033408 105.6645173 20190810030305 
1 0.4006 -0.0298 -0.8564 21.0033408 105.6645173 20190810030305 
1 0.0913 0.0177 -0.7212 21.0033408 105.6645173 20190810030305 
1 0.0302 -0.0633 -1.1755 21.0033408 105.6645173 20190810030305 
1 0.2163 -0.0679 -0.7458 21.0033408 105.6645173 20190810030305 
1 0.0522 0.2607 -1.1152 21.0033408 105.6645173 20190810030305 
1 0.0811 -0.1711 -1.0357 21.0033408 105.6645173 20190810030305 
1 -0.0016 -0.0504 -0.9499 21.0033408 105.6645173 20190810030305 
1 0.0269 0.0146 -0.7272 21.0033408 105.6645173 20190810030305 
1 -0.1503 0.0436 -0.6357 21.0033408 105.6645173 20190810030305 
1 -0.2493 -0.1120 -0.4822 21.0033408 105.6645173 20190810030305 
1 0.2780 -0.1233 -0.6802 21.0033408 105.6645173 20190810030305 
1 -0.5089 -0.1229 -0.7408 21.0033408 105.6645173 20190810030305 
1 0.1706 -0.1096 -0.2240 21.0033408 105.6645173 20190810030305 
1 -0.0923 -0.1637 -0.0661 21.0033408 105.6645173 20190810030305 
1 -0.0288 -0.1279 -0.0011 21.0033408 105.6645173 20190810030305 
1 -0.0943 -0.4059 0.8415 21.0033408 105.6645173 20190810030305 
1 0.0522 -0.0407 0.7623 21.0033408 105.6645173 20190810030305 
1 -0.0131 -0.1104 0.5271 21.0033408 105.6645173 20190810030305 
1 -0.0184 -0.2561 1.0418 21.0033408 105.6645173 20190810030305 
1 0.0856 -0.2371 1.3484 21.0033408 105.6645173 20190810030305 
1 0.0114 -0.1263 0.9380 21.0033408 105.6645173 20190810030305 
1 0.2569 -0.0763 1.5272 21.0033408 105.6645173 20190810030305 
1 0.0419 -0.0177 1.3546 21.0033408 105.6645173 20190810030305 
1 0.2053 -0.2008 0.6588 21.0033222 105.6642928 20190810030305 
1 -0.4494 -0.4855 1.4037 21.0033222 105.6642928 20190810030305 
1 0.1865 0.1624 0.5328 21.0033222 105.6642928 20190810030305 
1 0.0356 -0.0741 0.1616 21.0033222 105.6642928 20190810030305 
1 0.0523 -0.0971 1.0034 21.0033222 105.6642928 20190810030305 
1 0.0171 -0.0403 -0.0111 21.0033222 105.6642928 20190810030305 
1 -0.1075 -0.3550 0.3572 21.0033222 105.6642928 20190810030305 
1 0.2568 -0.1986 0.5451 21.0033222 105.6642928 20190810030305 
1 -0.6657 0.2444 -0.9114 21.0033222 105.6642928 20190810030305 
1 0.3728 0.5501 -2.1624 21.0033222 105.6642928 20190810030305 
1 -0.9108 -1.0682 0.1653 21.0033222 105.6642928 20190810030306 
1 0.4869 0.3608 -0.4058 21.0033222 105.6642928 20190810030306 
1 0.2119 0.5600 -1.1278 21.0033222 105.6642928 20190810030306 
1 -0.2689 -0.5039 0.0128 21.0033222 105.6642928 20190810030306 
1 -0.1083 -0.3967 -0.6236 21.0033222 105.6642928 20190810030306 
1 -0.3937 0.3970 -3.0234 21.0033222 105.6642928 20190810030306 
1 0.7524 -0.4865 0.1183 21.0033222 105.6642928 20190810030306 
1 -0.3281 0.4528 0.7895 21.0033222 105.6642928 20190810030306 
1 -0.1657 -0.1771 -2.0939 21.0033222 105.6642928 20190810030306 
1 0.7041 -0.2232 -0.9681 21.0033222 105.6642928 20190810030306 
1 -0.3693 0.0300 0.5742 21.0033222 105.6642928 20190810030306 
1 0.3268 -0.1042 0.1652 21.0033222 105.6642928 20190810030306 
1 -0.1935 -0.0087 -0.5241 21.0033222 105.6642928 20190810030306 
1 -0.0596 -0.3332 0.0626 21.0033222 105.6642928 20190810030306 
1 0.1336 -0.1277 0.4810 21.0033222 105.6642928 20190810030306 
1 -0.0541 0.0059 0.3039 21.0033222 105.6642928 20190810030306 
1 -0.0039 -0.0925 0.2042 21.0033222 105.6642928 20190810030306 
1 0.1799 -0.1132 0.3689 21.0033222 105.6642928 20190810030306 
1 -0.0246 -0.1895 0.4762 21.0033222 105.6642928 20190810030306 
1 -0.0915 -0.1065 0.4429 21.0033222 105.6642928 20190810030306 
1 0.0628 -0.0364 0.1780 21.0033222 105.6642928 20190810030306 
1 0.0874 -0.0706 -0.1742 21.0033222 105.6642928 20190810030306 
1 -0.1054 -0.3193 0.5482 21.0033222 105.6642928 20190810030306 
1 0.1980 -0.0216 0.6115 21.0033222 105.6642928 20190810030306 
1 -0.3267 -0.0603 -0.2283 21.0033222 105.6642928 20190810030306 
1 0.0143 -0.3793 -0.2564 21.0033222 105.6642928 20190810030306 
1 -0.1012 -0.2879 0.3088 21.0033222 105.6642928 20190810030306 
1 0.2172 0.1673 -0.2337 21.0033222 105.6642928 20190810030306 
1 -0.0547 -0.2223 0.0734 21.0033222 105.6642928 20190810030306 
1 0.0348 -0.0687 0.3290 21.0033222 105.6642928 20190810030306 
1 -0.0353 -0.0507 -0.3098 21.0033222 105.6642928 20190810030306 
1 -0.1093 -0.1812 -0.3671 21.0033222 105.6642928 20190810030306 
1 0.0185 -0.0488 0.0153 21.0033222 105.6642928 20190810030306 
1 0.0576 0.0473 -0.3631 21.0033222 105.6642928 20190810030306 
1 -0.0759 -0.3054 -0.1306 21.0033222 105.6642928 20190810030306 
1 -0.0640 -0.0160 -0.2652 21.0033222 105.6642928 20190810030306 
1 0.1352 0.0785 -0.5408 21.0033222 105.6642928 20190810030306 
1 -0.2394 -0.0332 -0.7240 21.0033222 105.6642928 20190810030306 
1 0.0681 -0.0375 -0.8401 21.0033084 105.6640752 20190810030306 
1 -0.2671 -0.1124 -0.4215 21.0033084 105.6640752 20190810030306 
1 -0.0423 -0.0996 -0.2514 21.0033084 105.6640752 20190810030306 
1 0.1353 0.0060 -0.9113 21.0033084 105.6640752 20190810030306 
1 -0.1822 -0.1795 -0.8299 21.0033084 105.6640752 20190810030306 
1 -0.0325 -0.1720 -0.9280 21.0033084 105.6640752 20190810030306 
1 -0.1766 -0.1645 -0.7712 21.0033084 105.6640752 20190810030306 
1 0.3841 -0.0655 -0.1712 21.0033084 105.6640752 20190810030306 
1 -0.1220 -0.0344 -0.2105 21.0033084 105.6640752 20190810030306 
1 -0.0555 -0.1732 -0.1411 21.0033084 105.6640752 20190810030306 
1 -0.0957 -0.2261 0.3543 21.0033084 105.6640752 20190810030306 
1 0.3121 0.0028 0.4922 21.0033084 105.6640752 20190810030307 
1 0.0220 -0.2355 0.5044 21.0033084 105.6640752 20190810030307 
1 0.2327 -0.1218 0.4079 21.0033084 105.6640752 20190810030307 
1 0.1260 -0.1931 0.4062 21.0033084 105.6640752 20190810030307 
1 0.1059 -0.2294 0.6673 21.0033084 105.6640752 20190810030307 
1 0.3291 -0.1376 0.9665 21.0033084 105.6640752 20190810030307 
1 0.2892 -0.1330 1.0675 21.0033084 105.6640752 20190810030307 
1 0.1503 -0.1933 1.0060 21.0033084 105.6640752 20190810030307 
1 0.0689 -0.2581 1.0766 21.0033084 105.6640752 20190810030307 
1 0.5067 -0.0492 0.8814 21.0033084 105.6640752 20190810030307 
1 -0.0141 -0.2059 0.6118 21.0033084 105.6640752 20190810030307 
1 0.3478 -0.2703 0.8755 21.0033084 105.6640752 20190810030307 
1 0.1415 -0.3106 0.7276 21.0033084 105.6640752 20190810030307 
1 0.3804 -0.2494 0.5637 21.0033084 105.6640752 20190810030307 
1 -0.1691 -0.1602 0.2012 21.0033084 105.6640752 20190810030307 
1 0.3254 0.0997 0.0262 21.0033084 105.6640752 20190810030307 
1 -0.2305 -0.1443 -0.2351 21.0033084 105.6640752 20190810030307 
1 0.0852 -0.0658 -0.2753 21.0033084 105.6640752 20190810030307 
1 -0.1051 0.0821 -0.3675 21.0033084 105.6640752 20190810030307 
1 0.1507 -0.2027 0.3369 21.0033084 105.6640752 20190810030307 
1 -0.3416 -0.3438 0.0885 21.0033084 105.6640752 20190810030307 
1 0.0570 -0.1155 -1.0430 21.0033084 105.6640752 20190810030307 
1 0.2384 1.0005 -3.2847 21.0033084 105.6640752 20190810030307 
1 -0.4800 -1.4099 -0.1227 21.0033084 105.6640752 20190810030307 
1 0.2705 -0.1830 -0.1970 21.0033084 105.6640752 20190810030307 
1 -0.2910 0.5963 -1.1971 21.0033084 105.6640752 20190810030307 
1 0.6955 -0.3346 0.4626 21.0033084 105.6640752 20190810030307 
1 -0.7534 -0.7900 0.0601 21.0033084 105.6640752 20190810030307 
1 0.3789 0.8257 -2.9737 21.0033084 105.6640752 20190810030307 
1 1.0466 -0.5937 -1.1355 21.0033084 105.6640752 20190810030307 
1 -0.7450 -0.2855 1.1738 21.0033084 105.6640752 20190810030307 
1 -0.0006 0.1842 -0.6213 21.0033084 105.6640752 20190810030307 
1 0.5930 -0.3381 -1.1739 21.0033084 105.6640752 20190810030307 
1 0.0454 -0.2044 -0.5234 21.0033084 105.6640752 20190810030307 
1 -0.1103 -0.2581 0.2748 21.0033084 105.6640752 20190810030307 
1 -0.1272 0.1909 -0.0933 21.0033084 105.6640752 20190810030307 
1 0.0900 -0.2495 0.0028 21.0033084 105.6640752 20190810030307 
1 -0.2648 -0.3077 0.5492 21.0033084 105.6640752 20190810030307 
1 0.0687 -0.2681 0.6243 21.0033084 105.6640752 20190810030307 
1 -0.5144 -0.2711 0.0170 21.0032887 105.6638626 20190810030307 
1 0.1849 -0.0589 0.2500 21.0032887 105.6638626 20190810030307 
1 -0.0772 -0.1341 0.4153 21.0032887 105.6638626 20190810030307 
1 -0.6402 -0.4836 0.9078 21.0032887 105.6638626 20190810030307 
1 0.0870 0.0183 0.4792 21.0032887 105.6638626 20190810030307 
1 0.3078 0.0338 0.2030 21.0032887 105.6638626 20190810030307 
1 -0.1127 -0.3064 0.7185 21.0032887 105.6638626 20190810030307 
1 0.0767 -0.2186 0.5352 21.0032887 105.6638626 20190810030307 
1 -0.0038 -0.0210 0.2168 21.0032887 105.6638626 20190810030308 
1 0.2231 -0.0541 0.1863 21.0032887 105.6638626 20190810030308 
1 0.1271 -0.2506 0.0538 21.0032887 105.6638626 20190810030308 
1 0.1142 0.0113 0.0582 21.0032887 105.6638626 20190810030308 
1 0.0234 -0.0226 -0.3368 21.0032887 105.6638626 20190810030308 
1 0.2280 -0.1733 -0.1030 21.0032887 105.6638626 20190810030308 
1 0.0040 -0.1715 0.1355 21.0032887 105.6638626 20190810030308 
1 0.3124 0.1068 -0.4449 21.0032887 105.6638626 20190810030308 
1 -0.0923 -0.1836 -0.4942 21.0032887 105.6638626 20190810030308 
1 -0.0399 -0.1264 -0.5181 21.0032887 105.6638626 20190810030308 
1 0.2253 -0.2008 -0.4525 21.0032887 105.6638626 20190810030308 
1 -0.1034 -0.2236 -0.6644 21.0032887 105.6638626 20190810030308 
1 0.0017 -0.2469 -0.2865 21.0032887 105.6638626 20190810030308 
1 0.0810 -0.0164 -0.0152 21.0032887 105.6638626 20190810030308 
1 -0.0423 -0.2304 -0.0008 21.0032887 105.6638626 20190810030308 
1 0.1518 -0.0649 -0.1061 21.0032887 105.6638626 20190810030308 
1 -0.0529 -0.1077 -0.1641 21.0032887 105.6638626 20190810030308 
1 -0.0322 -0.2017 0.1210 21.0032887 105.6638626 20190810030308 
1 0.2663 -0.0334 0.0376 21.0032887 105.6638626 20190810030308 
1 -0.0090 -0.2316 0.1857 21.0032887 105.6638626 20190810030308 
1 0.1951 -0.0424 0.2845 21.0032887 105.6638626 20190810030308 
1 -0.0375 -0.2146 0.2256 21.0032887 105.6638626 20190810030308 
1 0.2295 -0.2306 -0.1548 21.0032887 105.6638626 20190810030308 
1 -0.1839 -0.2851 0.0545 21.0032887 105.6638626 20190810030308 
1 0.2752 0.0055 -0.0035 21.0032887 105.6638626 20190810030308 
1 0.0270 -0.1794 0.0733 21.0032887 105.6638626 20190810030308 
1 0.0856 -0.3349 0.2727 21.0032887 105.6638626 20190810030308 
1 0.1166 -0.0854 0.2755 21.0032887 105.6638626 20190810030308 
1 0.2523 0.0296 0.1861 21.0032887 105.6638626 20190810030308 
1 -0.1875 -0.1905 0.0145 21.0032887 105.6638626 20190810030308 
1 0.1991 -0.2715 0.0478 21.0032887 105.6638626 20190810030308 
1 -0.0944 -0.1443 -0.2958 21.0032887 105.6638626 20190810030308 
1 0.2141 -0.1677 -0.1621 21.0032887 105.6638626 20190810030308 
1 -0.0863 -0.1288 0.0906 21.0032887 105.6638626 20190810030308 
1 -0.0275 -0.1819 -0.0253 21.0032887 105.6638626 20190810030308 
1 0.0200 -0.2734 0.0798 21.0032887 105.6638626 20190810030308 
1 0.0292 -0.2256 0.4082 21.0032887 105.6638626 20190810030308 
1 0.1521 -0.0979 -0.0000 21.0032887 105.6638626 20190810030308 
1 0.1979 -0.2057 0.2117 21.0032887 105.6638626 20190810030308 
1 0.2381 -0.2655 0.5708 21.0032887 105.6638626 20190810030308 
1 0.0707 -0.0934 0.1745 21.0032887 105.6638626 20190810030308 
1 0.3969 -0.2645 0.5276 21.0032887 105.6638626 20190810030308 
1 0.0168 -0.0765 0.5444 21.0032887 105.6638626 20190810030308 
1 0.1940 -0.0558 0.1582 21.0032887 105.6638626 20190810030308 
1 0.2398 -0.2074 0.0561 21.0032726 105.6636496 20190810030308 
1 0.1166 -0.4645 1.1428 21.0032726 105.6636496 20190810030308 
1 0.4921 -0.0022 0.1928 21.0032726 105.6636496 20190810030308 
1 0.0146 -0.3275 0.4300 21.0032726 105.6636496 20190810030308 
1 -0.1309 0.2980 -1.0649 21.0032726 105.6636496 20190810030308 
1 0.4388 -0.8738 0.7363 21.0032726 105.6636496 20190810030308 
1 -0.4551 -0.1420 -0.2317 21.0032726 105.6636496 20190810030309 
1 0.6136 0.2113 0.1912 21.0032726 105.6636496 20190810030309 
1 0.3635 -0.1445 0.5186 21.0032726 105.6636496 20190810030309 
1 -0.3800 -0.6485 0.9627 21.0032726 105.6636496 20190810030309 
1 0.4632 0.7341 -1.7979 21.0032726 105.6636496 20190810030309 
1 0.0752 -0.3619 -0.2968 21.0032726 105.6636496 20190810030309 
1 0.1429 0.0441 0.7080 21.0032726 105.6636496 20190810030309 
1 -0.3969 -0.2197 -0.6934 21.0032726 105.6636496 20190810030309 
1 0.2653 -0.2522 -0.7668 21.0032726 105.6636496 20190810030309 
1 0.2821 0.2642 -0.7701 21.0032726 105.6636496 20190810030309 
1 -0.3265 -0.1395 -0.9037 21.0032726 105.6636496 20190810030309 
1 -0.0579 -0.4021 -0.4031 21.0032726 105.6636496 20190810030309 
1 0.0666 0.0722 -1.3523 21.0032726 105.6636496 20190810030309 
1 -0.3485 -0.3189 -0.8378 21.0032726 105.6636496 20190810030309 
1 0.0020 -0.1117 0.0359 21.0032726 105.6636496 20190810030309 
1 -0.2753 -0.2403 -0.8863 21.0032726 105.6636496 20190810030309 
1 -0.1383 -0.3229 -0.6494 21.0032726 105.6636496 20190810030309 
1 -0.1375 0.0182 -0.2709 21.0032726 105.6636496 20190810030309 
1 -0.3642 -0.2192 0.0897 21.0032726 105.6636496 20190810030309 
1 0.2066 -0.2721 0.4732 21.0032726 105.6636496 20190810030309 
1 -0.5849 -0.2013 0.2004 21.0032726 105.6636496 20190810030309 
1 0.1735 -0.1173 0.2369 21.0032726 105.6636496 20190810030309 
1 -0.4175 -0.1800 0.6471 21.0032726 105.6636496 20190810030309 
1 -0.0289 -0.0019 0.5390 21.0032726 105.6636496 20190810030309 
1 -0.2609 -0.1465 0.3155 21.0032726 105.6636496 20190810030309 
1 -0.0145 -0.0095 0.3674 21.0032726 105.6636496 20190810030309 
1 -0.4154 0.0309 0.2695 21.0032726 105.6636496 20190810030309 
1 -0.2309 -0.0675 0.6369 21.0032726 105.6636496 20190810030309 
1 0.0973 0.0413 0.3138 21.0032726 105.6636496 20190810030309 
1 -0.3205 -0.0129 -0.0980 21.0032726 105.6636496 20190810030309 
1 -0.3449 -0.1896 0.0528 21.0032726 105.6636496 20190810030309 
1 -0.2266 0.0950 -0.2816 21.0032726 105.6636496 20190810030309 
1 0.0413 0.0953 -0.3084 21.0032726 105.6636496 20190810030309 
1 -0.5161 -0.2199 0.1099 21.0032726 105.6636496 20190810030309 
1 -0.2350 -0.0470 0.1853 21.0032726 105.6636496 20190810030309 
1 -0.0430 0.0758 -0.3604 21.0032726 105.6636496 20190810030309 
1 -0.4906 -0.2907 0.1707 21.0032726 105.6636496 20190810030309 
1 -0.2686 0.0126 0.0940 21.0032726 105.6636496 20190810030309 
1 -0.0791 0.0334 -0.4067 21.0032726 105.6636496 20190810030309 
1 -0.6342 -0.2563 -0.0083 21.0032726 105.6636496 20190810030309 
1 -0.1641 0.0174 0.2811 21.0032726 105.6636496 20190810030309 
1 -0.0014 0.1649 -0.1364 21.0032726 105.6636496 20190810030309 
1 -0.3154 -0.1302 0.2225 21.0032573 105.6634346 20190810030309 
1 -0.4820 -0.0982 0.0235 21.0032573 105.6634346 20190810030309 
1 0.0192 0.0672 -0.1356 21.0032573 105.6634346 20190810030309 
1 -0.5105 -0.2052 0.2462 21.0032573 105.6634346 20190810030309 
1 0.0765 0.0918 0.1016 21.0032573 105.6634346 20190810030309 
1 -0.2525 -0.0885 -0.2705 21.0032573 105.6634346 20190810030309 
1 0.0117 -0.1717 -0.0609 21.0032573 105.6634346 20190810030309 
1 -0.3389 -0.0231 -0.1627 21.0032573 105.6634346 20190810030309 
1 0.0661 0.0425 -0.0041 21.0032573 105.6634346 20190810030309 
1 -0.1147 -0.1256 0.2408 21.0032573 105.6634346 20190810030309 
1 -0.1637 -0.2181 0.1006 21.0032573 105.6634346 20190810030310 
1 -0.0785 -0.0482 0.0397 21.0032573 105.6634346 20190810030310 
1 -0.0330 0.0876 0.0889 21.0032573 105.6634346 20190810030310 
1 0.0714 -0.0879 0.0998 21.0032573 105.6634346 20190810030310 
1 0.1477 0.0196 -0.0696 21.0032573 105.6634346 20190810030310 
1 -0.0550 -0.0423 0.1239 21.0032573 105.6634346 20190810030310 
1 -0.1464 -0.0565 0.2419 21.0032573 105.6634346 20190810030310 
1 0.2756 0.0018 0.0212 21.0032573 105.6634346 20190810030310 
1 0.1189 -0.0920 0.1113 21.0032573 105.6634346 20190810030310 
1 0.2275 -0.2402 0.2724 21.0032573 105.6634346 20190810030310 
1 0.2150 -0.0838 -0.1622 21.0032573 105.6634346 20190810030310 
1 0.0772 -0.1092 0.2804 21.0032573 105.6634346 20190810030310 
1 -0.0857 -0.2239 1.0156 21.0032573 105.6634346 20190810030310 
1 0.1498 -0.1801 0.5812 21.0032573 105.6634346 20190810030310 
1 -0.2405 -0.1580 -0.2100 21.0032573 105.6634346 20190810030310 
1 0.2823 0.1204 0.3741 21.0032573 105.6634346 20190810030310 
1 -0.1629 -0.1962 0.9674 21.0032573 105.6634346 20190810030310 
1 -0.0720 -0.1909 0.7105 21.0032573 105.6634346 20190810030310 
1 0.0252 -0.3049 0.9396 21.0032573 105.6634346 20190810030310 
1 0.0202 -0.4992 2.1794 21.0032573 105.6634346 20190810030310 
1 0.0386 0.5325 -1.1858 21.0032573 105.6634346 20190810030310 
1 -0.4516 -0.1720 -1.6694 21.0032573 105.6634346 20190810030310 
1 0.5386 -0.5962 0.8363 21.0032573 105.6634346 20190810030310 
1 0.0548 0.6775 -0.3464 21.0032573 105.6634346 20190810030310 
1 0.2178 0.3977 -0.4386 21.0032573 105.6634346 20190810030310 
1 0.1620 -0.3309 1.9962 21.0032573 105.6634346 20190810030310 
1 0.0401 0.2952 -1.4201 21.0032573 105.6634346 20190810030310 
1 0.3607 0.1330 -3.7996 21.0032573 105.6634346 20190810030310 
1 0.3803 -0.4851 -0.8579 21.0032573 105.6634346 20190810030310 
1 -0.2188 0.5920 -0.6405 21.0032573 105.6634346 20190810030310 
1 0.5412 -0.2527 -2.7325 21.0032573 105.6634346 20190810030310 
1 -0.0265 -0.4157 -1.7577 21.0032573 105.6634346 20190810030310 
1 0.2253 0.1881 -1.0477 21.0032573 105.6634346 20190810030310 
1 0.1378 -0.1163 -1.5241 21.0032573 105.6634346 20190810030310 
1 0.1127 0.0644 -1.4073 21.0032573 105.6634346 20190810030310 
1 -0.0253 -0.1217 -1.0663 21.0032573 105.6634346 20190810030310 
1 0.1392 -0.1242 -0.5847 21.0032573 105.6634346 20190810030310 
1 -0.0513 0.0403 -0.0028 21.0032573 105.6634346 20190810030310 
1 0.0072 -0.0020 -0.4213 21.0032573 105.6634346 20190810030310 
1 0.1819 -0.0014 -0.1160 21.0032573 105.6634346 20190810030310 
1 0.0849 -0.0247 -0.0052 21.0032272 105.6632238 20190810030310 
1 0.0356 -0.2091 0.1565 21.0032272 105.6632238 20190810030310 
1 0.0623 0.0340 -0.2452 21.0032272 105.6632238 20190810030310 
1 -0.0954 -0.1047 0.2778 21.0032272 105.6632238 20190810030310 
1 0.0481 -0.1612 0.7787 21.0032272 105.6632238 20190810030310 
1 -0.1122 -0.1426 1.0101 21.0032272 105.6632238 20190810030310 
1 0.1977 -0.1249 0.8790 21.0032272 105.6632238 20190810030310 
1 -0.1200 -0.1545 0.8832 21.0032272 105.6632238 20190810030311 
1 0.1756 -0.0635 1.0854 21.0032272 105.6632238 20190810030311 
1 0.0246 -0.2011 1.2313 21.0032272 105.6632238 20190810030311 
1 -0.1254 -0.1604 1.1984 21.0032272 105.6632238 20190810030311 
1 0.3054 -0.0374 0.7364 21.0032272 105.6632238 20190810030311 
1 -0.0110 -0.2081 1.1753 21.0032272 105.6632238 20190810030311 
1 0.0767 -0.0057 1.0238 21.0032272 105.6632238 20190810030311 
1 0.2187 -0.1685 0.6613 21.0032272 105.6632238 20190810030311 
1 0.1226 -0.1177 0.9366 21.0032272 105.6632238 20190810030311 
1 0.1492 -0.0084 1.0425 21.0032272 105.6632238 20190810030311 
1 0.0580 0.0513 0.3130 21.0032272 105.6632238 20190810030311 
1 0.2301 -0.0083 0.2846 21.0032272 105.6632238 20190810030311 
1 0.0006 -0.0440 0.2133 21.0032272 105.6632238 20190810030311 
1 -0.0068 0.0792 -0.2078 21.0032272 105.6632238 20190810030311 
1 0.0162 -0.0526 -0.1405 21.0032272 105.6632238 20190810030311 
1 0.1102 0.0955 -0.2414 21.0032272 105.6632238 20190810030311 
1 -0.0503 -0.0211 -0.5326 21.0032272 105.6632238 20190810030311 
1 -0.1656 0.0072 -0.9708 21.0032272 105.6632238 20190810030311 
1 0.0075 0.0461 -0.7166 21.0032272 105.6632238 20190810030311 
1 -0.0169 0.2600 -0.9233 21.0032272 105.6632238 20190810030311 
1 -0.1127 -0.0348 -0.7669 21.0032272 105.6632238 20190810030311 
1 0.1930 0.0788 -0.3985 21.0032272 105.6632238 20190810030311 
1 -0.1232 0.0698 -0.7881 21.0032272 105.6632238 20190810030311 
1 0.2444 0.0742 -0.7634 21.0032272 105.6632238 20190810030311 
1 0.0622 0.1465 -0.5143 21.0032272 105.6632238 20190810030311 
1 -0.0454 0.0374 -0.7757 21.0032272 105.6632238 20190810030311 
1 0.0308 0.1148 -0.3157 21.0032272 105.6632238 20190810030311 
1 0.2036 0.3120 -0.1420 21.0032272 105.6632238 20190810030311 
1 0.0932 0.3865 0.1620 21.0032272 105.6632238 20190810030311 
1 0.1230 0.1355 0.2925 21.0032272 105.6632238 20190810030311 
1 0.2204 0.1227 0.0937 21.0032272 105.6632238 20190810030311 
1 0.0261 0.3680 -0.1586 21.0032272 105.6632238 20190810030311 
1 -0.2848 0.1533 0.1519 21.0032272 105.6632238 20190810030311 
1 -0.0102 0.1794 0.3454 21.0032272 105.6632238 20190810030311 
1 -0.1292 0.0432 0.7395 21.0032272 105.6632238 20190810030311 
1 -0.0559 0.2274 0.6501 21.0032272 105.6632238 20190810030311 
1 -0.4275 0.1377 0.5958 21.0032272 105.6632238 20190810030311 
1 0.0766 0.1587 0.7909 21.0032272 105.6632238 20190810030311 
1 -0.2045 0.1941 0.4416 21.0032272 105.6632238 20190810030311 
1 0.1373 0.1360 0.8963 21.0032272 105.6632238 20190810030311 
1 -0.1832 0.2425 0.8939 21.0032272 105.6632238 20190810030311 
1 0.0556 0.4099 0.2404 21.003206 105.6630144 20190810030311 
1 0.0605 0.3383 0.1988 21.003206 105.6630144 20190810030311 
1 -0.2568 0.1801 0.2255 21.003206 105.6630144 20190810030311 
1 0.5309 0.6143 -0.6833 21.003206 105.6630144 20190810030311 
1 -0.0181 0.3309 -0.6142 21.003206 105.6630144 20190810030311 
1 0.5342 0.1345 0.2117 21.003206 105.6630144 20190810030311 
1 0.2325 0.8512 -1.3876 21.003206 105.6630144 20190810030311 
1 1.5024 0.0736 -0.4357 21.003206 105.6630144 20190810030311 
1 -0.3137 -1.4051 0.9677 21.003206 105.6630144 20190810030311 
1 -0.0139 -0.4554 2.7715 21.003206 105.6630144 20190810030312 
1 0.8195 2.9227 -5.2227 21.003206 105.6630144 20190810030312 
1 0.8353 -0.7835 -1.6106 21.003206 105.6630144 20190810030312 
1 -1.3491 -1.7555 2.7359 21.003206 105.6630144 20190810030312 
1 1.4509 2.0639 0.5918 21.003206 105.6630144 20190810030312 
1 0.0858 1.1733 -0.7487 21.003206 105.6630144 20190810030312 
1 -0.3925 -0.2597 3.5144 21.003206 105.6630144 20190810030312 
1 -0.3388 1.7404 -2.4102 21.003206 105.6630144 20190810030312 
1 0.1498 -1.2390 -4.6618 21.003206 105.6630144 20190810030312 
1 0.1433 1.1896 -2.3055 21.003206 105.6630144 20190810030312 
1 -1.6937 1.6521 -1.5084 21.003206 105.6630144 20190810030312 
1 -0.3003 -0.8415 -2.4278 21.003206 105.6630144 20190810030312 
1 -0.2012 0.4503 -3.2311 21.003206 105.6630144 20190810030312 
1 0.6653 0.4312 -4.4315 21.003206 105.6630144 20190810030312 
1 -0.4183 0.1063 -2.7681 21.003206 105.6630144 20190810030312 
1 -0.8299 0.9232 -1.8987 21.003206 105.6630144 20190810030312 
1 0.5325 -0.1129 -2.5192 21.003206 105.6630144 20190810030312 
1 -0.0124 0.1561 -1.9879 21.003206 105.6630144 20190810030312 
1 -0.1175 0.3941 -0.5449 21.003206 105.6630144 20190810030312 
1 -0.2732 0.0608 0.1501 21.003206 105.6630144 20190810030312 
1 -0.0316 0.7089 -0.5516 21.003206 105.6630144 20190810030312 
1 0.6740 0.6316 -0.9240 21.003206 105.6630144 20190810030312 
1 -0.3510 -0.0401 1.2421 21.003206 105.6630144 20190810030312 
1 0.0919 0.6410 1.3475 21.003206 105.6630144 20190810030312 
1 -0.2166 0.3402 0.2116 21.003206 105.6630144 20190810030312 
1 0.0077 0.6180 0.1464 21.003206 105.6630144 20190810030312 
1 0.2050 0.3366 0.9884 21.003206 105.6630144 20190810030312 
1 -0.1694 0.2011 0.5425 21.003206 105.6630144 20190810030312 
1 -0.3834 0.5209 0.7455 21.003206 105.6630144 20190810030312 
1 0.4923 0.4359 0.9894 21.003206 105.6630144 20190810030312 
1 -0.9906 0.2752 1.1638 21.003206 105.6630144 20190810030312 
1 -0.4435 1.5025 -2.5178 21.003206 105.6630144 20190810030312 
1 -0.7924 -0.9488 0.6953 21.003206 105.6630144 20190810030312 
1 -0.0914 -0.8903 4.0625 21.003206 105.6630144 20190810030312 
1 -0.7320 1.6593 0.4550 21.003206 105.6630144 20190810030312 
1 -0.7189 0.0279 -0.2542 21.003206 105.6630144 20190810030312 
1 -0.6017 -1.6407 3.4703 21.003206 105.6630144 20190810030312 
1 0.3259 0.3322 -1.1580 21.003206 105.6630144 20190810030312 
1 0.5065 0.5361 0.4853 21.003206 105.6630144 20190810030312 
1 -1.1052 -0.8461 7.3464 21.003206 105.6630144 20190810030312 
1 0.6630 0.6102 4.1325 21.0031954 105.6628065 20190810030312 
1 0.4856 0.1435 1.5086 21.0031954 105.6628065 20190810030312 
1 0.3716 0.1364 4.5730 21.0031954 105.6628065 20190810030312 
1 0.2094 1.1270 3.9128 21.0031954 105.6628065 20190810030312 
1 0.1252 0.2408 2.2627 21.0031954 105.6628065 20190810030312 
1 0.3248 0.3721 2.4457 21.0031954 105.6628065 20190810030312 
1 0.2301 0.6601 1.4284 21.0031954 105.6628065 20190810030312 
1 -0.2839 0.4355 1.0736 21.0031954 105.6628065 20190810030312 
1 0.1900 0.6121 0.2243 21.0031954 105.6628065 20190810030312 
1 -0.3493 0.2306 -1.1906 21.0031954 105.6628065 20190810030313 
1 -0.5015 0.0161 -0.9119 21.0031954 105.6628065 20190810030313 
1 0.0016 0.2513 -0.6956 21.0031954 105.6628065 20190810030313 
1 -0.2575 0.1330 -1.6517 21.0031954 105.6628065 20190810030313 
1 -0.0826 0.1713 -1.8645 21.0031954 105.6628065 20190810030313 
1 -0.2195 0.0079 -1.4679 21.0031954 105.6628065 20190810030313 
1 -0.0781 0.1368 -0.8932 21.0031954 105.6628065 20190810030313 
1 -0.0770 0.1968 -0.7755 21.0031954 105.6628065 20190810030313 
1 -0.3413 0.0962 -1.1070 21.0031954 105.6628065 20190810030313 
1 -0.2601 0.2057 -0.8563 21.0031954 105.6628065 20190810030313 
1 -0.0200 0.3979 -0.9326 21.0031954 105.6628065 20190810030313 
1 -0.4553 0.1166 -0.5042 21.0031954 105.6628065 20190810030313 
1 -0.0189 0.2995 -0.4300 21.0031954 105.6628065 20190810030313 
1 0.0065 0.0349 0.0059 21.0031954 105.6628065 20190810030313 
1 -0.2384 -0.0435 0.2651 21.0031954 105.6628065 20190810030313 
1 -0.2759 0.2633 -0.1755 21.0031954 105.6628065 20190810030313 
1 0.2417 0.3351 -0.7442 21.0031954 105.6628065 20190810030313 
1 -0.2782 0.0605 0.0687 21.0031954 105.6628065 20190810030313 
1 -0.0963 0.1204 -0.0506 21.0031954 105.6628065 20190810030313 
1 0.1562 0.1251 -0.0093 21.0031954 105.6628065 20190810030313 
1 0.1884 0.3394 0.4694 21.0031954 105.6628065 20190810030313 
1 -0.0694 0.2367 0.2622 21.0031954 105.6628065 20190810030313 
1 0.0019 -0.0048 0.0220 21.0031954 105.6628065 20190810030313 
1 0.1615 0.0842 0.0622 21.0031954 105.6628065 20190810030313 
1 -0.0348 0.3473 0.2899 21.0031954 105.6628065 20190810030313 
1 0.1318 0.3120 -0.1225 21.0031954 105.6628065 20190810030313 
1 -0.2172 -0.2061 1.7728 21.0031954 105.6628065 20190810030313 
1 0.2828 0.1032 1.0207 21.0031954 105.6628065 20190810030313 
1 -0.2378 0.2461 -1.2332 21.0031954 105.6628065 20190810030313 
