1 0.1128 -0.1370 -0.4015 21.00576 105.7663583 20190810025417 
1 0.1043 -0.2662 -0.5268 21.00576 105.7663583 20190810025417 
1 0.2550 -0.2783 -0.3223 21.00576 105.7663583 20190810025417 
1 -0.1895 -0.1836 0.1656 21.00576 105.7663583 20190810025417 
1 -0.0430 -0.2462 0.4322 21.00576 105.7663583 20190810025417 
1 -0.0105 -0.2689 -0.0492 21.00576 105.7663583 20190810025417 
1 -0.1681 -0.3654 0.0886 21.00576 105.7663583 20190810025417 
1 -0.0125 -0.2560 0.2373 21.00576 105.7663583 20190810025417 
1 -0.3281 -0.2274 0.1167 21.00576 105.7663583 20190810025417 
1 0.0306 -0.1431 0.3924 21.00576 105.7663583 20190810025417 
1 -0.5452 -0.2177 0.7365 21.00576 105.7663583 20190810025417 
1 0.0183 -0.2056 0.6893 21.00576 105.7663583 20190810025417 
1 -0.1664 -0.2673 0.1194 21.0058025 105.7661668 20190810025417 
1 0.0210 0.0022 -0.0002 21.0058025 105.7661668 20190810025417 
1 0.0469 -0.0511 0.0734 21.0058025 105.7661668 20190810025417 
1 -0.0503 -0.4762 0.7636 21.0058025 105.7661668 20190810025417 
1 0.3824 -0.0890 0.2531 21.0058025 105.7661668 20190810025417 
1 -0.1588 0.1258 -0.9508 21.0058025 105.7661668 20190810025417 
1 0.4153 -0.3123 0.0358 21.0058025 105.7661668 20190810025417 
1 0.3368 -0.1821 0.1491 21.0058025 105.7661668 20190810025417 
1 0.4094 0.0402 -0.9692 21.0058025 105.7661668 20190810025417 
1 0.1632 -0.3072 -0.0970 21.0058025 105.7661668 20190810025417 
1 0.1096 -0.2506 1.0017 21.0058025 105.7661668 20190810025417 
1 0.4388 0.1266 -0.3598 21.0058025 105.7661668 20190810025417 
1 0.0637 -0.2011 -0.3058 21.0058025 105.7661668 20190810025417 
1 0.2603 -0.2982 0.6806 21.0058025 105.7661668 20190810025417 
1 -0.0033 -0.0837 -0.0753 21.0058025 105.7661668 20190810025417 
1 0.0288 -0.1157 -0.3146 21.0058025 105.7661668 20190810025417 
1 0.1717 -0.1005 0.1766 21.0058025 105.7661668 20190810025417 
1 -0.2341 -0.2521 0.2729 21.0058025 105.7661668 20190810025417 
1 0.2483 0.0619 0.0433 21.0058025 105.7661668 20190810025418 
1 -0.1912 -0.2588 -0.0377 21.0058025 105.7661668 20190810025418 
1 -0.2063 -0.0393 0.0405 21.0058025 105.7661668 20190810025418 
1 0.1356 -0.0938 0.0085 21.0058025 105.7661668 20190810025418 
1 -0.2011 -0.2379 -0.1068 21.0058025 105.7661668 20190810025418 
1 -0.0178 -0.1293 -0.0516 21.0058025 105.7661668 20190810025418 
1 -0.2119 -0.1058 -0.3493 21.0058025 105.7661668 20190810025418 
1 0.0651 -0.2546 -0.0542 21.0058025 105.7661668 20190810025418 
1 -0.1366 -0.0804 -0.0212 21.0058025 105.7661668 20190810025418 
1 -0.0258 -0.1377 -0.3219 21.0058025 105.7661668 20190810025418 
1 0.0166 -0.2156 -0.1808 21.0058025 105.7661668 20190810025418 
1 0.2983 0.2462 -0.0838 21.0058025 105.7661668 20190810025418 
1 -0.6453 -0.5737 -0.2390 21.0058025 105.7661668 20190810025418 
1 0.4897 0.1534 0.2373 21.0058025 105.7661668 20190810025418 
1 0.0341 -0.2070 -0.1517 21.0058025 105.7661668 20190810025418 
1 -0.2110 -0.2153 0.1179 21.0058025 105.7661668 20190810025418 
1 0.4955 0.0363 0.1182 21.0058025 105.7661668 20190810025418 
1 -0.0500 -0.1554 -0.2952 21.0058025 105.7661668 20190810025418 
1 0.1154 -0.1403 0.2075 21.0058025 105.7661668 20190810025418 
1 -0.1026 -0.0926 0.1094 21.0058025 105.7661668 20190810025418 
1 0.0676 -0.2063 -0.0605 21.0058025 105.7661668 20190810025418 
1 0.1403 -0.1580 0.6349 21.0058025 105.7661668 20190810025418 
1 -0.1421 0.0865 0.1458 21.0058025 105.7661668 20190810025418 
1 -0.1008 0.0046 0.2081 21.0058025 105.7661668 20190810025418 
1 0.4952 -0.0867 0.3672 21.0058025 105.7661668 20190810025418 
1 -0.5051 -0.2938 0.4070 21.0058025 105.7661668 20190810025418 
1 -0.0423 -0.0897 0.1824 21.0058025 105.7661668 20190810025418 
1 0.1614 0.0931 0.0329 21.0058025 105.7661668 20190810025418 
1 -0.2094 -0.2572 0.3267 21.0058025 105.7661668 20190810025418 
1 -0.0766 -0.2004 0.5477 21.0058025 105.7661668 20190810025418 
1 -0.2330 -0.0011 -0.0508 21.0058025 105.7661668 20190810025418 
1 -0.0246 -0.0117 -0.0943 21.0058444 105.7659794 20190810025418 
1 -0.1770 -0.0632 0.4256 21.0058444 105.7659794 20190810025418 
1 -0.4486 -0.2381 0.2337 21.0058444 105.7659794 20190810025418 
1 0.1409 -0.1217 0.1259 21.0058444 105.7659794 20190810025418 
1 -0.2267 0.0498 -0.1206 21.0058444 105.7659794 20190810025418 
1 -0.4928 -0.1133 -0.0353 21.0058444 105.7659794 20190810025418 
1 0.0045 -0.0525 -0.0623 21.0058444 105.7659794 20190810025418 
1 0.0634 -0.0864 -0.0477 21.0058444 105.7659794 20190810025418 
1 -0.2735 -0.0750 0.0504 21.0058444 105.7659794 20190810025418 
1 -0.1267 0.1235 -0.1297 21.0058444 105.7659794 20190810025418 
1 0.0627 -0.0454 -0.2551 21.0058444 105.7659794 20190810025418 
1 -0.2648 -0.1275 -0.2993 21.0058444 105.7659794 20190810025418 
1 -0.0117 -0.1830 -0.2656 21.0058444 105.7659794 20190810025418 
1 -0.0498 -0.0970 -0.3629 21.0058444 105.7659794 20190810025418 
1 -0.3979 -0.1079 -0.1952 21.0058444 105.7659794 20190810025418 
1 0.2095 0.0526 -0.3510 21.0058444 105.7659794 20190810025418 
1 -0.3675 -0.2289 -0.3334 21.0058444 105.7659794 20190810025418 
1 0.2336 -0.0178 -0.1870 21.0058444 105.7659794 20190810025418 
1 -0.4903 -0.0585 -0.2659 21.0058444 105.7659794 20190810025418 
1 0.0064 0.0928 -0.1572 21.0058444 105.7659794 20190810025419 
1 -0.1050 -0.0443 0.0425 21.0058444 105.7659794 20190810025419 
1 -0.3769 -0.0698 0.0532 21.0058444 105.7659794 20190810025419 
1 -0.2304 -0.0249 -0.4501 21.0058444 105.7659794 20190810025419 
1 0.0532 0.1163 -0.5097 21.0058444 105.7659794 20190810025419 
1 -0.2587 0.0514 -0.2049 21.0058444 105.7659794 20190810025419 
1 -0.2422 -0.0087 -0.0270 21.0058444 105.7659794 20190810025419 
1 -0.2677 0.0087 -0.4578 21.0058444 105.7659794 20190810025419 
1 0.0007 0.0625 -0.4379 21.0058444 105.7659794 20190810025419 
1 -0.4296 -0.0142 -0.2620 21.0058444 105.7659794 20190810025419 
1 -0.1444 0.0405 -0.3202 21.0058444 105.7659794 20190810025419 
1 -0.1794 -0.0781 -0.4649 21.0058444 105.7659794 20190810025419 
1 -0.0695 0.1296 -0.5064 21.0058444 105.7659794 20190810025419 
1 -0.3945 -0.1480 -0.3545 21.0058444 105.7659794 20190810025419 
1 -0.0542 -0.0425 -0.2952 21.0058444 105.7659794 20190810025419 
1 0.0858 0.1374 -0.3237 21.0058444 105.7659794 20190810025419 
1 -0.2370 -0.0224 -0.2435 21.0058444 105.7659794 20190810025419 
1 -0.1261 -0.0418 0.0072 21.0058444 105.7659794 20190810025419 
1 -0.1423 0.0178 -0.2181 21.0058444 105.7659794 20190810025419 
1 -0.0449 0.1034 -0.2041 21.0058444 105.7659794 20190810025419 
1 0.2177 0.0676 0.1052 21.0058444 105.7659794 20190810025419 
1 -0.5728 -0.1186 0.2653 21.0058444 105.7659794 20190810025419 
1 0.4524 0.1644 0.0002 21.0058444 105.7659794 20190810025419 
1 -0.3295 -0.1554 0.3351 21.0058444 105.7659794 20190810025419 
1 -0.0911 0.0912 0.3009 21.0058444 105.7659794 20190810025419 
1 0.0233 0.2503 -0.3721 21.0058444 105.7659794 20190810025419 
1 -0.0356 -0.1159 0.2888 21.0058444 105.7659794 20190810025419 
1 -0.0314 -0.0155 0.7605 21.0058444 105.7659794 20190810025419 
1 0.0522 -0.3111 1.0642 21.0058444 105.7659794 20190810025419 
1 0.0012 -0.1968 1.2733 21.0058444 105.7659794 20190810025419 
1 -0.8133 0.1376 0.6939 21.0058444 105.7659794 20190810025419 
1 0.3399 -0.1600 0.1485 21.0058444 105.7659794 20190810025419 
1 -0.2831 -0.2546 0.2112 21.0058444 105.7659794 20190810025419 
1 -0.6286 -0.1070 1.0351 21.0058912 105.7657826 20190810025419 
1 0.1858 0.3663 1.5097 21.0058912 105.7657826 20190810025419 
1 -0.2470 0.2402 0.6738 21.0058912 105.7657826 20190810025419 
1 -0.8102 -0.1555 0.9804 21.0058912 105.7657826 20190810025419 
1 -0.0040 0.0211 -0.9301 21.0058912 105.7657826 20190810025419 
1 -0.2176 0.4249 -1.4274 21.0058912 105.7657826 20190810025419 
1 0.1802 0.3969 0.0733 21.0058912 105.7657826 20190810025419 
1 -1.0577 -0.4233 1.1017 21.0058912 105.7657826 20190810025419 
1 0.1051 0.3195 -1.3590 21.0058912 105.7657826 20190810025419 
1 0.4212 -0.0363 -1.8245 21.0058912 105.7657826 20190810025419 
1 -0.2768 -0.1059 -0.2668 21.0058912 105.7657826 20190810025419 
1 -0.3424 0.1934 -0.7249 21.0058912 105.7657826 20190810025419 
1 0.2568 -0.2102 -1.4205 21.0058912 105.7657826 20190810025419 
1 0.2785 -0.1551 -0.2943 21.0058912 105.7657826 20190810025419 
1 -0.1240 0.0514 -0.0166 21.0058912 105.7657826 20190810025420 
1 0.2375 0.0322 -0.0439 21.0058912 105.7657826 20190810025420 
1 0.0631 0.0126 0.7082 21.0058912 105.7657826 20190810025420 
1 0.3774 -0.0550 0.5581 21.0058912 105.7657826 20190810025420 
1 -0.4162 -0.0080 0.1037 21.0058912 105.7657826 20190810025420 
1 -0.1862 0.0241 0.6225 21.0058912 105.7657826 20190810025420 
1 0.5340 0.4127 0.4447 21.0058912 105.7657826 20190810025420 
1 -0.5161 -0.2579 0.7223 21.0058912 105.7657826 20190810025420 
1 -0.0884 -0.0035 0.8536 21.0058912 105.7657826 20190810025420 
1 -0.1754 0.2256 -0.1003 21.0058912 105.7657826 20190810025420 
1 -0.3966 -0.0521 -0.0093 21.0058912 105.7657826 20190810025420 
1 0.0289 0.0640 0.3771 21.0058912 105.7657826 20190810025420 
1 -0.6284 -0.1808 -0.0439 21.0058912 105.7657826 20190810025420 
1 -0.0633 0.1523 -0.1463 21.0058912 105.7657826 20190810025420 
1 -0.1495 0.0348 -0.1072 21.0058912 105.7657826 20190810025420 
1 -0.6351 -0.1893 0.3362 21.0058912 105.7657826 20190810025420 
1 0.1187 0.1619 0.1044 21.0058912 105.7657826 20190810025420 
1 -0.4467 -0.0426 -0.6526 21.0058912 105.7657826 20190810025420 
1 -0.2535 -0.0392 0.2683 21.0058912 105.7657826 20190810025420 
1 -0.1432 0.0380 0.2952 21.0058912 105.7657826 20190810025420 
1 -0.1747 0.2284 -0.2763 21.0058912 105.7657826 20190810025420 
1 -0.1377 0.0392 0.1399 21.0058912 105.7657826 20190810025420 
1 -0.0954 -0.0427 0.3360 21.0058912 105.7657826 20190810025420 
1 -0.0758 0.1539 -0.0932 21.0058912 105.7657826 20190810025420 
1 -0.2642 0.1517 -0.5346 21.0058912 105.7657826 20190810025420 
1 -0.0136 0.1614 -0.6291 21.0058912 105.7657826 20190810025420 
1 0.0839 0.1377 -0.2241 21.0058912 105.7657826 20190810025420 
1 0.0567 0.0794 -0.2649 21.0058912 105.7657826 20190810025420 
1 -0.0296 0.0994 -0.5813 21.0058912 105.7657826 20190810025420 
1 -0.0675 0.0914 -0.9277 21.0058912 105.7657826 20190810025420 
1 0.3132 0.2296 -0.6423 21.0058912 105.7657826 20190810025420 
1 -0.3895 -0.1692 -0.3900 21.0058912 105.7657826 20190810025420 
1 0.0296 0.1027 -0.5727 21.0058912 105.7657826 20190810025420 
1 0.1136 0.2291 -1.2315 21.0058912 105.7657826 20190810025420 
1 -0.0022 -0.0318 -0.2184 21.0059309 105.7655867 20190810025420 
1 -0.0672 0.1218 -0.0077 21.0059309 105.7655867 20190810025420 
1 -0.0228 0.0306 -0.6253 21.0059309 105.7655867 20190810025420 
1 -0.0502 -0.1168 -0.0216 21.0059309 105.7655867 20190810025420 
1 -0.3273 0.1433 0.2816 21.0059309 105.7655867 20190810025420 
1 0.0506 0.0624 0.1138 21.0059309 105.7655867 20190810025420 
1 -0.0857 0.0307 -0.2896 21.0059309 105.7655867 20190810025420 
1 -0.0274 -0.0310 0.3613 21.0059309 105.7655867 20190810025420 
1 0.0109 0.0057 0.5618 21.0059309 105.7655867 20190810025420 
1 -0.2347 0.1665 0.5552 21.0059309 105.7655867 20190810025420 
1 -0.1013 0.0939 0.4892 21.0059309 105.7655867 20190810025420 
1 0.0251 -0.0789 0.9915 21.0059309 105.7655867 20190810025420 
1 0.0038 0.0144 0.7634 21.0059309 105.7655867 20190810025420 
1 -0.1670 -0.1129 0.5872 21.0059309 105.7655867 20190810025420 
1 -0.1498 0.0981 0.4741 21.0059309 105.7655867 20190810025420 
1 -0.1661 0.2026 -0.0693 21.0059309 105.7655867 20190810025420 
1 0.1348 -0.0087 -0.1597 21.0059309 105.7655867 20190810025420 
1 -0.2169 -0.1177 0.3244 21.0059309 105.7655867 20190810025420 
1 0.1340 0.4171 -0.4344 21.0059309 105.7655867 20190810025421 
1 -0.0124 0.1600 -0.2703 21.0059309 105.7655867 20190810025421 
1 -0.4348 -0.1117 0.7323 21.0059309 105.7655867 20190810025421 
1 -0.0308 0.0920 -0.6640 21.0059309 105.7655867 20190810025421 
1 -0.0592 0.1519 -1.3348 21.0059309 105.7655867 20190810025421 
1 0.0979 0.1025 -0.2494 21.0059309 105.7655867 20190810025421 
1 -0.1578 0.0180 -0.1032 21.0059309 105.7655867 20190810025421 
1 0.0188 0.0077 -0.7105 21.0059309 105.7655867 20190810025421 
1 0.1797 0.1010 -0.4525 21.0059309 105.7655867 20190810025421 
1 -0.1907 0.0624 0.0661 21.0059309 105.7655867 20190810025421 
1 -0.2832 0.0318 0.2716 21.0059309 105.7655867 20190810025421 
1 0.3948 0.1016 0.2956 21.0059309 105.7655867 20190810025421 
1 -0.0743 0.0079 0.2033 21.0059309 105.7655867 20190810025421 
1 -0.1272 -0.0327 0.3975 21.0059309 105.7655867 20190810025421 
1 0.0671 -0.1002 0.5518 21.0059309 105.7655867 20190810025421 
1 0.1193 -0.0256 0.8701 21.0059309 105.7655867 20190810025421 
1 -0.4272 0.0390 1.1454 21.0059309 105.7655867 20190810025421 
1 -0.2090 -0.1059 0.9100 21.0059309 105.7655867 20190810025421 
1 0.1864 -0.1410 1.2209 21.0059309 105.7655867 20190810025421 
1 -0.1403 0.1325 1.1893 21.0059309 105.7655867 20190810025421 
1 -0.0758 0.0759 0.6873 21.0059309 105.7655867 20190810025421 
1 -0.1434 -0.0766 1.1502 21.0059309 105.7655867 20190810025421 
1 -0.1790 -0.0534 1.3233 21.0059309 105.7655867 20190810025421 
1 0.1004 0.0915 -0.0536 21.0059309 105.7655867 20190810025421 
1 -0.2644 0.0549 0.0822 21.0059309 105.7655867 20190810025421 
1 0.1484 0.1642 0.5169 21.0059309 105.7655867 20190810025421 
1 0.0681 -0.0550 0.3929 21.0059309 105.7655867 20190810025421 
1 -0.4088 -0.0717 0.2969 21.0059309 105.7655867 20190810025421 
1 0.2224 0.3310 -0.5685 21.0059309 105.7655867 20190810025421 
1 -0.2938 0.0031 -0.3747 21.0059309 105.7655867 20190810025421 
1 -0.0775 -0.0260 0.0885 21.0059309 105.7655867 20190810025421 
1 0.2890 0.1435 -0.7699 21.0059309 105.7655867 20190810025421 
1 -0.2706 0.0766 -0.0145 21.0059717 105.7653859 20190810025421 
1 -0.0625 -0.0245 0.8001 21.0059717 105.7653859 20190810025421 
1 -0.2128 0.1884 -0.9697 21.0059717 105.7653859 20190810025421 
1 -0.0585 0.0381 -0.7595 21.0059717 105.7653859 20190810025421 
1 0.1990 -0.0322 -0.1604 21.0059717 105.7653859 20190810025421 
1 -0.0672 0.1415 -0.8789 21.0059717 105.7653859 20190810025421 
1 -0.0390 -0.0219 -0.3878 21.0059717 105.7653859 20190810025421 
1 0.1611 0.2121 -0.0365 21.0059717 105.7653859 20190810025421 
1 -0.4234 -0.0902 -0.2768 21.0059717 105.7653859 20190810025421 
1 0.3139 0.0643 -0.0961 21.0059717 105.7653859 20190810025421 
1 -0.0956 0.1261 -0.6030 21.0059717 105.7653859 20190810025421 
1 0.3095 0.1161 -0.7126 21.0059717 105.7653859 20190810025421 
1 0.0366 -0.1585 0.6794 21.0059717 105.7653859 20190810025421 
1 0.2559 -0.0283 0.2592 21.0059717 105.7653859 20190810025421 
1 -0.1370 -0.0744 -0.1097 21.0059717 105.7653859 20190810025421 
1 -0.0420 0.0420 0.0307 21.0059717 105.7653859 20190810025421 
1 -0.0472 0.0597 0.5238 21.0059717 105.7653859 20190810025421 
1 0.3092 0.0016 0.5031 21.0059717 105.7653859 20190810025422 
1 -0.0545 -0.0420 0.2548 21.0059717 105.7653859 20190810025422 
1 -0.1060 -0.0661 0.7224 21.0059717 105.7653859 20190810025422 
1 -0.1577 -0.0561 0.5998 21.0059717 105.7653859 20190810025422 
1 0.0260 0.0298 0.5720 21.0059717 105.7653859 20190810025422 
1 -0.1343 -0.1238 0.6949 21.0059717 105.7653859 20190810025422 
1 -0.1160 -0.0073 0.3522 21.0059717 105.7653859 20190810025422 
1 -0.0294 -0.1036 0.5187 21.0059717 105.7653859 20190810025422 
1 -0.0808 0.0047 0.4707 21.0059717 105.7653859 20190810025422 
1 -0.1450 0.0549 0.4697 21.0059717 105.7653859 20190810025422 
1 -0.0941 0.0136 0.2555 21.0059717 105.7653859 20190810025422 
1 0.0927 -0.0049 0.1914 21.0059717 105.7653859 20190810025422 
1 0.2204 0.0169 0.1005 21.0059717 105.7653859 20190810025422 
1 -0.0662 0.0483 0.0672 21.0059717 105.7653859 20190810025422 
1 -0.0058 0.0931 0.0574 21.0059717 105.7653859 20190810025422 
1 0.1278 -0.0441 0.2114 21.0059717 105.7653859 20190810025422 
1 0.0999 -0.1577 0.1045 21.0059717 105.7653859 20190810025422 
1 -0.5835 0.1707 -0.6793 21.0059717 105.7653859 20190810025422 
1 1.1511 0.2034 -0.1731 21.0059717 105.7653859 20190810025422 
1 -0.9698 -0.2311 -0.0727 21.0059717 105.7653859 20190810025422 
1 1.1455 0.0618 0.2443 21.0059717 105.7653859 20190810025422 
1 -0.5547 -0.0134 -0.4059 21.0059717 105.7653859 20190810025422 
1 0.3150 0.1141 0.2048 21.0059717 105.7653859 20190810025422 
1 0.0053 0.1074 -0.2957 21.0059717 105.7653859 20190810025422 
1 0.2224 -0.1339 -0.2129 21.0059717 105.7653859 20190810025422 
1 0.3131 -0.0795 -0.0326 21.0059717 105.7653859 20190810025422 
1 -0.0632 0.1662 -0.1548 21.0059717 105.7653859 20190810025422 
1 0.1484 0.0048 -0.1185 21.0059717 105.7653859 20190810025422 
1 0.1161 -0.0568 0.2609 21.0059717 105.7653859 20190810025422 
1 0.1714 -0.1314 0.0166 21.0059717 105.7653859 20190810025422 
1 -0.1657 0.0050 -0.3793 21.0059717 105.7653859 20190810025422 
1 0.1481 0.1031 -0.0216 21.0059717 105.7653859 20190810025422 
1 -0.0652 -0.0042 0.1945 21.006011 105.7651859 20190810025422 
1 0.0913 -0.0379 -0.0245 21.006011 105.7651859 20190810025422 
1 0.0587 -0.0889 -0.0494 21.006011 105.7651859 20190810025422 
1 -0.2051 0.0037 0.1197 21.006011 105.7651859 20190810025422 
1 0.1195 0.1151 0.1678 21.006011 105.7651859 20190810025422 
1 0.0077 0.0381 -0.0892 21.006011 105.7651859 20190810025422 
1 -0.3104 -0.2250 0.1390 21.006011 105.7651859 20190810025422 
1 0.2523 0.0938 -0.1173 21.006011 105.7651859 20190810025422 
1 -0.1787 0.1356 -0.5171 21.006011 105.7651859 20190810025422 
1 -0.0900 -0.0197 -0.1846 21.006011 105.7651859 20190810025422 
1 0.1813 0.0535 -0.0822 21.006011 105.7651859 20190810025422 
1 0.0542 -0.0594 -0.3475 21.006011 105.7651859 20190810025422 
1 -0.0201 0.0099 -0.5294 21.006011 105.7651859 20190810025422 
1 0.0893 0.1343 -0.3609 21.006011 105.7651859 20190810025422 
1 0.1036 -0.0064 -0.3065 21.006011 105.7651859 20190810025422 
1 0.2428 -0.0048 -0.3421 21.006011 105.7651859 20190810025422 
1 0.1126 -0.0331 -0.5246 21.006011 105.7651859 20190810025422 
1 0.1217 -0.0188 -0.2862 21.006011 105.7651859 20190810025422 
1 0.1866 0.1094 -0.1005 21.006011 105.7651859 20190810025423 
1 0.0910 -0.0734 0.0530 21.006011 105.7651859 20190810025423 
1 0.2544 -0.1356 0.2525 21.006011 105.7651859 20190810025423 
1 0.2850 0.0263 0.4235 21.006011 105.7651859 20190810025423 
1 -0.0728 0.0484 0.0139 21.006011 105.7651859 20190810025423 
1 0.3257 -0.0512 0.5024 21.006011 105.7651859 20190810025423 
1 0.0954 -0.0214 0.5950 21.006011 105.7651859 20190810025423 
1 0.2261 -0.0175 0.4917 21.006011 105.7651859 20190810025423 
1 -0.1502 -0.0270 0.4548 21.006011 105.7651859 20190810025423 
1 -0.0639 -0.0749 1.0420 21.006011 105.7651859 20190810025423 
1 0.1226 0.0320 0.4497 21.006011 105.7651859 20190810025423 
1 -0.0719 -0.0388 0.3438 21.006011 105.7651859 20190810025423 
1 0.2172 -0.1194 0.5832 21.006011 105.7651859 20190810025423 
1 0.0373 -0.1002 0.6179 21.006011 105.7651859 20190810025423 
1 -0.1369 0.0709 0.0171 21.006011 105.7651859 20190810025423 
1 0.0520 -0.1375 0.8618 21.006011 105.7651859 20190810025423 
1 0.1142 -0.0262 0.6269 21.006011 105.7651859 20190810025423 
1 0.0982 0.1559 -0.2654 21.006011 105.7651859 20190810025423 
1 0.0489 -0.1695 0.4278 21.006011 105.7651859 20190810025423 
1 0.4312 -0.0174 0.4315 21.006011 105.7651859 20190810025423 
1 0.1619 0.1176 -0.6635 21.006011 105.7651859 20190810025423 
1 0.0046 -0.1424 -0.0219 21.006011 105.7651859 20190810025423 
1 0.2982 -0.2161 0.6871 21.006011 105.7651859 20190810025423 
1 0.2953 0.1868 0.0276 21.006011 105.7651859 20190810025423 
1 0.2049 0.0126 0.1395 21.006011 105.7651859 20190810025423 
1 -0.1249 -0.1773 0.3436 21.006011 105.7651859 20190810025423 
1 0.5375 -0.0050 0.0756 21.006011 105.7651859 20190810025423 
1 0.0159 -0.0081 -0.6019 21.006011 105.7651859 20190810025423 
1 -0.0402 -0.2050 0.1446 21.006011 105.7651859 20190810025423 
1 0.3538 0.0878 0.1408 21.006011 105.7651859 20190810025423 
1 -0.0495 -0.0393 0.1051 21.006011 105.7651859 20190810025423 
1 0.1303 -0.1243 0.0624 21.006011 105.7651859 20190810025423 
1 0.0591 -0.1273 0.1426 21.0060539 105.7649835 20190810025423 
1 0.2410 0.0267 -0.2320 21.0060539 105.7649835 20190810025423 
1 -0.1826 0.0608 -0.4721 21.0060539 105.7649835 20190810025423 
1 0.0992 -0.1827 -0.1196 21.0060539 105.7649835 20190810025423 
1 0.1417 -0.1403 0.5111 21.0060539 105.7649835 20190810025423 
1 -0.0456 0.0059 0.2624 21.0060539 105.7649835 20190810025423 
1 -0.0066 0.0782 -0.2347 21.0060539 105.7649835 20190810025423 
1 0.0248 -0.1087 0.2840 21.0060539 105.7649835 20190810025423 
1 0.1129 -0.2665 0.4302 21.0060539 105.7649835 20190810025423 
1 -0.3433 -0.0297 -0.6521 21.0060539 105.7649835 20190810025423 
1 0.0952 0.0987 -0.4902 21.0060539 105.7649835 20190810025423 
1 0.2857 -0.0015 0.4257 21.0060539 105.7649835 20190810025423 
1 -0.3070 -0.2197 0.4362 21.0060539 105.7649835 20190810025423 
1 0.5163 0.0523 -0.2471 21.0060539 105.7649835 20190810025423 
1 0.0823 0.0093 -0.1837 21.0060539 105.7649835 20190810025423 
1 -0.1453 -0.1142 0.1804 21.0060539 105.7649835 20190810025423 
1 0.1240 -0.0697 -0.5506 21.0060539 105.7649835 20190810025423 
1 0.1877 -0.1967 -0.4933 21.0060539 105.7649835 20190810025424 
1 0.1600 -0.1847 0.4887 21.0060539 105.7649835 20190810025424 
1 -0.0639 -0.0065 0.3055 21.0060539 105.7649835 20190810025424 
1 0.5794 0.0280 0.3100 21.0060539 105.7649835 20190810025424 
1 -0.0518 -0.1322 0.5198 21.0060539 105.7649835 20190810025424 
1 0.0265 0.0015 0.4676 21.0060539 105.7649835 20190810025424 
1 -0.2338 -0.3178 0.4737 21.0060539 105.7649835 20190810025424 
1 0.3240 0.1075 0.6151 21.0060539 105.7649835 20190810025424 
1 -0.0652 0.0086 0.3918 21.0060539 105.7649835 20190810025424 
1 -0.0659 -0.2200 0.6948 21.0060539 105.7649835 20190810025424 
1 0.1240 -0.1408 0.4409 21.0060539 105.7649835 20190810025424 
1 -0.0920 0.0175 -0.3234 21.0060539 105.7649835 20190810025424 
1 -0.1750 -0.0595 0.0213 21.0060539 105.7649835 20190810025424 
1 0.0647 -0.0170 0.2858 21.0060539 105.7649835 20190810025424 
1 0.0164 -0.1145 0.2376 21.0060539 105.7649835 20190810025424 
1 0.0460 0.0533 0.1183 21.0060539 105.7649835 20190810025424 
1 -0.0130 0.0719 -0.2638 21.0060539 105.7649835 20190810025424 
1 -0.0831 0.1007 -0.2487 21.0060539 105.7649835 20190810025424 
1 0.0283 -0.2065 0.0835 21.0060539 105.7649835 20190810025424 
1 0.0543 -0.1310 -0.4511 21.0060539 105.7649835 20190810025424 
1 0.1002 0.1313 -0.9224 21.0060539 105.7649835 20190810025424 
1 -0.0155 -0.2022 -0.2517 21.0060539 105.7649835 20190810025424 
1 0.2335 0.0852 -0.4324 21.0060539 105.7649835 20190810025424 
1 -0.0301 -0.0725 -1.0984 21.0060539 105.7649835 20190810025424 
1 0.2216 -0.1474 -0.6819 21.0060539 105.7649835 20190810025424 
1 -0.2749 -0.0623 -0.5476 21.0060539 105.7649835 20190810025424 
1 0.3180 0.0389 -0.8010 21.0060539 105.7649835 20190810025424 
1 0.1379 -0.0874 -0.6784 21.0060539 105.7649835 20190810025424 
1 -0.1132 -0.2575 -0.1398 21.0060539 105.7649835 20190810025424 
1 -0.0382 -0.1962 -0.3077 21.0060539 105.7649835 20190810025424 
1 0.0516 0.0952 -0.6029 21.0060539 105.7649835 20190810025424 
1 0.0875 -0.2845 0.3175 21.0060966 105.764781 20190810025424 
1 -0.2241 -0.3893 0.7806 21.0060966 105.764781 20190810025424 
1 0.4157 -0.1922 0.5164 21.0060966 105.764781 20190810025424 
1 -0.1577 0.3505 -1.0744 21.0060966 105.764781 20190810025424 
1 -0.0135 -0.4599 0.5490 21.0060966 105.764781 20190810025424 
1 0.1496 0.0336 0.3249 21.0060966 105.764781 20190810025424 
1 -0.0266 0.2164 -0.3331 21.0060966 105.764781 20190810025424 
1 0.1552 -0.0252 1.0028 21.0060966 105.764781 20190810025424 
1 -0.1665 -0.1408 1.3229 21.0060966 105.764781 20190810025424 
1 -0.4219 0.1450 -0.8750 21.0060966 105.764781 20190810025424 
1 0.5070 0.0814 -1.6157 21.0060966 105.764781 20190810025424 
1 -0.0535 -0.2266 -1.1803 21.0060966 105.764781 20190810025424 
1 -0.5709 -0.0276 -0.6924 21.0060966 105.764781 20190810025424 
1 -0.0048 -0.0269 -0.9690 21.0060966 105.764781 20190810025424 
1 -0.0188 0.0250 -1.1437 21.0060966 105.764781 20190810025424 
1 -0.2699 -0.1765 -0.5268 21.0060966 105.764781 20190810025424 
1 0.0016 -0.1449 -0.3894 21.0060966 105.764781 20190810025424 
1 -0.2606 0.0937 -0.9502 21.0060966 105.764781 20190810025424 
1 -0.0078 -0.1073 -0.5773 21.0060966 105.764781 20190810025425 
1 -0.3242 -0.1750 0.0319 21.0060966 105.764781 20190810025425 
1 -0.2346 0.0180 -0.1041 21.0060966 105.764781 20190810025425 
1 -0.0697 -0.0403 -0.3397 21.0060966 105.764781 20190810025425 
1 -0.2589 -0.1296 0.2070 21.0060966 105.764781 20190810025425 
1 -0.0828 -0.0437 0.5989 21.0060966 105.764781 20190810025425 
1 -0.2391 -0.0379 0.3532 21.0060966 105.764781 20190810025425 
1 0.0024 -0.2290 0.5675 21.0060966 105.764781 20190810025425 
1 -0.2441 -0.0505 0.3633 21.0060966 105.764781 20190810025425 
1 -0.0101 -0.0971 0.4953 21.0060966 105.764781 20190810025425 
1 -0.1286 -0.0874 0.8400 21.0060966 105.764781 20190810025425 
1 -0.1310 -0.0541 0.7387 21.0060966 105.764781 20190810025425 
1 -0.1444 -0.2125 0.7217 21.0060966 105.764781 20190810025425 
1 0.0305 -0.0894 0.8424 21.0060966 105.764781 20190810025425 
1 -0.3578 -0.0519 0.4832 21.0060966 105.764781 20190810025425 
1 -0.0380 0.0057 0.2285 21.0060966 105.764781 20190810025425 
1 0.1635 -0.3069 0.9371 21.0060966 105.764781 20190810025425 
1 -0.3147 -0.0684 0.7976 21.0060966 105.764781 20190810025425 
1 -0.1836 -0.0320 0.2785 21.0060966 105.764781 20190810025425 
1 -0.0004 0.1413 -0.1708 21.0060966 105.764781 20190810025425 
1 -0.2595 -0.2635 0.8166 21.0060966 105.764781 20190810025425 
1 -0.1461 -0.1389 0.3925 21.0060966 105.764781 20190810025425 
1 -0.4413 0.0032 -0.1107 21.0060966 105.764781 20190810025425 
1 -0.0658 -0.1249 0.2705 21.0060966 105.764781 20190810025425 
1 -0.0697 -0.0532 0.3793 21.0060966 105.764781 20190810025425 
1 -0.2953 -0.1749 -0.3873 21.0060966 105.764781 20190810025425 
1 -0.1105 -0.1576 -0.2995 21.0060966 105.764781 20190810025425 
1 -0.0482 -0.0687 0.1408 21.0060966 105.764781 20190810025425 
1 -0.5324 -0.1492 0.3554 21.0060966 105.764781 20190810025425 
1 0.0631 0.0573 -0.1099 21.0060966 105.764781 20190810025425 
1 -0.1152 -0.2349 -0.2863 21.0060966 105.764781 20190810025425 
1 -0.0737 -0.0415 -0.1070 21.0060966 105.764781 20190810025425 
1 -0.3980 -0.1565 0.0364 21.006136 105.7645801 20190810025425 
1 0.1649 0.0208 -0.3569 21.006136 105.7645801 20190810025425 
1 -0.3421 -0.2412 -0.2585 21.006136 105.7645801 20190810025425 
1 0.1909 -0.0244 0.0810 21.006136 105.7645801 20190810025425 
1 -0.2477 -0.1957 0.1727 21.006136 105.7645801 20190810025425 
1 -0.0026 -0.0683 0.2523 21.006136 105.7645801 20190810025425 
1 -0.0459 -0.0982 0.3337 21.006136 105.7645801 20190810025425 
1 -0.2364 -0.1359 0.1450 21.006136 105.7645801 20190810025425 
1 -0.0636 -0.1302 0.3222 21.006136 105.7645801 20190810025425 
1 -0.0615 -0.1282 0.4093 21.006136 105.7645801 20190810025425 
1 -0.0386 0.0135 0.3840 21.006136 105.7645801 20190810025425 
1 -0.2751 0.0011 0.0312 21.006136 105.7645801 20190810025425 
1 -0.1298 -0.2126 0.0959 21.006136 105.7645801 20190810025425 
1 0.1779 -0.0299 -0.0530 21.006136 105.7645801 20190810025425 
1 -0.4732 -0.0195 -0.4342 21.006136 105.7645801 20190810025425 
1 0.0573 -0.0165 -0.0945 21.006136 105.7645801 20190810025425 
1 -0.1896 -0.0133 0.0680 21.006136 105.7645801 20190810025425 
1 -0.2249 -0.0449 0.0917 21.006136 105.7645801 20190810025426 
1 -0.1100 0.0818 -0.5951 21.006136 105.7645801 20190810025426 
1 -0.0731 -0.0521 -0.5861 21.006136 105.7645801 20190810025426 
1 0.0179 0.1215 -0.5610 21.006136 105.7645801 20190810025426 
1 -0.0868 0.0289 -0.8488 21.006136 105.7645801 20190810025426 
1 -0.0942 -0.1108 -0.7253 21.006136 105.7645801 20190810025426 
1 -0.0159 0.1921 -0.6230 21.006136 105.7645801 20190810025426 
1 -0.0952 -0.0071 -0.5132 21.006136 105.7645801 20190810025426 
1 -0.1343 0.0231 -0.4153 21.006136 105.7645801 20190810025426 
1 0.1834 0.0992 -0.7386 21.006136 105.7645801 20190810025426 
1 -0.1698 0.0339 -0.7283 21.006136 105.7645801 20190810025426 
1 -0.1572 0.0147 -0.3624 21.006136 105.7645801 20190810025426 
1 0.2901 0.0710 -0.6313 21.006136 105.7645801 20190810025426 
1 -0.3089 -0.0134 -0.3600 21.006136 105.7645801 20190810025426 
1 0.1353 0.0026 -0.2309 21.006136 105.7645801 20190810025426 
1 -0.2261 -0.0981 -0.3234 21.006136 105.7645801 20190810025426 
1 0.3453 0.0902 -0.1255 21.006136 105.7645801 20190810025426 
1 -0.0936 -0.1085 -0.0916 21.006136 105.7645801 20190810025426 
1 -0.0412 -0.0528 0.0992 21.006136 105.7645801 20190810025426 
1 0.3965 0.1258 0.2538 21.006136 105.7645801 20190810025426 
1 0.0796 -0.0044 0.3299 21.006136 105.7645801 20190810025426 
1 0.0874 -0.0230 0.5230 21.006136 105.7645801 20190810025426 
1 0.4277 0.1559 0.3479 21.006136 105.7645801 20190810025426 
1 0.2215 -0.0863 0.6233 21.006136 105.7645801 20190810025426 
1 -0.2091 -0.0313 0.6227 21.006136 105.7645801 20190810025426 
1 0.2569 0.0970 0.1576 21.006136 105.7645801 20190810025426 
1 0.5010 0.0648 0.3891 21.006136 105.7645801 20190810025426 
1 -0.3217 -0.1930 0.7682 21.006136 105.7645801 20190810025426 
1 0.2601 0.1000 -0.0640 21.006136 105.7645801 20190810025426 
1 -0.0100 -0.0426 0.1917 21.006136 105.7645801 20190810025426 
1 -0.1280 -0.0225 0.9165 21.006136 105.7645801 20190810025426 
1 -0.1011 0.1053 -0.1016 21.006136 105.7645801 20190810025426 
1 0.1470 -0.0209 -0.3318 21.0061798 105.7643807 20190810025426 
1 0.1185 -0.0056 0.5700 21.0061798 105.7643807 20190810025426 
1 -0.1850 0.0400 0.2245 21.0061798 105.7643807 20190810025426 
1 -0.0828 0.0086 -0.2526 21.0061798 105.7643807 20190810025426 
1 0.3380 0.0673 -0.1670 21.0061798 105.7643807 20190810025426 
1 0.0328 -0.0826 0.0781 21.0061798 105.7643807 20190810025426 
1 -0.0496 0.0377 0.0243 21.0061798 105.7643807 20190810025426 
1 0.2754 0.0961 -0.0220 21.0061798 105.7643807 20190810025426 
1 0.0931 0.0743 0.0301 21.0061798 105.7643807 20190810025426 
1 0.0647 -0.0786 0.2148 21.0061798 105.7643807 20190810025426 
1 0.2447 0.0636 -0.2326 21.0061798 105.7643807 20190810025426 
1 0.1617 0.0552 -0.2922 21.0061798 105.7643807 20190810025426 
1 0.2212 0.0241 0.2050 21.0061798 105.7643807 20190810025426 
1 0.0488 -0.0172 0.3291 21.0061798 105.7643807 20190810025426 
1 0.2455 0.0820 0.1214 21.0061798 105.7643807 20190810025426 
1 0.0856 0.0831 -0.0388 21.0061798 105.7643807 20190810025426 
1 -0.0757 -0.0377 -0.1225 21.0061798 105.7643807 20190810025426 
1 0.1697 0.0638 0.2487 21.0061798 105.7643807 20190810025426 
1 0.0524 0.0209 0.0445 21.0061798 105.7643807 20190810025426 
1 0.2028 0.0183 -0.2605 21.0061798 105.7643807 20190810025427 
1 0.0325 0.0526 -0.3965 21.0061798 105.7643807 20190810025427 
1 0.0526 0.0547 -0.2184 21.0061798 105.7643807 20190810025427 
1 0.2058 0.0960 -0.2736 21.0061798 105.7643807 20190810025427 
1 -0.0324 0.0970 -0.4094 21.0061798 105.7643807 20190810025427 
1 0.3208 0.0518 -0.3368 21.0061798 105.7643807 20190810025427 
1 -0.3292 -0.0985 -0.4710 21.0061798 105.7643807 20190810025427 
1 0.5004 0.0915 -0.5644 21.0061798 105.7643807 20190810025427 
1 -0.0268 -0.0370 -0.6298 21.0061798 105.7643807 20190810025427 
1 0.0760 0.0807 -0.4866 21.0061798 105.7643807 20190810025427 
1 -0.0394 -0.0843 -0.1715 21.0061798 105.7643807 20190810025427 
1 0.2311 0.0548 -0.0205 21.0061798 105.7643807 20190810025427 
1 0.0848 0.0585 -0.1802 21.0061798 105.7643807 20190810025427 
1 -0.2711 -0.0852 0.0798 21.0061798 105.7643807 20190810025427 
1 0.2836 0.1053 -0.1797 21.0061798 105.7643807 20190810025427 
1 0.2220 -0.0457 0.0825 21.0061798 105.7643807 20190810025427 
1 -0.1896 -0.0381 0.0406 21.0061798 105.7643807 20190810025427 
1 0.3174 0.0880 -0.1599 21.0061798 105.7643807 20190810025427 
1 0.2411 -0.0179 0.3733 21.0061798 105.7643807 20190810025427 
1 0.0591 -0.0278 0.9848 21.0061798 105.7643807 20190810025427 
1 0.0933 -0.0034 0.0730 21.0061798 105.7643807 20190810025427 
1 0.2719 0.1752 -0.1593 21.0061798 105.7643807 20190810025427 
1 0.1476 0.0407 0.3861 21.0061798 105.7643807 20190810025427 
1 0.2896 -0.0192 0.0548 21.0061798 105.7643807 20190810025427 
1 0.0748 -0.0576 0.1117 21.0061798 105.7643807 20190810025427 
1 0.4285 0.2460 -0.0687 21.0061798 105.7643807 20190810025427 
1 -0.1588 -0.0464 0.0812 21.0061798 105.7643807 20190810025427 
1 0.1947 -0.1334 0.2241 21.0061798 105.7643807 20190810025427 
1 0.3971 0.1306 -0.6917 21.0061798 105.7643807 20190810025427 
1 -0.0931 0.1191 -0.4927 21.0061798 105.7643807 20190810025427 
1 0.0750 -0.0414 0.2879 21.0062212 105.7641767 20190810025427 
1 0.2406 0.0359 -0.1403 21.0062212 105.7641767 20190810025427 
1 0.2200 0.0847 -0.4599 21.0062212 105.7641767 20190810025427 
1 -0.0610 0.0443 -0.1559 21.0062212 105.7641767 20190810025427 
1 0.1160 -0.0007 -0.0010 21.0062212 105.7641767 20190810025427 
1 0.3927 0.1915 -0.1860 21.0062212 105.7641767 20190810025427 
1 0.3978 0.0414 -0.2814 21.0062212 105.7641767 20190810025427 
1 0.0018 -0.0435 -0.3088 21.0062212 105.7641767 20190810025427 
1 -0.0183 0.0158 0.0640 21.0062212 105.7641767 20190810025427 
1 0.4291 0.1666 -0.3807 21.0062212 105.7641767 20190810025427 
1 0.2364 0.0365 -0.1730 21.0062212 105.7641767 20190810025427 
1 0.2495 -0.1341 0.3436 21.0062212 105.7641767 20190810025427 
1 0.4100 0.2274 -0.3168 21.0062212 105.7641767 20190810025427 
1 0.2528 -0.0533 -0.0211 21.0062212 105.7641767 20190810025427 
1 -0.1864 -0.1107 0.5218 21.0062212 105.7641767 20190810025427 
1 0.2506 0.0142 0.1644 21.0062212 105.7641767 20190810025427 
1 0.0738 -0.0041 -0.1996 21.0062212 105.7641767 20190810025427 
1 0.3010 -0.0692 0.7980 21.0062212 105.7641767 20190810025427 
1 0.1909 0.0297 0.4116 21.0062212 105.7641767 20190810025427 
1 -0.1220 -0.0086 0.3758 21.0062212 105.7641767 20190810025428 
1 0.0375 -0.1645 0.7521 21.0062212 105.7641767 20190810025428 
1 -0.2082 -0.0188 0.4837 21.0062212 105.7641767 20190810025428 
1 -0.1553 0.0015 0.3344 21.0062212 105.7641767 20190810025428 
1 0.0150 -0.0790 0.4776 21.0062212 105.7641767 20190810025428 
1 0.1018 0.0058 0.5088 21.0062212 105.7641767 20190810025428 
1 -0.1179 -0.0066 0.3007 21.0062212 105.7641767 20190810025428 
1 0.0416 0.0590 0.1987 21.0062212 105.7641767 20190810025428 
1 -0.1625 -0.0473 0.0384 21.0062212 105.7641767 20190810025428 
1 0.1122 0.1272 -0.0794 21.0062212 105.7641767 20190810025428 
1 0.0722 -0.1102 -0.0741 21.0062212 105.7641767 20190810025428 
1 -0.0608 -0.0169 0.0071 21.0062212 105.7641767 20190810025428 
1 0.1789 0.0968 -0.2021 21.0062212 105.7641767 20190810025428 
1 0.1313 -0.1339 -0.0520 21.0062212 105.7641767 20190810025428 
1 0.0055 -0.0454 0.1667 21.0062212 105.7641767 20190810025428 
1 0.0852 0.0270 -0.1801 21.0062212 105.7641767 20190810025428 
1 0.2309 0.0302 -0.2315 21.0062212 105.7641767 20190810025428 
1 -0.2027 -0.1528 0.3281 21.0062212 105.7641767 20190810025428 
1 0.1997 0.0035 0.2825 21.0062212 105.7641767 20190810025428 
1 0.0929 0.1222 -0.1495 21.0062212 105.7641767 20190810025428 
1 0.0927 -0.0663 -0.0810 21.0062212 105.7641767 20190810025428 
1 0.0911 -0.0368 0.0371 21.0062212 105.7641767 20190810025428 
1 0.0015 -0.0330 0.0165 21.0062212 105.7641767 20190810025428 
1 0.3556 0.2437 -0.1438 21.0062212 105.7641767 20190810025428 
1 -0.0248 0.0007 -0.1555 21.0062212 105.7641767 20190810025428 
1 0.1423 -0.0102 -0.3247 21.0062212 105.7641767 20190810025428 
1 0.1107 0.1234 -0.5629 21.0062212 105.7641767 20190810025428 
1 0.2680 0.0671 -0.9724 21.0062212 105.7641767 20190810025428 
1 -0.0348 0.0133 -0.7818 21.0062212 105.7641767 20190810025428 
1 0.3509 0.0705 -0.7392 21.0062212 105.7641767 20190810025428 
1 0.1389 -0.0234 -0.7545 21.0062212 105.7641767 20190810025428 
1 -0.1129 0.0864 -0.9239 21.0062212 105.7641767 20190810025428 
1 0.2785 -0.0269 -0.8711 21.0062212 105.7641767 20190810025428 
1 -0.0479 0.0007 -0.8857 21.0062659 105.7639817 20190810025428 
1 0.0563 -0.1577 -0.5495 21.0062659 105.7639817 20190810025428 
1 0.0215 -0.1112 -0.4363 21.0062659 105.7639817 20190810025428 
1 -0.2698 -0.0427 -0.3393 21.0062659 105.7639817 20190810025428 
1 -0.0501 -0.0836 -0.0285 21.0062659 105.7639817 20190810025428 
1 -0.0840 -0.2307 0.4017 21.0062659 105.7639817 20190810025428 
1 -0.1940 -0.1070 0.2608 21.0062659 105.7639817 20190810025428 
1 -0.2588 -0.0441 0.4502 21.0062659 105.7639817 20190810025428 
1 -0.4784 -0.1909 0.9833 21.0062659 105.7639817 20190810025428 
1 -0.2403 -0.0408 0.9009 21.0062659 105.7639817 20190810025428 
1 -0.0712 -0.0872 0.4604 21.0062659 105.7639817 20190810025428 
1 -0.2723 -0.1347 0.6383 21.0062659 105.7639817 20190810025428 
1 -0.2394 -0.0591 0.7335 21.0062659 105.7639817 20190810025428 
1 -0.1249 0.0013 0.5841 21.0062659 105.7639817 20190810025428 
1 -0.0466 -0.0839 0.1920 21.0062659 105.7639817 20190810025428 
1 -0.0049 -0.0898 0.0626 21.0062659 105.7639817 20190810025429 
1 0.0412 0.0735 -0.1243 21.0062659 105.7639817 20190810025429 
1 0.1394 0.0499 -0.3103 21.0062659 105.7639817 20190810025429 
1 0.1851 0.0187 -0.2249 21.0062659 105.7639817 20190810025429 
1 0.0288 -0.1211 0.0414 21.0062659 105.7639817 20190810025429 
1 0.3052 -0.0113 -0.1704 21.0062659 105.7639817 20190810025429 
1 -0.1730 -0.0063 -0.6108 21.0062659 105.7639817 20190810025429 
1 0.2574 0.0372 -0.5633 21.0062659 105.7639817 20190810025429 
1 0.0361 -0.0934 -0.1054 21.0062659 105.7639817 20190810025429 
1 0.2948 -0.0345 -0.1728 21.0062659 105.7639817 20190810025429 
1 0.0310 0.1162 -0.5180 21.0062659 105.7639817 20190810025429 
1 0.0730 -0.1330 -0.0990 21.0062659 105.7639817 20190810025429 
1 0.0371 -0.0050 -0.1488 21.0062659 105.7639817 20190810025429 
1 0.0695 -0.1565 -0.3568 21.0062659 105.7639817 20190810025429 
1 0.0130 -0.2372 -0.2589 21.0062659 105.7639817 20190810025429 
1 -0.1609 -0.1268 -0.2090 21.0062659 105.7639817 20190810025429 
1 0.0001 -0.1157 -0.3709 21.0062659 105.7639817 20190810025429 
1 -0.0211 -0.1466 -0.3603 21.0062659 105.7639817 20190810025429 
1 0.2453 -0.1171 -0.3903 21.0062659 105.7639817 20190810025429 
1 -0.0047 -0.2503 -0.2164 21.0062659 105.7639817 20190810025429 
1 -0.1228 -0.1263 0.0597 21.0062659 105.7639817 20190810025429 
1 0.2271 -0.1142 0.0797 21.0062659 105.7639817 20190810025429 
1 -0.0905 -0.2348 -0.0466 21.0062659 105.7639817 20190810025429 
1 0.0320 -0.2124 0.1081 21.0062659 105.7639817 20190810025429 
1 0.0120 -0.1395 0.1742 21.0062659 105.7639817 20190810025429 
1 0.0201 -0.0605 0.0436 21.0062659 105.7639817 20190810025429 
1 -0.0893 -0.2078 0.5438 21.0062659 105.7639817 20190810025429 
1 0.1121 -0.2057 0.6872 21.0062659 105.7639817 20190810025429 
1 0.0327 0.0212 -0.1757 21.0062659 105.7639817 20190810025429 
1 -0.0477 -0.1512 0.2774 21.0062659 105.7639817 20190810025429 
1 -0.1167 -0.0666 0.1804 21.0062659 105.7639817 20190810025429 
1 -0.0318 -0.1154 -0.1739 21.0063073 105.7637873 20190810025429 
1 0.0738 -0.1457 -0.1048 21.0063073 105.7637873 20190810025429 
1 -0.1714 -0.1381 -0.0018 21.0063073 105.7637873 20190810025429 
1 -0.0405 -0.1365 -0.3870 21.0063073 105.7637873 20190810025429 
1 0.0472 -0.0884 -0.1647 21.0063073 105.7637873 20190810025429 
1 -0.1340 -0.1556 -0.1594 21.0063073 105.7637873 20190810025429 
1 0.1418 -0.2119 -0.2814 21.0063073 105.7637873 20190810025429 
1 -0.1713 -0.1161 -0.3782 21.0063073 105.7637873 20190810025429 
1 -0.0621 -0.1136 -0.3235 21.0063073 105.7637873 20190810025429 
1 -0.0498 -0.2429 0.0204 21.0063073 105.7637873 20190810025429 
1 0.1453 -0.0856 0.0951 21.0063073 105.7637873 20190810025429 
1 0.0352 -0.1020 -0.1790 21.0063073 105.7637873 20190810025429 
1 -0.0616 -0.0851 -0.0407 21.0063073 105.7637873 20190810025429 
1 0.0794 -0.1175 0.3663 21.0063073 105.7637873 20190810025429 
1 0.0902 -0.0755 0.0427 21.0063073 105.7637873 20190810025429 
1 -0.1791 -0.2064 0.0154 21.0063073 105.7637873 20190810025429 
1 0.0770 0.0031 0.0861 21.0063073 105.7637873 20190810025429 
1 -0.1914 -0.0612 -0.1915 21.0063073 105.7637873 20190810025429 
1 0.2198 -0.1710 0.0184 21.0063073 105.7637873 20190810025430 
1 -0.1361 -0.0786 -0.1435 21.0063073 105.7637873 20190810025430 
1 0.1429 -0.1099 -0.1780 21.0063073 105.7637873 20190810025430 
1 -0.2030 -0.0690 0.0769 21.0063073 105.7637873 20190810025430 
1 0.0847 -0.1878 0.0902 21.0063073 105.7637873 20190810025430 
1 -0.2286 -0.0878 -0.3974 21.0063073 105.7637873 20190810025430 
1 0.2370 -0.0453 -0.2996 21.0063073 105.7637873 20190810025430 
1 -0.3259 -0.3174 -0.1519 21.0063073 105.7637873 20190810025430 
1 -0.0888 -0.0673 0.0060 21.0063073 105.7637873 20190810025430 
1 0.0623 -0.0592 -0.5158 21.0063073 105.7637873 20190810025430 
1 -0.0818 -0.2422 0.2807 21.0063073 105.7637873 20190810025430 
1 -0.0011 -0.1836 0.4863 21.0063073 105.7637873 20190810025430 
1 0.0920 0.0291 -0.1865 21.0063073 105.7637873 20190810025430 
1 -0.0052 -0.0902 0.0454 21.0063073 105.7637873 20190810025430 
1 -0.3624 -0.2253 0.5635 21.0063073 105.7637873 20190810025430 
1 0.2851 -0.1264 0.2994 21.0063073 105.7637873 20190810025430 
1 -0.2592 -0.2443 -0.0167 21.0063073 105.7637873 20190810025430 
1 0.2676 0.0313 -0.0442 21.0063073 105.7637873 20190810025430 
1 0.0386 -0.2655 0.1966 21.0063073 105.7637873 20190810025430 
1 0.2267 0.0172 0.1172 21.0063073 105.7637873 20190810025430 
1 0.3162 -0.0377 -0.0026 21.0063073 105.7637873 20190810025430 
1 -0.1272 -0.0724 0.1370 21.0063073 105.7637873 20190810025430 
1 -0.0466 -0.0431 0.4868 21.0063073 105.7637873 20190810025430 
1 0.1533 0.0069 -0.1244 21.0063073 105.7637873 20190810025430 
1 -0.1958 -0.0825 -0.3562 21.0063073 105.7637873 20190810025430 
1 0.1043 -0.0905 -0.4840 21.0063073 105.7637873 20190810025430 
1 -0.0517 -0.0111 -0.5386 21.0063073 105.7637873 20190810025430 
1 -0.3720 -0.1104 -0.4483 21.0063073 105.7637873 20190810025430 
1 0.1939 0.0729 -0.7837 21.0063073 105.7637873 20190810025430 
1 -0.1440 -0.1545 -0.7081 21.0063073 105.7637873 20190810025430 
1 -0.4219 -0.1192 -0.4364 21.0063073 105.7637873 20190810025430 
1 0.0795 -0.0237 -0.6280 21.0063073 105.7637873 20190810025430 
1 -0.0900 -0.1153 -0.4729 21.0063484 105.7635885 20190810025430 
1 -0.5153 -0.1238 -0.3023 21.0063484 105.7635885 20190810025430 
1 0.0801 -0.0241 -0.8308 21.0063484 105.7635885 20190810025430 
1 -0.0879 -0.1227 -0.3931 21.0063484 105.7635885 20190810025430 
1 -0.3391 -0.1475 -0.0182 21.0063484 105.7635885 20190810025430 
1 0.1238 0.0822 -0.2333 21.0063484 105.7635885 20190810025430 
1 -0.3804 -0.1746 0.1454 21.0063484 105.7635885 20190810025430 
1 -0.0571 -0.1457 0.5269 21.0063484 105.7635885 20190810025430 
1 -0.1513 -0.0640 -0.0523 21.0063484 105.7635885 20190810025430 
1 -0.1764 -0.1837 0.2546 21.0063484 105.7635885 20190810025430 
1 -0.0312 -0.0254 0.3708 21.0063484 105.7635885 20190810025430 
1 -0.0427 -0.0550 0.1944 21.0063484 105.7635885 20190810025430 
1 -0.0467 -0.2534 0.3654 21.0063484 105.7635885 20190810025430 
1 0.0861 -0.0633 0.5548 21.0063484 105.7635885 20190810025430 
1 -0.0905 -0.0167 0.4425 21.0063484 105.7635885 20190810025430 
1 -0.1989 -0.2303 0.9124 21.0063484 105.7635885 20190810025430 
1 0.2274 -0.2077 1.0008 21.0063484 105.7635885 20190810025430 
1 0.1788 -0.0179 0.3741 21.0063484 105.7635885 20190810025430 
1 0.0110 -0.1312 0.1416 21.0063484 105.7635885 20190810025430 
1 0.2397 -0.1330 0.8018 21.0063484 105.7635885 20190810025430 
1 -0.0261 -0.0003 0.2652 21.0063484 105.7635885 20190810025431 
1 0.1738 -0.2019 0.3046 21.0063484 105.7635885 20190810025431 
1 -0.4094 -0.1785 1.1841 21.0063484 105.7635885 20190810025431 
1 0.0183 0.1891 0.1046 21.0063484 105.7635885 20190810025431 
1 0.2386 -0.0919 -0.3108 21.0063484 105.7635885 20190810025431 
1 -0.2171 -0.1926 0.4001 21.0063484 105.7635885 20190810025431 
1 -0.0354 -0.0406 -0.0111 21.0063484 105.7635885 20190810025431 
1 -0.1354 -0.0130 -0.4881 21.0063484 105.7635885 20190810025431 
1 -0.4315 -0.2525 0.3117 21.0063484 105.7635885 20190810025431 
1 -0.4075 -0.0201 -0.2820 21.0063484 105.7635885 20190810025431 
1 0.0730 -0.1659 -0.2866 21.0063484 105.7635885 20190810025431 
1 -0.3792 -0.1801 -0.1393 21.0063484 105.7635885 20190810025431 
1 -0.2479 -0.0382 -0.5850 21.0063484 105.7635885 20190810025431 
1 -0.2194 -0.1788 -0.3398 21.0063484 105.7635885 20190810025431 
1 -0.0632 -0.1857 0.3821 21.0063484 105.7635885 20190810025431 
1 -0.1134 -0.0927 -0.1925 21.0063484 105.7635885 20190810025431 
1 -0.3235 -0.1048 -0.0868 21.0063484 105.7635885 20190810025431 
1 -0.0100 -0.0337 0.3145 21.0063484 105.7635885 20190810025431 
1 -0.2963 -0.1110 -0.1299 21.0063484 105.7635885 20190810025431 
1 -0.0448 -0.2047 0.1024 21.0063484 105.7635885 20190810025431 
1 -0.1978 -0.0682 0.2650 21.0063484 105.7635885 20190810025431 
1 -0.1514 0.0105 -0.0658 21.0063484 105.7635885 20190810025431 
1 -0.3286 -0.2325 0.1754 21.0063484 105.7635885 20190810025431 
1 0.0464 0.0413 -0.1488 21.0063484 105.7635885 20190810025431 
1 -0.0854 -0.0882 -0.4417 21.0063484 105.7635885 20190810025431 
1 -0.3748 -0.0617 -0.3966 21.0063484 105.7635885 20190810025431 
1 -0.0135 -0.1504 -0.0908 21.0063484 105.7635885 20190810025431 
1 -0.2075 -0.0050 -0.5587 21.0063484 105.7635885 20190810025431 
1 0.1021 -0.0534 -0.3977 21.0063484 105.7635885 20190810025431 
1 -0.4579 -0.2933 -0.5596 21.0063484 105.7635885 20190810025431 
1 0.4392 0.0671 -0.3201 21.0063484 105.7635885 20190810025431 
1 -0.4577 -0.1528 -0.6628 21.0063887 105.7633893 20190810025431 
1 0.0931 0.0154 -0.4944 21.0063887 105.7633893 20190810025431 
1 -0.2210 -0.2463 -0.3273 21.0063887 105.7633893 20190810025431 
1 -0.0416 -0.1417 -0.0269 21.0063887 105.7633893 20190810025431 
1 -0.2195 0.0481 -0.3072 21.0063887 105.7633893 20190810025431 
1 0.1671 0.0647 -0.1369 21.0063887 105.7633893 20190810025431 
1 -0.2032 -0.1635 0.3699 21.0063887 105.7633893 20190810025431 
1 -0.0815 -0.1782 0.1111 21.0063887 105.7633893 20190810025431 
1 -0.0036 -0.0077 -0.1988 21.0063887 105.7633893 20190810025431 
1 0.0021 -0.0472 -0.1373 21.0063887 105.7633893 20190810025431 
1 -0.0678 -0.1483 0.2380 21.0063887 105.7633893 20190810025431 
1 -0.1487 -0.2065 0.1385 21.0063887 105.7633893 20190810025431 
1 0.1667 -0.1192 -0.0665 21.0063887 105.7633893 20190810025431 
1 -0.1623 -0.0367 0.1755 21.0063887 105.7633893 20190810025431 
1 -0.3110 -0.2663 0.6781 21.0063887 105.7633893 20190810025431 
1 0.1646 -0.1241 0.4912 21.0063887 105.7633893 20190810025432 
1 0.1727 -0.0653 0.2809 21.0063887 105.7633893 20190810025432 
1 -0.2611 -0.2203 0.6825 21.0063887 105.7633893 20190810025432 
1 0.0105 -0.0188 0.6802 21.0063887 105.7633893 20190810025432 
1 0.0952 -0.1612 0.5738 21.0063887 105.7633893 20190810025432 
1 0.0270 -0.1839 0.6347 21.0063887 105.7633893 20190810025432 
1 -0.2749 -0.1797 0.4939 21.0063887 105.7633893 20190810025432 
1 0.1643 -0.0787 0.5185 21.0063887 105.7633893 20190810025432 
1 -0.0001 -0.2291 0.7531 21.0063887 105.7633893 20190810025432 
1 0.0632 -0.0655 0.4234 21.0063887 105.7633893 20190810025432 
1 -0.2313 0.0464 -0.2900 21.0063887 105.7633893 20190810025432 
1 0.3479 -0.1545 0.4493 21.0063887 105.7633893 20190810025432 
1 -0.0397 0.0691 0.2732 21.0063887 105.7633893 20190810025432 
1 -0.2321 -0.2617 -0.0096 21.0063887 105.7633893 20190810025432 
1 0.2934 -0.0176 0.0914 21.0063887 105.7633893 20190810025432 
1 0.1022 -0.1326 0.3370 21.0063887 105.7633893 20190810025432 
1 -0.1884 -0.2642 0.0896 21.0063887 105.7633893 20190810025432 
1 0.0640 -0.0191 -0.4581 21.0063887 105.7633893 20190810025432 
1 0.1434 -0.0926 -0.4543 21.0063887 105.7633893 20190810025432 
1 -0.0805 -0.1025 0.1654 21.0063887 105.7633893 20190810025432 
1 0.1050 -0.0667 0.2019 21.0063887 105.7633893 20190810025432 
1 0.1858 -0.0049 0.2609 21.0063887 105.7633893 20190810025432 
1 -0.0978 -0.0856 0.3328 21.0063887 105.7633893 20190810025432 
1 0.0649 -0.0583 0.1701 21.0063887 105.7633893 20190810025432 
1 -0.1147 -0.1744 0.2884 21.0063887 105.7633893 20190810025432 
1 0.2329 0.0753 -0.0863 21.0063887 105.7633893 20190810025432 
1 -0.0794 0.0195 -0.7431 21.0063887 105.7633893 20190810025432 
1 -0.0402 -0.3556 0.0867 21.0063887 105.7633893 20190810025432 
1 0.4963 0.0309 -0.1818 21.0063887 105.7633893 20190810025432 
1 -0.0253 0.0447 -0.7683 21.0063887 105.7633893 20190810025432 
1 0.0258 -0.1343 0.1088 21.0063887 105.7633893 20190810025432 
1 0.3059 -0.0747 0.1363 21.0063887 105.7633893 20190810025432 
1 0.2229 0.1774 -0.7127 21.0063887 105.7633893 20190810025432 
1 -0.0373 0.0551 -0.6686 21.0063887 105.7633893 20190810025432 
1 0.4694 0.0083 -0.5082 21.0064325 105.7631975 20190810025432 
1 0.0765 -0.0763 -1.1464 21.0064325 105.7631975 20190810025432 
1 0.2369 -0.0478 -1.5304 21.0064325 105.7631975 20190810025432 
1 0.4039 0.0186 -1.4696 21.0064325 105.7631975 20190810025432 
1 0.2981 -0.1672 -0.5466 21.0064325 105.7631975 20190810025432 
1 -0.0171 0.0105 -0.4781 21.0064325 105.7631975 20190810025432 
1 0.1969 0.3309 -1.8119 21.0064325 105.7631975 20190810025432 
1 -0.2583 -0.5301 -0.6840 21.0064325 105.7631975 20190810025432 
1 0.3739 0.1307 -0.4989 21.0064325 105.7631975 20190810025432 
1 -0.1459 0.1116 -1.1083 21.0064325 105.7631975 20190810025432 
1 0.1106 -0.1697 -0.0631 21.0064325 105.7631975 20190810025432 
1 -0.0980 -0.2042 0.7571 21.0064325 105.7631975 20190810025432 
1 -0.2979 0.1208 -1.2308 21.0064325 105.7631975 20190810025432 
1 -0.0800 -0.3156 -0.2412 21.0064325 105.7631975 20190810025432 
1 0.1701 -0.1797 0.6550 21.0064325 105.7631975 20190810025432 
1 -0.6550 -0.1460 0.3958 21.0064325 105.7631975 20190810025432 
1 0.0669 -0.1771 0.6404 21.0064325 105.7631975 20190810025432 
1 -0.1303 -0.2276 1.3991 21.0064325 105.7631975 20190810025432 
1 -0.3815 -0.1644 1.3564 21.0064325 105.7631975 20190810025433 
1 0.2594 -0.1985 1.4189 21.0064325 105.7631975 20190810025433 
1 -0.0157 -0.2378 1.6067 21.0064325 105.7631975 20190810025433 
1 0.0448 -0.1749 1.4842 21.0064325 105.7631975 20190810025433 
1 0.2992 0.0227 1.2580 21.0064325 105.7631975 20190810025433 
1 0.2779 -0.1232 1.4377 21.0064325 105.7631975 20190810025433 
1 0.2104 0.0121 1.0429 21.0064325 105.7631975 20190810025433 
1 0.3622 0.1222 0.6812 21.0064325 105.7631975 20190810025433 
1 0.1416 0.0057 0.9198 21.0064325 105.7631975 20190810025433 
1 0.4009 0.1009 0.4972 21.0064325 105.7631975 20190810025433 
1 0.2295 0.1036 -0.2363 21.0064325 105.7631975 20190810025433 
1 -0.0452 -0.0640 -0.1055 21.0064325 105.7631975 20190810025433 
1 0.1784 0.1589 -0.6606 21.0064325 105.7631975 20190810025433 
1 0.0983 0.0776 -1.1528 21.0064325 105.7631975 20190810025433 
1 -0.1097 -0.0372 -0.8659 21.0064325 105.7631975 20190810025433 
1 0.1220 0.0084 -0.9847 21.0064325 105.7631975 20190810025433 
1 0.1942 0.0632 -1.2278 21.0064325 105.7631975 20190810025433 
1 -0.2343 -0.1331 -0.8899 21.0064325 105.7631975 20190810025433 
1 -0.0181 0.0367 -1.0555 21.0064325 105.7631975 20190810025433 
1 0.1230 -0.1096 -1.3622 21.0064325 105.7631975 20190810025433 
1 0.0163 -0.1184 -0.9959 21.0064325 105.7631975 20190810025433 
1 -0.0711 0.0081 -0.6793 21.0064325 105.7631975 20190810025433 
1 0.2317 -0.1534 -0.5618 21.0064325 105.7631975 20190810025433 
1 0.1107 -0.0667 -0.1342 21.0064325 105.7631975 20190810025433 
1 0.2080 -0.1257 0.0903 21.0064325 105.7631975 20190810025433 
1 -0.0808 -0.0638 -0.0347 21.0064325 105.7631975 20190810025433 
1 0.2874 -0.1246 0.4877 21.0064325 105.7631975 20190810025433 
1 0.0576 -0.1192 0.7841 21.0064325 105.7631975 20190810025433 
1 -0.1038 -0.1058 0.7638 21.0064325 105.7631975 20190810025433 
1 0.2676 -0.1493 1.0752 21.0064325 105.7631975 20190810025433 
1 0.1256 -0.0848 1.2184 21.0064325 105.7631975 20190810025433 
1 0.0158 -0.1444 1.0196 21.0064325 105.7631975 20190810025433 
1 -0.0528 -0.1714 1.0742 21.0064709 105.7630045 20190810025433 
1 0.0436 -0.2456 1.6163 21.0064709 105.7630045 20190810025433 
1 -0.0898 -0.1282 1.3110 21.0064709 105.7630045 20190810025433 
1 -0.0485 -0.1533 1.2388 21.0064709 105.7630045 20190810025433 
1 0.1735 -0.0594 0.8813 21.0064709 105.7630045 20190810025433 
1 0.0672 -0.0706 0.6406 21.0064709 105.7630045 20190810025433 
1 0.3640 -0.0743 0.7002 21.0064709 105.7630045 20190810025433 
1 -0.0563 -0.3134 1.0014 21.0064709 105.7630045 20190810025433 
1 0.5621 -0.0280 0.9283 21.0064709 105.7630045 20190810025433 
1 0.3515 -0.2123 0.7083 21.0064709 105.7630045 20190810025433 
1 0.2602 -0.4595 1.4464 21.0064709 105.7630045 20190810025433 
1 0.5823 -0.2839 1.2529 21.0064709 105.7630045 20190810025433 
1 0.3383 -0.3986 1.3090 21.0064709 105.7630045 20190810025433 
1 0.2098 -0.3460 1.8556 21.0064709 105.7630045 20190810025433 
1 0.6277 -0.0731 1.5424 21.0064709 105.7630045 20190810025433 
1 0.0646 -0.4533 2.1670 21.0064709 105.7630045 20190810025433 
1 0.3849 -0.0756 2.4775 21.0064709 105.7630045 20190810025433 
1 -0.2476 -0.0795 1.9158 21.0064709 105.7630045 20190810025433 
1 -0.0712 0.2204 1.1903 21.0064709 105.7630045 20190810025434 
1 -0.0955 0.1543 0.5384 21.0064709 105.7630045 20190810025434 
1 -0.2943 -0.1616 0.1123 21.0064709 105.7630045 20190810025434 
1 0.0148 -0.1648 0.4210 21.0064709 105.7630045 20190810025434 
1 -0.1443 0.4877 -2.3649 21.0064709 105.7630045 20190810025434 
1 0.2998 -0.4493 -1.0461 21.0064709 105.7630045 20190810025434 
1 -0.5374 1.1008 -4.6433 21.0064709 105.7630045 20190810025434 
1 -0.2957 -1.7880 -0.6886 21.0064709 105.7630045 20190810025434 
1 0.3619 1.0781 -4.0125 21.0064709 105.7630045 20190810025434 
1 0.1411 0.7937 -4.9935 21.0064709 105.7630045 20190810025434 
1 -0.0301 -1.5802 -1.0296 21.0064709 105.7630045 20190810025434 
1 -0.0914 0.0862 -3.6572 21.0064709 105.7630045 20190810025434 
1 0.6157 0.6299 -5.6354 21.0064709 105.7630045 20190810025434 
1 0.5299 0.5157 -2.5969 21.0064709 105.7630045 20190810025434 
1 -1.3458 -1.6035 0.3137 21.0064709 105.7630045 20190810025434 
1 0.1455 0.5885 -4.0282 21.0064709 105.7630045 20190810025434 
1 0.7917 0.5467 -3.1697 21.0064709 105.7630045 20190810025434 
1 -0.4129 -0.3758 -0.8764 21.0064709 105.7630045 20190810025434 
1 -0.4947 -0.4143 -0.3961 21.0064709 105.7630045 20190810025434 
1 0.2935 0.3240 -1.5654 21.0064709 105.7630045 20190810025434 
1 0.2209 0.0563 -1.7754 21.0064709 105.7630045 20190810025434 
1 -0.1003 -0.1678 0.3514 21.0064709 105.7630045 20190810025434 
1 -0.2858 0.0092 0.1087 21.0064709 105.7630045 20190810025434 
1 0.4693 0.1742 -0.7447 21.0064709 105.7630045 20190810025434 
1 0.1260 -0.0821 0.0449 21.0064709 105.7630045 20190810025434 
1 0.0314 -0.0601 0.7529 21.0064709 105.7630045 20190810025434 
1 -0.0245 0.1609 0.2751 21.0064709 105.7630045 20190810025434 
1 0.2040 0.0868 0.4940 21.0064709 105.7630045 20190810025434 
1 0.2954 0.0997 0.5992 21.0064709 105.7630045 20190810025434 
1 -0.0821 -0.0421 0.5088 21.0065166 105.7628137 20190810025434 
1 -0.0506 0.0237 0.9983 21.0065166 105.7628137 20190810025434 
1 0.4057 0.1685 0.1977 21.0065166 105.7628137 20190810025434 
1 0.1190 0.1603 -0.3102 21.0065166 105.7628137 20190810025434 
1 0.0226 -0.0155 0.3813 21.0065166 105.7628137 20190810025434 
1 0.2607 0.0839 0.2182 21.0065166 105.7628137 20190810025434 
1 0.1169 0.2102 -0.3910 21.0065166 105.7628137 20190810025434 
1 0.0178 0.0508 -0.0489 21.0065166 105.7628137 20190810025434 
1 0.2734 0.2372 -0.0368 21.0065166 105.7628137 20190810025434 
1 -0.0131 0.0898 -0.4165 21.0065166 105.7628137 20190810025434 
1 0.1948 0.1684 -0.6362 21.0065166 105.7628137 20190810025434 
1 0.0553 0.0086 -0.4763 21.0065166 105.7628137 20190810025434 
1 -0.1885 0.0485 -0.2794 21.0065166 105.7628137 20190810025434 
1 0.1318 0.3210 -0.6159 21.0065166 105.7628137 20190810025434 
1 -0.0655 -0.0113 -0.6652 21.0065166 105.7628137 20190810025434 
1 -0.0784 -0.0140 -0.2175 21.0065166 105.7628137 20190810025434 
1 -0.0881 0.0361 -0.2047 21.0065166 105.7628137 20190810025434 
1 -0.1656 0.1604 -0.5621 21.0065166 105.7628137 20190810025434 
1 -0.2965 -0.0507 0.2468 21.0065166 105.7628137 20190810025435 
1 -0.2494 0.0721 0.3177 21.0065166 105.7628137 20190810025435 
1 -0.4597 0.0042 -0.0830 21.0065166 105.7628137 20190810025435 
1 -0.2368 -0.0362 0.2608 21.0065166 105.7628137 20190810025435 
1 -0.4505 0.0494 0.6118 21.0065166 105.7628137 20190810025435 
1 -0.3788 -0.0239 0.6601 21.0065166 105.7628137 20190810025435 
1 -0.3551 0.0360 0.3824 21.0065166 105.7628137 20190810025435 
1 -0.4332 -0.0329 0.5333 21.0065166 105.7628137 20190810025435 
1 -0.3125 0.0439 0.3244 21.0065166 105.7628137 20190810025435 
1 -0.0633 0.2378 -0.3604 21.0065166 105.7628137 20190810025435 
1 -0.0929 0.0022 -0.0922 21.0065166 105.7628137 20190810025435 
1 -0.0874 0.1745 0.0110 21.0065166 105.7628137 20190810025435 
1 -0.3637 0.2690 -0.8614 21.0065166 105.7628137 20190810025435 
1 -0.7116 -0.0496 -0.4950 21.0065166 105.7628137 20190810025435 
1 0.2035 -0.1322 0.3979 21.0065166 105.7628137 20190810025435 
1 -0.9507 0.1960 -0.8402 21.0065166 105.7628137 20190810025435 
1 0.4793 0.6274 -2.9378 21.0065166 105.7628137 20190810025435 
1 -0.7426 -1.9664 1.5663 21.0065166 105.7628137 20190810025435 
1 -0.0031 0.1626 0.5947 21.0065166 105.7628137 20190810025435 
1 -0.6939 0.5577 -2.2204 21.0065166 105.7628137 20190810025435 
1 -0.0186 -0.8547 0.6776 21.0065166 105.7628137 20190810025435 
1 -0.7833 -1.2729 3.1903 21.0065166 105.7628137 20190810025435 
1 0.6048 1.2764 -2.1033 21.0065166 105.7628137 20190810025435 
1 -1.2462 -0.5878 0.8477 21.0065166 105.7628137 20190810025435 
1 0.3997 -0.6651 4.9992 21.0065166 105.7628137 20190810025435 
1 -1.1755 1.0938 0.8578 21.0065166 105.7628137 20190810025435 
1 0.8320 -0.2933 0.1059 21.0065166 105.7628137 20190810025435 
1 -0.5008 -0.5089 2.7591 21.0065166 105.7628137 20190810025435 
1 -0.4212 0.7171 0.4785 21.0065166 105.7628137 20190810025435 
1 -0.0347 -0.2297 -0.9891 21.0065166 105.7628137 20190810025435 
1 -0.9361 -0.2372 0.2514 21.0065166 105.7628137 20190810025435 
1 0.1162 0.0619 -0.1539 21.0065166 105.7628137 20190810025435 
1 -0.4641 -0.4393 -0.5908 21.0065166 105.7628137 20190810025435 
1 -0.1824 0.2606 -0.1290 21.0065602 105.7626232 20190810025435 
1 -0.5495 -0.1421 -0.9782 21.0065602 105.7626232 20190810025435 
1 0.2331 -0.1628 -0.9563 21.0065602 105.7626232 20190810025435 
1 -0.2358 -0.1500 -0.5156 21.0065602 105.7626232 20190810025435 
1 -0.1614 -0.0523 -0.9079 21.0065602 105.7626232 20190810025435 
1 -0.0356 -0.0040 -0.9212 21.0065602 105.7626232 20190810025435 
1 0.4316 -0.0000 -0.8811 21.0065602 105.7626232 20190810025435 
1 -0.2445 -0.2095 -0.6896 21.0065602 105.7626232 20190810025435 
1 0.3223 -0.0794 -0.7576 21.0065602 105.7626232 20190810025435 
1 0.0743 -0.0572 -0.8333 21.0065602 105.7626232 20190810025435 
1 -0.0731 -0.1326 -0.3497 21.0065602 105.7626232 20190810025435 
1 0.0689 -0.2022 -0.2316 21.0065602 105.7626232 20190810025435 
1 0.0395 -0.0845 -0.4311 21.0065602 105.7626232 20190810025435 
1 0.0666 -0.1323 -0.2886 21.0065602 105.7626232 20190810025435 
1 0.1121 -0.2336 0.0432 21.0065602 105.7626232 20190810025435 
1 -0.2180 -0.1674 0.1315 21.0065602 105.7626232 20190810025435 
1 0.1992 -0.0168 -0.1800 21.0065602 105.7626232 20190810025435 
1 -0.0326 -0.2463 -0.1225 21.0065602 105.7626232 20190810025436 
1 -0.1817 -0.1320 0.0936 21.0065602 105.7626232 20190810025436 
1 0.2095 -0.0488 -0.0470 21.0065602 105.7626232 20190810025436 
1 -0.1207 -0.1662 -0.3358 21.0065602 105.7626232 20190810025436 
1 -0.0227 0.0038 -0.4189 21.0065602 105.7626232 20190810025436 
1 -0.0222 -0.1272 -0.2333 21.0065602 105.7626232 20190810025436 
1 0.2085 -0.2272 -0.3551 21.0065602 105.7626232 20190810025436 
1 -0.0259 -0.1647 -0.5850 21.0065602 105.7626232 20190810025436 
1 -0.0452 -0.1032 -0.2517 21.0065602 105.7626232 20190810025436 
1 0.1337 -0.0799 -0.1145 21.0065602 105.7626232 20190810025436 
1 0.0429 -0.1846 -0.2791 21.0065602 105.7626232 20190810025436 
1 0.0559 -0.1593 -0.4127 21.0065602 105.7626232 20190810025436 
1 0.0938 -0.1465 -0.1726 21.0065602 105.7626232 20190810025436 
1 0.1549 -0.0856 -0.0208 21.0065602 105.7626232 20190810025436 
1 0.0951 -0.0321 -0.0065 21.0065602 105.7626232 20190810025436 
1 0.3154 -0.2431 0.0359 21.0065602 105.7626232 20190810025436 
1 0.0262 -0.1323 0.5970 21.0065602 105.7626232 20190810025436 
1 0.2362 0.1332 -0.1329 21.0065602 105.7626232 20190810025436 
1 0.0824 -0.1800 0.0762 21.0065602 105.7626232 20190810025436 
1 0.3447 -0.0619 0.5803 21.0065602 105.7626232 20190810025436 
1 -0.0728 0.0309 -0.3773 21.0065602 105.7626232 20190810025436 
1 -0.0962 0.0383 -0.3321 21.0065602 105.7626232 20190810025436 
1 -0.0084 0.3637 -0.9967 21.0065602 105.7626232 20190810025436 
1 0.2484 -0.6125 0.3043 21.0065602 105.7626232 20190810025436 
1 -0.0244 0.4369 -1.4468 21.0065602 105.7626232 20190810025436 
1 -0.1644 -0.8640 0.8247 21.0065602 105.7626232 20190810025436 
1 0.3575 -1.3636 2.8847 21.0065602 105.7626232 20190810025436 
1 -0.4035 2.5829 -4.0986 21.0065602 105.7626232 20190810025436 
1 -0.1359 -1.1050 -3.3172 21.0065602 105.7626232 20190810025436 
1 0.1102 -1.2178 1.0767 21.0065602 105.7626232 20190810025436 
1 -0.4956 0.4440 1.7242 21.0065602 105.7626232 20190810025436 
1 0.4627 2.8026 -4.7261 21.0065602 105.7626232 20190810025436 
1 -0.2259 -3.0272 3.9859 21.0065602 105.7626232 20190810025436 
1 -1.1373 0.5880 1.5030 21.0065967 105.7624278 20190810025436 
1 0.8282 1.3347 -5.0378 21.0065967 105.7624278 20190810025436 
1 1.0097 -1.3111 -3.1169 21.0065967 105.7624278 20190810025436 
1 -1.5098 0.9833 1.6157 21.0065967 105.7624278 20190810025436 
1 0.5340 -0.8830 -1.7563 21.0065967 105.7624278 20190810025436 
1 -0.0335 -0.2135 -2.1052 21.0065967 105.7624278 20190810025436 
1 0.1210 0.7960 -0.0570 21.0065967 105.7624278 20190810025436 
1 -0.5465 -1.0754 1.2943 21.0065967 105.7624278 20190810025436 
1 -0.1770 0.3013 -0.1471 21.0065967 105.7624278 20190810025436 
1 0.3744 0.1113 -0.4556 21.0065967 105.7624278 20190810025436 
1 0.2486 -0.6194 0.9216 21.0065967 105.7624278 20190810025436 
1 -0.5598 -0.2366 1.7200 21.0065967 105.7624278 20190810025436 
1 0.3058 -0.0227 1.1232 21.0065967 105.7624278 20190810025436 
1 0.0448 -0.1032 1.5533 21.0065967 105.7624278 20190810025436 
1 0.2165 -0.2921 2.1721 21.0065967 105.7624278 20190810025436 
1 -0.2744 -0.4291 1.9123 21.0065967 105.7624278 20190810025436 
1 0.1803 -0.1517 1.9226 21.0065967 105.7624278 20190810025436 
1 0.7205 -0.0207 1.9935 21.0065967 105.7624278 20190810025436 
1 0.0826 -0.0448 1.9899 21.0065967 105.7624278 20190810025437 
1 -0.0686 -0.2641 1.9083 21.0065967 105.7624278 20190810025437 
1 0.7210 -0.1149 1.4683 21.0065967 105.7624278 20190810025437 
1 0.1303 0.1375 0.7681 21.0065967 105.7624278 20190810025437 
1 0.1873 -0.0560 1.0540 21.0065967 105.7624278 20190810025437 
1 -0.1269 -0.1947 0.7118 21.0065967 105.7624278 20190810025437 
1 0.1608 0.1306 -0.0265 21.0065967 105.7624278 20190810025437 
1 0.2017 -0.0799 -0.1648 21.0065967 105.7624278 20190810025437 
1 -0.1127 -0.1700 0.0962 21.0065967 105.7624278 20190810025437 
1 -0.1788 -0.1990 -0.2805 21.0065967 105.7624278 20190810025437 
1 0.3032 -0.0822 -0.5672 21.0065967 105.7624278 20190810025437 
1 -0.1921 -0.0873 -0.3804 21.0065967 105.7624278 20190810025437 
1 -0.1131 -0.1933 -0.4306 21.0065967 105.7624278 20190810025437 
1 0.1177 -0.3338 -0.5669 21.0065967 105.7624278 20190810025437 
1 -0.1656 -0.1131 -0.5847 21.0065967 105.7624278 20190810025437 
1 0.1283 0.0145 -0.3337 21.0065967 105.7624278 20190810025437 
1 -0.0986 -0.2452 -0.1083 21.0065967 105.7624278 20190810025437 
1 -0.0869 -0.3102 -0.1510 21.0065967 105.7624278 20190810025437 
1 0.2273 -0.0321 -0.2162 21.0065967 105.7624278 20190810025437 
1 -0.0780 -0.1280 -0.0439 21.0065967 105.7624278 20190810025437 
1 0.0667 -0.2716 0.1431 21.0065967 105.7624278 20190810025437 
1 0.1250 -0.1259 -0.1879 21.0065967 105.7624278 20190810025437 
1 -0.0328 -0.1829 -0.3662 21.0065967 105.7624278 20190810025437 
1 0.0771 -0.1310 0.2277 21.0065967 105.7624278 20190810025437 
1 -0.0066 -0.1996 0.0764 21.0065967 105.7624278 20190810025437 
1 0.0444 -0.1357 -0.2483 21.0065967 105.7624278 20190810025437 
1 0.0928 -0.1674 0.2323 21.0065967 105.7624278 20190810025437 
1 0.0142 -0.2741 -0.1735 21.0065967 105.7624278 20190810025437 
1 -0.0922 -0.2400 -0.3598 21.0065967 105.7624278 20190810025437 
1 0.1639 -0.1366 -0.3789 21.0065967 105.7624278 20190810025437 
