1 0.2067 0.0465 0.6241 21.0098647 105.744193 20190810025624 
1 0.0403 0.2930 0.0499 21.0098647 105.744193 20190810025624 
1 0.0255 0.2915 -0.3530 21.0098647 105.744193 20190810025625 
1 0.0417 0.3586 -1.0788 21.0098647 105.744193 20190810025625 
1 0.1808 -0.0703 -0.1266 21.0098647 105.744193 20190810025625 
1 0.1810 0.1973 0.6773 21.0098647 105.744193 20190810025625 
1 0.0441 0.6948 -0.2236 21.0098647 105.744193 20190810025625 
1 0.4283 0.0238 0.3015 21.0098647 105.744193 20190810025625 
1 -0.3548 0.1340 0.2205 21.0098647 105.744193 20190810025625 
1 0.1659 0.2166 0.7670 21.0098647 105.744193 20190810025625 
1 0.0571 0.3330 -0.1558 21.0098647 105.744193 20190810025625 
1 -0.3457 0.1815 -0.8190 21.0098647 105.744193 20190810025625 
1 0.2871 0.0353 -0.7753 21.0098647 105.744193 20190810025625 
1 0.1894 0.2480 -0.5365 21.0098647 105.744193 20190810025625 
1 0.0148 0.1845 -0.0392 21.0098647 105.744193 20190810025625 
1 0.3728 0.3506 0.1072 21.0098647 105.744193 20190810025625 
1 0.2331 0.3349 -0.3994 21.0098647 105.744193 20190810025625 
1 0.1214 0.0436 -0.0343 21.0098647 105.744193 20190810025625 
1 -0.2663 0.0722 0.1686 21.0098647 105.744193 20190810025625 
1 0.4843 0.3655 0.0788 21.0098647 105.744193 20190810025625 
1 -0.1171 0.2537 -0.0534 21.0098647 105.744193 20190810025625 
1 0.4230 0.2391 -0.0539 21.0098647 105.744193 20190810025625 
1 -0.2215 -0.0129 0.0238 21.0098647 105.744193 20190810025625 
1 0.3237 0.0905 0.4320 21.0098647 105.744193 20190810025625 
1 -0.0758 0.2246 0.1057 21.0098647 105.744193 20190810025625 
1 0.4490 0.0998 0.3666 21.0098647 105.744193 20190810025625 
1 -0.0721 0.0690 0.2643 21.0098647 105.744193 20190810025625 
1 0.3058 0.0604 0.3128 21.0098647 105.744193 20190810025625 
1 0.0141 0.0838 -0.0231 21.0098647 105.744193 20190810025625 
1 0.1288 0.0881 0.0766 21.0098647 105.744193 20190810025625 
1 -0.0749 0.0668 0.4493 21.0098647 105.744193 20190810025625 
1 -0.0584 0.1916 0.2172 21.0098647 105.744193 20190810025625 
1 0.2257 0.1685 -0.2832 21.0098647 105.744193 20190810025625 
1 0.1671 -0.0745 -0.0327 21.0098647 105.744193 20190810025625 
1 0.1632 -0.1610 0.4365 21.0098701 105.7440571 20190810025625 
1 0.0526 0.3403 0.0564 21.0098701 105.7440571 20190810025625 
1 0.0635 0.1485 -0.0511 21.0098701 105.7440571 20190810025625 
1 0.1862 -0.0177 0.3794 21.0098701 105.7440571 20190810025625 
1 0.0911 -0.0043 0.3650 21.0098701 105.7440571 20190810025625 
1 0.0125 0.1566 -0.2026 21.0098701 105.7440571 20190810025625 
1 -0.0169 0.2139 -0.2184 21.0098701 105.7440571 20190810025625 
1 0.0302 -0.0672 0.0702 21.0098701 105.7440571 20190810025625 
1 0.1333 -0.0541 0.4236 21.0098701 105.7440571 20190810025625 
1 0.0374 0.1609 -0.4696 21.0098701 105.7440571 20190810025625 
1 0.1312 0.0262 -0.2900 21.0098701 105.7440571 20190810025625 
1 -0.2034 -0.0485 -0.1707 21.0098701 105.7440571 20190810025625 
1 0.2673 -0.0431 -0.3098 21.0098701 105.7440571 20190810025625 
1 -0.1093 -0.0084 -0.4225 21.0098701 105.7440571 20190810025625 
1 0.0121 0.0001 -0.1096 21.0098701 105.7440571 20190810025625 
1 0.1404 -0.1654 0.1058 21.0098701 105.7440571 20190810025625 
1 0.3368 -0.3023 0.6444 21.0098701 105.7440571 20190810025625 
1 -0.1825 -0.2283 0.0540 21.0098701 105.7440571 20190810025625 
1 0.1277 0.0055 -0.8244 21.0098701 105.7440571 20190810025626 
1 0.2111 -0.2061 -0.6709 21.0098701 105.7440571 20190810025626 
1 -0.3252 -0.3699 0.0819 21.0098701 105.7440571 20190810025626 
1 0.2590 -0.0496 0.3217 21.0098701 105.7440571 20190810025626 
1 0.6068 0.0915 0.6115 21.0098701 105.7440571 20190810025626 
1 -0.3505 0.0960 0.6470 21.0098701 105.7440571 20190810025626 
1 -0.0349 -0.2993 1.0409 21.0098701 105.7440571 20190810025626 
1 0.5664 -0.0131 0.8101 21.0098701 105.7440571 20190810025626 
1 -0.1953 0.0675 -0.5587 21.0098701 105.7440571 20190810025626 
1 0.2438 -0.0459 -0.6591 21.0098701 105.7440571 20190810025626 
1 0.3852 -0.1486 -0.4761 21.0098701 105.7440571 20190810025626 
1 0.3918 -0.1354 -0.5452 21.0098701 105.7440571 20190810025626 
1 -0.0929 -0.0068 -0.2419 21.0098701 105.7440571 20190810025626 
1 0.7073 0.2137 -0.7834 21.0098701 105.7440571 20190810025626 
1 -0.4309 -0.4654 -0.6686 21.0098701 105.7440571 20190810025626 
1 0.4797 -0.1910 -0.0816 21.0098701 105.7440571 20190810025626 
1 0.3028 -0.0191 -0.8707 21.0098701 105.7440571 20190810025626 
1 0.0679 -0.2035 -0.7860 21.0098701 105.7440571 20190810025626 
1 0.2078 -0.1656 -0.4711 21.0098701 105.7440571 20190810025626 
1 0.2607 -0.1258 -0.5033 21.0098701 105.7440571 20190810025626 
1 -0.0017 -0.1925 -0.2139 21.0098701 105.7440571 20190810025626 
1 0.3278 -0.1015 0.1595 21.0098701 105.7440571 20190810025626 
1 0.0592 -0.2290 0.5871 21.0098701 105.7440571 20190810025626 
1 0.0749 -0.0288 0.3884 21.0098701 105.7440571 20190810025626 
1 0.2386 -0.0866 0.2950 21.0098701 105.7440571 20190810025626 
1 -0.1202 -0.3036 0.6434 21.0098701 105.7440571 20190810025626 
1 -0.2970 -0.2626 0.7174 21.0098701 105.7440571 20190810025626 
1 -0.1758 -0.0455 0.2663 21.0098701 105.7440571 20190810025626 
1 0.0814 -0.1846 0.9831 21.0098701 105.7440571 20190810025626 
1 -0.1961 -0.1776 0.9831 21.0098701 105.7440571 20190810025626 
1 0.0781 -0.0431 0.2123 21.0098701 105.7440571 20190810025626 
1 0.0419 -0.1276 0.0605 21.0098701 105.7440571 20190810025626 
1 0.1770 -0.2029 0.2340 21.0098818 105.7439093 20190810025626 
1 -0.0644 -0.1232 0.2733 21.0098818 105.7439093 20190810025626 
1 0.1105 0.0714 -0.3899 21.0098818 105.7439093 20190810025626 
1 0.0178 -0.1718 -0.1498 21.0098818 105.7439093 20190810025626 
1 0.1511 -0.1671 0.4925 21.0098818 105.7439093 20190810025626 
1 0.1028 -0.0080 -0.0330 21.0098818 105.7439093 20190810025626 
1 0.0296 -0.0090 -0.7117 21.0098818 105.7439093 20190810025626 
1 0.1760 -0.1933 -0.3552 21.0098818 105.7439093 20190810025626 
1 0.0816 -0.1548 -0.3216 21.0098818 105.7439093 20190810025626 
1 -0.0062 -0.1162 -0.3550 21.0098818 105.7439093 20190810025626 
1 -0.0260 -0.0302 -0.6182 21.0098818 105.7439093 20190810025626 
1 0.2729 -0.2114 -0.2032 21.0098818 105.7439093 20190810025626 
1 -0.2177 -0.2034 -0.1155 21.0098818 105.7439093 20190810025626 
1 0.2977 -0.0116 -0.2065 21.0098818 105.7439093 20190810025626 
1 0.0018 -0.0979 -0.4174 21.0098818 105.7439093 20190810025626 
1 0.1396 -0.1096 -0.0790 21.0098818 105.7439093 20190810025626 
1 -0.0654 -0.1602 -0.0216 21.0098818 105.7439093 20190810025626 
1 0.2029 -0.0530 -0.1600 21.0098818 105.7439093 20190810025627 
1 -0.1607 -0.0841 -0.0436 21.0098818 105.7439093 20190810025627 
1 0.0189 -0.2045 0.2371 21.0098818 105.7439093 20190810025627 
1 0.0955 -0.0769 0.2829 21.0098818 105.7439093 20190810025627 
1 0.2436 0.0884 -0.1069 21.0098818 105.7439093 20190810025627 
1 -0.1129 -0.2070 -0.0060 21.0098818 105.7439093 20190810025627 
1 0.2684 -0.1961 0.3699 21.0098818 105.7439093 20190810025627 
1 0.1113 -0.0490 0.0238 21.0098818 105.7439093 20190810025627 
1 0.0671 0.1063 -0.3991 21.0098818 105.7439093 20190810025627 
1 0.0897 -0.1471 -0.1104 21.0098818 105.7439093 20190810025627 
1 0.0467 -0.1959 0.3401 21.0098818 105.7439093 20190810025627 
1 0.2714 0.0122 0.0174 21.0098818 105.7439093 20190810025627 
1 -0.2213 -0.0284 -0.2385 21.0098818 105.7439093 20190810025627 
1 0.0639 -0.0073 -0.2527 21.0098818 105.7439093 20190810025627 
1 0.0673 -0.1913 -0.0178 21.0098818 105.7439093 20190810025627 
1 0.2078 -0.0714 0.0111 21.0098818 105.7439093 20190810025627 
1 -0.0558 -0.0464 -0.2794 21.0098818 105.7439093 20190810025627 
1 -0.0112 -0.1118 -0.1673 21.0098818 105.7439093 20190810025627 
1 -0.0999 -0.1247 -0.1574 21.0098818 105.7439093 20190810025627 
1 0.1131 -0.1521 -0.1640 21.0098818 105.7439093 20190810025627 
1 -0.0058 -0.1905 0.1603 21.0098818 105.7439093 20190810025627 
1 -0.1042 -0.0623 0.0200 21.0098818 105.7439093 20190810025627 
1 0.2483 -0.0987 -0.0399 21.0098818 105.7439093 20190810025627 
1 -0.0439 -0.1911 -0.0974 21.0098818 105.7439093 20190810025627 
1 -0.1367 -0.1641 -0.0321 21.0098818 105.7439093 20190810025627 
1 -0.0904 -0.1816 0.1493 21.0098818 105.7439093 20190810025627 
1 0.1606 -0.0406 0.1685 21.0098818 105.7439093 20190810025627 
1 -0.0566 -0.0982 0.0967 21.0098818 105.7439093 20190810025627 
1 0.0012 -0.1452 0.1812 21.0098818 105.7439093 20190810025627 
1 0.2870 -0.1579 0.1353 21.0098818 105.7439093 20190810025627 
1 -0.1892 -0.2286 0.0567 21.0098818 105.7439093 20190810025627 
1 0.3603 -0.0383 0.1585 21.0098818 105.7439093 20190810025627 
1 0.0218 -0.1099 0.0575 21.0098878 105.7437288 20190810025627 
1 0.2407 -0.2029 0.3372 21.0098878 105.7437288 20190810025627 
1 0.0599 -0.1632 0.1476 21.0098878 105.7437288 20190810025627 
1 0.1854 -0.1058 0.0485 21.0098878 105.7437288 20190810025627 
1 -0.0497 -0.2046 0.1602 21.0098878 105.7437288 20190810025627 
1 0.2513 -0.1150 0.4796 21.0098878 105.7437288 20190810025627 
1 -0.1093 -0.2118 0.0937 21.0098878 105.7437288 20190810025627 
1 0.3037 -0.0861 -0.0539 21.0098878 105.7437288 20190810025627 
1 -0.0281 -0.1809 0.0395 21.0098878 105.7437288 20190810025627 
1 -0.0069 -0.1363 0.1169 21.0098878 105.7437288 20190810025627 
1 -0.0147 -0.1622 -0.1036 21.0098878 105.7437288 20190810025627 
1 -0.0191 -0.0708 -0.1400 21.0098878 105.7437288 20190810025627 
1 -0.0482 -0.2076 0.2015 21.0098878 105.7437288 20190810025627 
1 0.2001 -0.1324 -0.0502 21.0098878 105.7437288 20190810025627 
1 0.0198 -0.0532 -0.5126 21.0098878 105.7437288 20190810025627 
1 -0.1032 -0.1238 -0.4753 21.0098878 105.7437288 20190810025627 
1 0.0469 -0.2151 -0.2513 21.0098878 105.7437288 20190810025627 
1 0.0121 -0.1380 0.0244 21.0098878 105.7437288 20190810025627 
1 0.0289 -0.0224 -0.1602 21.0098878 105.7437288 20190810025628 
1 -0.0594 -0.2682 -0.3869 21.0098878 105.7437288 20190810025628 
1 0.1592 -0.1806 -0.1419 21.0098878 105.7437288 20190810025628 
1 0.0677 0.0052 -0.4521 21.0098878 105.7437288 20190810025628 
1 0.2842 -0.3347 -0.2478 21.0098878 105.7437288 20190810025628 
1 -0.1302 -0.3025 0.0606 21.0098878 105.7437288 20190810025628 
1 0.2946 0.0475 -0.2028 21.0098878 105.7437288 20190810025628 
1 0.0680 -0.1166 -0.1190 21.0098878 105.7437288 20190810025628 
1 0.0443 -0.3074 0.1081 21.0098878 105.7437288 20190810025628 
1 0.0402 -0.0872 -0.0428 21.0098878 105.7437288 20190810025628 
1 0.3009 -0.0235 0.0336 21.0098878 105.7437288 20190810025628 
1 0.0566 -0.1524 0.0635 21.0098878 105.7437288 20190810025628 
1 0.0552 -0.1882 -0.0412 21.0098878 105.7437288 20190810025628 
1 -0.0401 -0.1821 0.1761 21.0098878 105.7437288 20190810025628 
1 0.0016 -0.1468 0.1829 21.0098878 105.7437288 20190810025628 
1 0.1609 -0.0773 0.2671 21.0098878 105.7437288 20190810025628 
1 0.0222 -0.1920 0.0737 21.0098878 105.7437288 20190810025628 
1 0.0880 -0.2712 -0.0051 21.0098878 105.7437288 20190810025628 
1 0.0173 -0.2769 0.2709 21.0098878 105.7437288 20190810025628 
1 0.2470 -0.0136 -0.1521 21.0098878 105.7437288 20190810025628 
1 -0.1032 -0.2805 0.0490 21.0098878 105.7437288 20190810025628 
1 0.1485 -0.1646 0.4968 21.0098878 105.7437288 20190810025628 
1 0.0264 -0.0887 0.0902 21.0098878 105.7437288 20190810025628 
1 0.0123 -0.2828 0.0430 21.0098878 105.7437288 20190810025628 
1 -0.0010 -0.2067 0.3864 21.0098878 105.7437288 20190810025628 
1 -0.0438 -0.2474 0.3858 21.0098878 105.7437288 20190810025628 
1 0.1512 -0.1628 0.5666 21.0098878 105.7437288 20190810025628 
1 0.3348 -0.0137 0.3068 21.0098878 105.7437288 20190810025628 
1 0.0004 -0.2353 0.3197 21.0098878 105.7437288 20190810025628 
1 0.0758 -0.2646 0.5963 21.0098878 105.7437288 20190810025628 
1 0.2266 -0.0818 0.2534 21.0098933 105.7435556 20190810025628 
1 -0.1449 -0.1863 0.3571 21.0098933 105.7435556 20190810025628 
1 0.0419 -0.1668 0.3599 21.0098933 105.7435556 20190810025628 
1 0.1948 -0.2788 0.3843 21.0098933 105.7435556 20190810025628 
1 0.2479 -0.1186 0.3402 21.0098933 105.7435556 20190810025628 
1 0.0730 -0.1195 0.0910 21.0098933 105.7435556 20190810025628 
1 0.0559 -0.2024 0.2173 21.0098933 105.7435556 20190810025628 
1 0.1207 -0.1947 0.5654 21.0098933 105.7435556 20190810025628 
1 0.1097 -0.0534 0.1885 21.0098933 105.7435556 20190810025628 
1 0.0528 -0.0794 -0.0994 21.0098933 105.7435556 20190810025628 
1 -0.2178 -0.2975 0.0536 21.0098933 105.7435556 20190810025628 
1 0.2897 -0.1932 0.5643 21.0098933 105.7435556 20190810025628 
1 0.0000 -0.0884 0.0393 21.0098933 105.7435556 20190810025628 
1 0.1456 -0.1890 -0.0519 21.0098933 105.7435556 20190810025628 
1 0.0331 -0.1405 -0.0251 21.0098933 105.7435556 20190810025628 
1 0.1928 -0.1710 -0.0594 21.0098933 105.7435556 20190810025628 
1 -0.0486 -0.2268 -0.0953 21.0098933 105.7435556 20190810025628 
1 0.0808 -0.0645 -0.3843 21.0098933 105.7435556 20190810025628 
1 -0.1002 -0.2029 -0.0799 21.0098933 105.7435556 20190810025628 
1 0.1437 -0.1817 0.2857 21.0098933 105.7435556 20190810025629 
1 -0.0358 -0.1800 0.1444 21.0098933 105.7435556 20190810025629 
1 0.3185 -0.1801 0.1407 21.0098933 105.7435556 20190810025629 
1 -0.2233 -0.1117 -0.1455 21.0098933 105.7435556 20190810025629 
1 0.0265 -0.1691 -0.2429 21.0098933 105.7435556 20190810025629 
1 0.1175 -0.2171 0.0056 21.0098933 105.7435556 20190810025629 
1 -0.0439 -0.0575 -0.2482 21.0098933 105.7435556 20190810025629 
1 -0.0892 -0.1595 -0.1905 21.0098933 105.7435556 20190810025629 
1 0.0828 -0.1560 -0.0241 21.0098933 105.7435556 20190810025629 
1 0.0866 -0.2040 0.1583 21.0098933 105.7435556 20190810025629 
1 0.0947 -0.1719 0.1898 21.0098933 105.7435556 20190810025629 
1 0.0621 -0.0415 -0.3533 21.0098933 105.7435556 20190810025629 
1 0.0635 -0.2677 -0.1845 21.0098933 105.7435556 20190810025629 
1 0.0112 -0.1812 -0.1471 21.0098933 105.7435556 20190810025629 
1 0.0157 -0.2635 -0.3061 21.0098933 105.7435556 20190810025629 
1 0.1540 -0.2664 -0.3642 21.0098933 105.7435556 20190810025629 
1 -0.1976 -0.1364 0.0326 21.0098933 105.7435556 20190810025629 
1 0.1043 -0.1094 0.1739 21.0098933 105.7435556 20190810025629 
1 0.0699 -0.2625 -0.0261 21.0098933 105.7435556 20190810025629 
1 0.0323 -0.2653 0.0102 21.0098933 105.7435556 20190810025629 
1 -0.0569 0.0069 -0.0986 21.0098933 105.7435556 20190810025629 
1 0.2552 -0.1473 -0.1456 21.0098933 105.7435556 20190810025629 
1 0.0337 -0.3977 0.3698 21.0098933 105.7435556 20190810025629 
1 0.2412 -0.2008 0.4534 21.0098933 105.7435556 20190810025629 
1 -0.0734 -0.2052 0.0983 21.0098933 105.7435556 20190810025629 
1 0.0602 -0.1283 0.0971 21.0098933 105.7435556 20190810025629 
1 -0.0477 -0.3048 0.2414 21.0098933 105.7435556 20190810025629 
1 0.1588 -0.2254 0.4526 21.0098933 105.7435556 20190810025629 
1 -0.1438 -0.1027 0.0187 21.0098933 105.7435556 20190810025629 
1 0.2759 -0.1884 0.3511 21.0098933 105.7435556 20190810025629 
1 -0.1449 -0.1735 0.0651 21.0099016 105.7434049 20190810025629 
1 0.0984 -0.3070 0.1395 21.0099016 105.7434049 20190810025629 
1 0.0343 -0.2049 0.1230 21.0099016 105.7434049 20190810025629 
1 0.0098 -0.1236 0.0753 21.0099016 105.7434049 20190810025629 
1 0.1502 -0.2647 0.5166 21.0099016 105.7434049 20190810025629 
1 0.0870 -0.2639 0.3067 21.0099016 105.7434049 20190810025629 
1 0.0648 -0.2815 -0.0240 21.0099016 105.7434049 20190810025629 
1 0.0597 -0.1928 0.1059 21.0099016 105.7434049 20190810025629 
1 -0.0222 -0.2484 0.2159 21.0099016 105.7434049 20190810025629 
1 0.0997 -0.2925 0.2545 21.0099016 105.7434049 20190810025629 
1 0.0182 -0.3346 0.2856 21.0099016 105.7434049 20190810025629 
1 0.1596 -0.1156 0.4921 21.0099016 105.7434049 20190810025629 
1 0.1898 -0.2601 0.6345 21.0099016 105.7434049 20190810025629 
1 0.0430 -0.3504 0.4185 21.0099016 105.7434049 20190810025629 
1 0.1697 -0.1839 0.1969 21.0099016 105.7434049 20190810025629 
1 -0.0015 -0.1853 0.3863 21.0099016 105.7434049 20190810025629 
1 0.1292 -0.1103 0.3431 21.0099016 105.7434049 20190810025629 
1 -0.0725 -0.4102 0.4821 21.0099016 105.7434049 20190810025629 
1 -0.0614 -0.1909 0.4302 21.0099016 105.7434049 20190810025630 
1 0.0349 -0.0107 -0.1590 21.0099016 105.7434049 20190810025630 
1 0.3826 -0.2140 0.0016 21.0099016 105.7434049 20190810025630 
1 -0.0898 -0.1455 -0.2412 21.0099016 105.7434049 20190810025630 
1 0.2609 -0.1927 -0.5536 21.0099016 105.7434049 20190810025630 
1 0.0016 -0.1053 -0.7175 21.0099016 105.7434049 20190810025630 
1 0.0305 -0.0932 -0.5856 21.0099016 105.7434049 20190810025630 
1 -0.0193 -0.3170 -0.4105 21.0099016 105.7434049 20190810025630 
1 0.0273 -0.0577 -0.7214 21.0099016 105.7434049 20190810025630 
1 0.1170 -0.1331 -1.2222 21.0099016 105.7434049 20190810025630 
1 -0.0200 -0.2420 -0.9386 21.0099016 105.7434049 20190810025630 
1 0.0478 -0.1474 -0.9337 21.0099016 105.7434049 20190810025630 
1 0.0120 -0.1461 -1.2001 21.0099016 105.7434049 20190810025630 
1 -0.0144 -0.1285 -0.9669 21.0099016 105.7434049 20190810025630 
1 -0.0223 -0.2174 -0.7399 21.0099016 105.7434049 20190810025630 
1 0.1942 -0.1620 -0.5987 21.0099016 105.7434049 20190810025630 
1 -0.0742 -0.1527 -0.6134 21.0099016 105.7434049 20190810025630 
1 -0.0288 -0.1998 -0.6534 21.0099016 105.7434049 20190810025630 
1 -0.1136 -0.3258 -0.2554 21.0099016 105.7434049 20190810025630 
1 0.2179 -0.1780 -0.0673 21.0099016 105.7434049 20190810025630 
1 -0.0822 -0.2611 -0.1572 21.0099016 105.7434049 20190810025630 
1 0.1301 -0.2683 -0.0827 21.0099016 105.7434049 20190810025630 
1 -0.1336 -0.2975 0.0216 21.0099016 105.7434049 20190810025630 
1 0.3278 -0.2710 0.1574 21.0099016 105.7434049 20190810025630 
1 -0.1004 -0.2847 0.2679 21.0099016 105.7434049 20190810025630 
1 0.0148 -0.2877 0.4369 21.0099016 105.7434049 20190810025630 
1 0.1268 -0.2416 0.4633 21.0099016 105.7434049 20190810025630 
1 0.0742 -0.2670 0.2102 21.0099016 105.7434049 20190810025630 
1 0.0515 -0.2825 0.3712 21.0099016 105.7434049 20190810025630 
1 0.0740 -0.3497 0.5199 21.0099016 105.7434049 20190810025630 
1 -0.0607 -0.2625 0.4141 21.0099016 105.7434049 20190810025630 
1 0.2747 -0.1312 0.4118 21.0099016 105.7434049 20190810025630 
1 -0.1293 -0.2487 0.0695 21.0099016 105.7434049 20190810025630 
1 -0.0415 -0.4195 0.6272 21.0099139 105.7432342 20190810025630 
1 0.1436 -0.2443 0.4360 21.0099139 105.7432342 20190810025630 
1 0.0804 -0.2393 0.5693 21.0099139 105.7432342 20190810025630 
1 -0.5023 -0.1849 0.1512 21.0099139 105.7432342 20190810025630 
1 0.2581 -0.2831 -0.0025 21.0099139 105.7432342 20190810025630 
1 -0.1328 -0.4983 0.3808 21.0099139 105.7432342 20190810025630 
1 0.0450 -0.0226 -0.0297 21.0099139 105.7432342 20190810025630 
1 -0.1421 -0.0385 -0.5112 21.0099139 105.7432342 20190810025630 
1 0.1924 -0.3293 0.2990 21.0099139 105.7432342 20190810025630 
1 -0.2913 -0.3029 0.6349 21.0099139 105.7432342 20190810025630 
1 0.2829 -0.0547 0.4514 21.0099139 105.7432342 20190810025630 
1 -0.1501 -0.0681 -0.6109 21.0099139 105.7432342 20190810025630 
1 -0.0404 -0.3637 -0.0580 21.0099139 105.7432342 20190810025630 
1 0.3607 -0.0442 -0.2476 21.0099139 105.7432342 20190810025630 
1 -0.1188 -0.1591 -0.6661 21.0099139 105.7432342 20190810025630 
1 0.1134 -0.2507 -0.5128 21.0099139 105.7432342 20190810025630 
1 -0.0653 -0.2661 -0.1580 21.0099139 105.7432342 20190810025630 
1 0.2663 -0.2099 0.0693 21.0099139 105.7432342 20190810025630 
1 0.0743 -0.1008 -0.2451 21.0099139 105.7432342 20190810025630 
1 0.2538 -0.2702 -0.1000 21.0099139 105.7432342 20190810025631 
1 -0.0257 -0.3540 -0.0619 21.0099139 105.7432342 20190810025631 
1 0.3607 -0.0047 -0.4421 21.0099139 105.7432342 20190810025631 
1 -0.1109 -0.4180 -0.1145 21.0099139 105.7432342 20190810025631 
1 -0.0086 -0.2193 0.3206 21.0099139 105.7432342 20190810025631 
1 -0.1918 -0.3424 0.2660 21.0099139 105.7432342 20190810025631 
1 0.0560 -0.1839 0.5350 21.0099139 105.7432342 20190810025631 
1 -0.0961 -0.2747 0.6894 21.0099139 105.7432342 20190810025631 
1 0.0936 -0.3648 0.6183 21.0099139 105.7432342 20190810025631 
1 0.1700 -0.1949 0.3732 21.0099139 105.7432342 20190810025631 
1 -0.1685 -0.3170 0.3254 21.0099139 105.7432342 20190810025631 
1 -0.0438 -0.5051 1.1997 21.0099139 105.7432342 20190810025631 
1 0.0629 -0.2760 1.0113 21.0099139 105.7432342 20190810025631 
1 -0.2352 -0.2289 0.4605 21.0099139 105.7432342 20190810025631 
1 -0.1732 -0.3199 0.6693 21.0099139 105.7432342 20190810025631 
1 0.0830 -0.4954 1.1216 21.0099139 105.7432342 20190810025631 
1 0.0730 -0.0578 0.3139 21.0099139 105.7432342 20190810025631 
1 0.0353 -0.0407 -0.1187 21.0099139 105.7432342 20190810025631 
1 0.0295 -0.2599 0.5248 21.0099139 105.7432342 20190810025631 
1 0.1892 -0.3223 1.1310 21.0099139 105.7432342 20190810025631 
1 -0.0614 -0.2600 0.7270 21.0099139 105.7432342 20190810025631 
1 -0.1897 -0.0765 0.1316 21.0099139 105.7432342 20190810025631 
1 -0.1534 -0.3470 0.1828 21.0099139 105.7432342 20190810025631 
1 0.0162 -0.0071 -0.6614 21.0099139 105.7432342 20190810025631 
1 0.2394 -0.0212 -1.4537 21.0099139 105.7432342 20190810025631 
1 -0.2213 -0.6290 -0.2179 21.0099139 105.7432342 20190810025631 
1 0.4100 0.3124 -1.0012 21.0099139 105.7432342 20190810025631 
1 -0.3534 -0.0679 -0.7783 21.0099139 105.7432342 20190810025631 
1 0.1123 -0.4725 0.6261 21.0099139 105.7432342 20190810025631 
1 -0.5219 -0.1199 -0.1303 21.0099139 105.7432342 20190810025631 
1 0.6446 -0.1239 -0.6542 21.0099139 105.7432342 20190810025631 
1 -0.1763 0.2159 -2.2110 21.0099267 105.7430665 20190810025631 
1 -0.2938 -0.7812 -1.4054 21.0099267 105.7430665 20190810025631 
1 0.0103 -0.1783 -0.5365 21.0099267 105.7430665 20190810025631 
1 0.3561 0.1394 -1.6799 21.0099267 105.7430665 20190810025631 
1 -0.1644 -0.5356 -0.5043 21.0099267 105.7430665 20190810025631 
1 0.1187 0.1586 -0.1805 21.0099267 105.7430665 20190810025631 
1 -0.1124 -0.3869 -0.6234 21.0099267 105.7430665 20190810025631 
1 0.1044 -0.3225 0.1695 21.0099267 105.7430665 20190810025631 
1 0.1786 0.0858 -0.6702 21.0099267 105.7430665 20190810025631 
1 -0.4108 -0.4439 -0.3219 21.0099267 105.7430665 20190810025631 
1 0.3346 -0.0189 -0.3677 21.0099267 105.7430665 20190810025631 
1 0.0359 -0.2823 -0.2335 21.0099267 105.7430665 20190810025631 
1 0.3682 -0.4218 1.1210 21.0099267 105.7430665 20190810025631 
1 -0.2991 0.0635 -0.0884 21.0099267 105.7430665 20190810025631 
1 0.2958 -0.3259 0.4602 21.0099267 105.7430665 20190810025631 
1 -0.2633 -0.0088 0.3594 21.0099267 105.7430665 20190810025631 
1 0.2437 -0.1020 0.0226 21.0099267 105.7430665 20190810025631 
1 0.1039 -0.5977 1.1666 21.0099267 105.7430665 20190810025632 
1 -0.2789 0.0123 0.5435 21.0099267 105.7430665 20190810025632 
1 0.3837 0.0196 -0.0303 21.0099267 105.7430665 20190810025632 
1 -0.0857 -0.2206 0.7927 21.0099267 105.7430665 20190810025632 
1 -0.5859 -0.4865 0.8087 21.0099267 105.7430665 20190810025632 
1 0.1680 0.1204 -0.6877 21.0099267 105.7430665 20190810025632 
1 0.0083 -0.1093 -0.2630 21.0099267 105.7430665 20190810025632 
1 -0.1123 -0.2132 0.1169 21.0099267 105.7430665 20190810025632 
1 -0.0523 -0.2864 0.4371 21.0099267 105.7430665 20190810025632 
1 -0.1053 -0.0183 0.0343 21.0099267 105.7430665 20190810025632 
1 -0.1327 -0.1140 -0.0542 21.0099267 105.7430665 20190810025632 
1 0.1720 -0.1451 0.0972 21.0099267 105.7430665 20190810025632 
1 -0.2960 -0.2040 -0.1860 21.0099267 105.7430665 20190810025632 
1 -0.0066 0.0317 -0.7423 21.0099267 105.7430665 20190810025632 
1 0.2655 -0.0738 -0.3424 21.0099267 105.7430665 20190810025632 
1 0.0529 -0.3562 0.5718 21.0099267 105.7430665 20190810025632 
1 0.0483 -0.0262 -0.1347 21.0099267 105.7430665 20190810025632 
1 -0.1072 -0.0400 -0.2835 21.0099267 105.7430665 20190810025632 
1 0.0903 -0.1898 0.3766 21.0099267 105.7430665 20190810025632 
1 -0.0235 -0.2372 -0.0705 21.0099267 105.7430665 20190810025632 
1 0.2160 -0.0064 -0.2062 21.0099267 105.7430665 20190810025632 
1 0.3377 -0.0969 -0.1243 21.0099267 105.7430665 20190810025632 
1 -0.1761 -0.0958 -0.6741 21.0099267 105.7430665 20190810025632 
1 0.1381 -0.7384 1.2734 21.0099267 105.7430665 20190810025632 
1 0.4143 0.2924 0.3125 21.0099267 105.7430665 20190810025632 
1 -0.1491 0.0288 -0.4392 21.0099267 105.7430665 20190810025632 
1 -0.3057 -0.3202 0.0906 21.0099267 105.7430665 20190810025632 
1 0.3656 -0.2290 0.1893 21.0099267 105.7430665 20190810025632 
1 0.0195 -0.0864 0.1698 21.0099267 105.7430665 20190810025632 
1 -0.1332 0.1226 -0.0429 21.0099267 105.7430665 20190810025632 
1 -0.0710 -0.3208 0.0963 21.0099267 105.7430665 20190810025632 
1 0.3091 -0.1023 0.5386 21.0099267 105.7430665 20190810025632 
1 0.1535 0.2776 -0.4961 21.0099267 105.7430665 20190810025632 
1 -0.3059 -0.1246 -0.7820 21.0099402 105.7429006 20190810025632 
1 0.0436 -0.1920 -0.4507 21.0099402 105.7429006 20190810025632 
1 0.1342 -0.0526 -0.2608 21.0099402 105.7429006 20190810025632 
1 -0.4234 0.0825 -0.4465 21.0099402 105.7429006 20190810025632 
1 0.1677 0.2528 -0.8589 21.0099402 105.7429006 20190810025632 
1 -0.1581 -0.4140 -0.7110 21.0099402 105.7429006 20190810025632 
1 -0.1800 -0.1483 -0.6100 21.0099402 105.7429006 20190810025632 
1 0.2458 0.1290 -1.0749 21.0099402 105.7429006 20190810025632 
1 -0.0925 -0.0905 -1.1538 21.0099402 105.7429006 20190810025632 
1 -0.1846 -0.3586 -0.4413 21.0099402 105.7429006 20190810025632 
1 0.0403 -0.0502 -0.8992 21.0099402 105.7429006 20190810025632 
1 -0.0569 0.0506 -1.0855 21.0099402 105.7429006 20190810025632 
1 -0.1349 -0.2449 -0.1553 21.0099402 105.7429006 20190810025632 
1 0.0386 -0.2919 0.3023 21.0099402 105.7429006 20190810025632 
1 -0.1010 0.0351 -0.0031 21.0099402 105.7429006 20190810025632 
1 0.1397 0.2600 -0.4251 21.0099402 105.7429006 20190810025632 
1 -0.2483 -0.6715 1.0445 21.0099402 105.7429006 20190810025633 
1 0.2177 -0.0165 0.9190 21.0099402 105.7429006 20190810025633 
1 0.2235 0.1090 -0.0626 21.0099402 105.7429006 20190810025633 
1 -0.2382 -0.1207 0.4441 21.0099402 105.7429006 20190810025633 
1 0.2628 -0.2839 1.3222 21.0099402 105.7429006 20190810025633 
1 0.2945 -0.1569 0.8349 21.0099402 105.7429006 20190810025633 
1 -0.0300 0.1212 0.3132 21.0099402 105.7429006 20190810025633 
1 0.1788 -0.0289 0.6009 21.0099402 105.7429006 20190810025633 
1 0.0814 -0.3721 0.8840 21.0099402 105.7429006 20190810025633 
1 -0.0277 -0.0023 0.3741 21.0099402 105.7429006 20190810025633 
1 0.2742 -0.0136 0.3920 21.0099402 105.7429006 20190810025633 
1 -0.3316 -0.0224 0.1970 21.0099402 105.7429006 20190810025633 
1 0.0064 0.0041 0.0942 21.0099402 105.7429006 20190810025633 
1 0.4352 0.1103 -0.3035 21.0099402 105.7429006 20190810025633 
1 -0.4093 -0.1172 -0.0045 21.0099402 105.7429006 20190810025633 
1 0.0694 0.0480 -0.3323 21.0099402 105.7429006 20190810025633 
1 0.0943 -0.0895 -0.1898 21.0099402 105.7429006 20190810025633 
1 -0.1597 -0.0405 0.2500 21.0099402 105.7429006 20190810025633 
1 -0.2242 -0.1584 -0.0322 21.0099402 105.7429006 20190810025633 
1 0.6987 0.0798 -0.4416 21.0099402 105.7429006 20190810025633 
1 -0.0659 0.0330 -1.1598 21.0099402 105.7429006 20190810025633 
1 -0.3865 -0.3180 -0.4829 21.0099402 105.7429006 20190810025633 
1 -0.0305 -0.0647 -0.1044 21.0099402 105.7429006 20190810025633 
1 -0.1912 -0.0538 -0.2676 21.0099402 105.7429006 20190810025633 
1 -0.0037 -0.0992 0.4440 21.0099402 105.7429006 20190810025633 
1 0.0916 -0.1175 0.4329 21.0099402 105.7429006 20190810025633 
1 0.1668 -0.0663 -0.0395 21.0099402 105.7429006 20190810025633 
1 0.2771 -0.0432 0.0860 21.0099402 105.7429006 20190810025633 
1 0.4083 0.0680 -0.2800 21.0099402 105.7429006 20190810025633 
1 -0.7802 -0.3074 0.2004 21.0099402 105.7429006 20190810025633 
1 0.2522 0.0514 0.2746 21.0099402 105.7429006 20190810025633 
1 -0.1719 -0.2567 0.3882 21.0099402 105.7429006 20190810025633 
1 -0.1115 -0.0452 0.7902 21.0099402 105.7429006 20190810025633 
1 -0.0700 -0.0266 0.5149 21.0099402 105.7429006 20190810025633 
1 0.1014 -0.0758 0.3413 21.0099477 105.7427373 20190810025633 
1 -0.4132 -0.1754 0.2992 21.0099477 105.7427373 20190810025633 
1 0.4510 0.0219 -0.3782 21.0099477 105.7427373 20190810025633 
1 0.1314 -0.3252 0.3220 21.0099477 105.7427373 20190810025633 
1 -0.0606 0.0381 0.5617 21.0099477 105.7427373 20190810025633 
1 -0.1190 0.1689 -0.3096 21.0099477 105.7427373 20190810025633 
1 0.4533 0.1661 -0.4450 21.0099477 105.7427373 20190810025633 
1 -0.4447 -0.1731 0.0219 21.0099477 105.7427373 20190810025633 
1 0.5065 0.0703 0.1694 21.0099477 105.7427373 20190810025633 
1 -0.1099 0.1144 -0.5156 21.0099477 105.7427373 20190810025633 
1 0.4728 0.1943 -0.7455 21.0099477 105.7427373 20190810025633 
1 0.3507 -0.0407 -0.3744 21.0099477 105.7427373 20190810025633 
1 -0.1281 -0.2777 -0.1364 21.0099477 105.7427373 20190810025633 
1 -0.0498 0.3788 -1.6815 21.0099477 105.7427373 20190810025633 
1 0.7380 0.0425 -1.4124 21.0099477 105.7427373 20190810025633 
1 -0.4264 -0.4792 -0.0914 21.0099477 105.7427373 20190810025634 
1 0.0611 -0.0156 0.0228 21.0099477 105.7427373 20190810025634 
1 0.6004 0.2648 -0.8921 21.0099477 105.7427373 20190810025634 
1 0.2865 0.1906 -1.3119 21.0099477 105.7427373 20190810025634 
1 -0.0973 -0.5594 0.0546 21.0099477 105.7427373 20190810025634 
1 -0.0131 -0.2082 0.6997 21.0099477 105.7427373 20190810025634 
1 0.4612 0.5860 -0.8963 21.0099477 105.7427373 20190810025634 
1 0.3284 -0.0930 0.0868 21.0099477 105.7427373 20190810025634 
1 -0.2115 -0.3352 1.2201 21.0099477 105.7427373 20190810025634 
1 0.1805 0.1537 0.2001 21.0099477 105.7427373 20190810025634 
1 1.1245 0.2633 -0.0507 21.0099477 105.7427373 20190810025634 
1 -0.1026 -0.1911 0.6656 21.0099477 105.7427373 20190810025634 
1 -0.2594 -0.3042 1.2029 21.0099477 105.7427373 20190810025634 
1 0.9151 0.5311 -0.2457 21.0099477 105.7427373 20190810025634 
1 0.5944 0.0087 -0.2164 21.0099477 105.7427373 20190810025634 
1 -0.4718 -0.5105 1.1426 21.0099477 105.7427373 20190810025634 
1 0.1117 -0.0183 0.7990 21.0099477 105.7427373 20190810025634 
1 0.5693 0.3857 -0.5537 21.0099477 105.7427373 20190810025634 
1 -0.2262 -0.0716 0.2542 21.0099477 105.7427373 20190810025634 
1 0.4241 -0.2073 0.9019 21.0099477 105.7427373 20190810025634 
1 0.3871 0.2687 0.0424 21.0099477 105.7427373 20190810025634 
1 0.5175 0.3648 -0.5265 21.0099477 105.7427373 20190810025634 
1 0.1558 -0.0276 0.4800 21.0099477 105.7427373 20190810025634 
1 -0.1088 0.1227 0.2012 21.0099477 105.7427373 20190810025634 
1 0.7627 0.1654 -0.0492 21.0099477 105.7427373 20190810025634 
1 -0.4312 -0.0467 0.4111 21.0099477 105.7427373 20190810025634 
1 0.6213 0.3846 0.2139 21.0099477 105.7427373 20190810025634 
1 0.3926 0.0188 0.1611 21.0099477 105.7427373 20190810025634 
1 0.2726 0.1005 0.2753 21.0099477 105.7427373 20190810025634 
1 -0.1564 0.2110 -0.2970 21.0099477 105.7427373 20190810025634 
1 0.6120 0.2236 -1.1118 21.0099477 105.7427373 20190810025634 
1 -0.2058 -0.1944 0.1334 21.0099477 105.7427373 20190810025634 
1 0.6532 -0.0325 0.8032 21.0099477 105.7427373 20190810025634 
1 0.4248 0.6106 -0.8100 21.0099477 105.7427373 20190810025634 
1 -0.5102 -0.0305 -0.5408 21.0099604 105.7425697 20190810025634 
1 0.4411 -0.3256 0.6980 21.0099604 105.7425697 20190810025634 
1 -0.3306 0.1025 0.4560 21.0099604 105.7425697 20190810025634 
1 0.5138 0.3090 -0.0442 21.0099604 105.7425697 20190810025634 
1 -0.0379 -0.0468 -0.2752 21.0099604 105.7425697 20190810025634 
1 0.3694 -0.0489 0.6628 21.0099604 105.7425697 20190810025634 
1 0.0119 0.0727 0.6915 21.0099604 105.7425697 20190810025634 
1 0.4957 0.1955 -0.3320 21.0099604 105.7425697 20190810025634 
1 -0.2993 -0.1090 0.3956 21.0099604 105.7425697 20190810025634 
1 -0.1270 0.1186 0.5663 21.0099604 105.7425697 20190810025634 
1 0.6271 0.2617 -0.2207 21.0099604 105.7425697 20190810025634 
1 -0.2357 -0.1296 0.7196 21.0099604 105.7425697 20190810025634 
1 0.1841 -0.0727 0.7737 21.0099604 105.7425697 20190810025634 
1 0.2039 0.2446 -0.1545 21.0099604 105.7425697 20190810025634 
1 0.1773 -0.0038 0.4003 21.0099604 105.7425697 20190810025634 
1 -0.4457 0.1760 -0.3144 21.0099604 105.7425697 20190810025635 
1 0.9319 -0.1542 0.3928 21.0099604 105.7425697 20190810025635 
1 -0.2460 0.1785 0.0582 21.0099604 105.7425697 20190810025635 
1 0.1629 0.4219 -0.2920 21.0099604 105.7425697 20190810025635 
1 0.2674 0.0969 -0.4536 21.0099604 105.7425697 20190810025635 
1 -0.0933 0.0605 0.0018 21.0099604 105.7425697 20190810025635 
1 0.6589 0.1690 -0.0600 21.0099604 105.7425697 20190810025635 
1 0.1000 0.3231 -0.3770 21.0099604 105.7425697 20190810025635 
1 -0.0086 0.1483 -0.6743 21.0099604 105.7425697 20190810025635 
1 0.2081 -0.1919 0.2762 21.0099604 105.7425697 20190810025635 
1 0.1432 0.3601 -0.2852 21.0099604 105.7425697 20190810025635 
1 0.2627 0.3385 -1.1613 21.0099604 105.7425697 20190810025635 
1 -0.0734 -0.2339 -0.8654 21.0099604 105.7425697 20190810025635 
1 0.0962 0.2768 -0.2122 21.0099604 105.7425697 20190810025635 
1 0.3872 -0.0097 0.4371 21.0099604 105.7425697 20190810025635 
1 0.1602 0.4535 -0.6387 21.0099604 105.7425697 20190810025635 
1 -0.2495 -0.2578 0.0281 21.0099604 105.7425697 20190810025635 
1 -0.1645 0.0582 0.2889 21.0099604 105.7425697 20190810025635 
1 0.5629 0.3499 -0.1959 21.0099604 105.7425697 20190810025635 
1 -0.2678 0.0537 -0.3130 21.0099604 105.7425697 20190810025635 
1 -0.2939 -0.2616 1.0101 21.0099604 105.7425697 20190810025635 
1 0.6578 0.6068 -0.2585 21.0099604 105.7425697 20190810025635 
1 -0.0662 -0.0681 0.3751 21.0099604 105.7425697 20190810025635 
1 0.3257 0.0453 1.1306 21.0099604 105.7425697 20190810025635 
1 0.0744 0.1674 0.8925 21.0099604 105.7425697 20190810025635 
1 0.1102 0.3340 -0.2846 21.0099604 105.7425697 20190810025635 
1 -0.0474 -0.1036 0.5104 21.0099604 105.7425697 20190810025635 
1 0.4223 0.1658 0.1917 21.0099604 105.7425697 20190810025635 
1 -0.9094 0.0692 0.4461 21.0099604 105.7425697 20190810025635 
1 0.7523 0.3619 0.2495 21.0099604 105.7425697 20190810025635 
1 -0.4882 -0.1185 0.6351 21.0099604 105.7425697 20190810025635 
1 0.5253 0.5436 0.1605 21.0099604 105.7425697 20190810025635 
1 -0.4266 0.0578 -0.3594 21.0099604 105.7425697 20190810025635 
1 0.2298 0.0010 0.2112 21.0099604 105.7425697 20190810025635 
1 -0.0588 0.4025 0.1387 21.0099703 105.742397 20190810025635 
1 0.2537 0.2761 -0.5637 21.0099703 105.742397 20190810025635 
1 -0.1571 0.0502 -0.4079 21.0099703 105.742397 20190810025635 
1 0.1151 0.0984 0.1511 21.0099703 105.742397 20190810025635 
1 0.1814 0.0353 0.0583 21.0099703 105.742397 20190810025635 
1 0.1424 0.5514 -0.7305 21.0099703 105.742397 20190810025635 
1 -0.2073 -0.1522 -0.0204 21.0099703 105.742397 20190810025635 
1 0.3279 0.3460 -0.2976 21.0099703 105.742397 20190810025635 
1 0.1641 0.3273 -0.5293 21.0099703 105.742397 20190810025635 
1 0.1308 -0.1197 -0.1062 21.0099703 105.742397 20190810025635 
1 0.1228 0.2755 0.1329 21.0099703 105.742397 20190810025635 
1 0.3932 0.3416 -0.2488 21.0099703 105.742397 20190810025635 
1 -0.0426 0.0707 0.2449 21.0099703 105.742397 20190810025635 
1 0.3265 -0.0059 0.5785 21.0099703 105.742397 20190810025635 
1 0.0274 0.1557 -0.0083 21.0099703 105.742397 20190810025635 
1 0.1388 0.3475 -0.1514 21.0099703 105.742397 20190810025635 
1 -0.0240 0.0784 0.1183 21.0099703 105.742397 20190810025635 
1 0.2654 -0.0201 0.7183 21.0099703 105.742397 20190810025635 
1 0.1666 0.3115 0.4164 21.0099703 105.742397 20190810025636 
1 -0.1536 0.0899 -0.1639 21.0099703 105.742397 20190810025636 
1 -0.1519 -0.1304 0.6498 21.0099703 105.742397 20190810025636 
1 -0.0372 0.2415 0.3776 21.0099703 105.742397 20190810025636 
1 0.9274 0.2616 -0.0204 21.0099703 105.742397 20190810025636 
1 -0.5512 0.1853 0.1911 21.0099703 105.742397 20190810025636 
1 1.0388 0.5548 -0.5843 21.0099703 105.742397 20190810025636 
1 -0.5530 -0.2762 0.6326 21.0099703 105.742397 20190810025636 
1 0.3339 0.1816 0.7764 21.0099703 105.742397 20190810025636 
1 -0.7658 0.5014 -0.8073 21.0099703 105.742397 20190810025636 
1 0.9577 -0.1026 0.4607 21.0099703 105.742397 20190810025636 
1 -0.5131 -0.0987 0.4813 21.0099703 105.742397 20190810025636 
1 1.0639 0.6557 -0.4366 21.0099703 105.742397 20190810025636 
1 0.7641 0.6942 -2.1028 21.0099703 105.742397 20190810025636 
1 -1.0424 -0.5619 -0.0324 21.0099703 105.742397 20190810025636 
1 0.0578 0.2084 0.6151 21.0099703 105.742397 20190810025636 
1 0.1483 0.6247 -0.7187 21.0099703 105.742397 20190810025636 
1 0.4432 0.2429 -0.7086 21.0099703 105.742397 20190810025636 
1 -1.0514 0.0980 -0.4521 21.0099703 105.742397 20190810025636 
1 0.7257 -0.0253 0.4150 21.0099703 105.742397 20190810025636 
1 -0.0200 0.4123 -1.1620 21.0099703 105.742397 20190810025636 
1 0.1714 0.3959 -1.2988 21.0099703 105.742397 20190810025636 
1 -0.6339 -0.0106 -0.6337 21.0099703 105.742397 20190810025636 
1 0.1409 -0.4761 0.8930 21.0099703 105.742397 20190810025636 
1 0.9066 0.7014 -0.2091 21.0099703 105.742397 20190810025636 
1 -0.8861 0.2800 -0.9871 21.0099703 105.742397 20190810025636 
1 0.6879 -0.2657 -0.2180 21.0099703 105.742397 20190810025636 
1 -1.0812 -0.2355 0.3719 21.0099703 105.742397 20190810025636 
1 1.5088 0.8143 0.3325 21.0099703 105.742397 20190810025636 
1 -0.9678 -0.5571 0.3998 21.0099703 105.742397 20190810025636 
1 0.0019 0.6900 -0.5316 21.0099703 105.742397 20190810025636 
1 0.3350 -0.3556 1.0576 21.0099703 105.742397 20190810025636 
1 0.1257 0.6380 -0.3600 21.0099703 105.742397 20190810025636 
1 -0.0511 0.0816 -0.3439 21.0099797 105.7422192 20190810025636 
1 0.0611 0.0552 0.7725 21.0099797 105.7422192 20190810025636 
1 0.6277 0.7433 -0.0501 21.0099797 105.7422192 20190810025636 
1 -0.7948 -0.0756 0.3492 21.0099797 105.7422192 20190810025636 
1 1.2145 0.3281 0.4909 21.0099797 105.7422192 20190810025636 
1 -0.7454 0.0823 -0.5802 21.0099797 105.7422192 20190810025636 
1 0.0312 -0.3100 1.0471 21.0099797 105.7422192 20190810025636 
1 0.6263 0.9653 -0.7005 21.0099797 105.7422192 20190810025636 
1 -0.4187 -0.2645 -0.4978 21.0099797 105.7422192 20190810025636 
1 0.1304 -0.2277 1.2222 21.0099797 105.7422192 20190810025636 
1 0.3198 0.5176 0.2002 21.0099797 105.7422192 20190810025636 
1 -0.0739 -0.0037 -0.4962 21.0099797 105.7422192 20190810025636 
1 0.0940 0.5233 0.2807 21.0099797 105.7422192 20190810025636 
1 0.1511 -0.3924 0.9908 21.0099797 105.7422192 20190810025636 
1 -0.4497 0.3526 -0.4469 21.0099797 105.7422192 20190810025637 
1 0.6753 0.2327 0.2314 21.0099797 105.7422192 20190810025637 
1 -0.4859 0.0780 0.1910 21.0099797 105.7422192 20190810025637 
1 -0.0852 0.0056 0.5499 21.0099797 105.7422192 20190810025637 
1 0.0280 0.2425 -0.1172 21.0099797 105.7422192 20190810025637 
1 0.7795 0.3051 0.0104 21.0099797 105.7422192 20190810025637 
1 -0.9387 0.1725 0.0704 21.0099797 105.7422192 20190810025637 
1 0.6208 -0.1169 0.6973 21.0099797 105.7422192 20190810025637 
1 -0.2125 0.4604 -0.2571 21.0099797 105.7422192 20190810025637 
1 0.2265 -0.0387 0.6915 21.0099797 105.7422192 20190810025637 
1 -0.1653 -0.2000 1.0682 21.0099797 105.7422192 20190810025637 
1 -0.3498 0.5229 -0.0788 21.0099797 105.7422192 20190810025637 
1 1.2860 0.1040 -0.4982 21.0099797 105.7422192 20190810025637 
1 -1.1172 -0.3323 0.9361 21.0099797 105.7422192 20190810025637 
1 0.8256 0.4285 1.0117 21.0099797 105.7422192 20190810025637 
1 -0.0472 0.1886 0.0779 21.0099797 105.7422192 20190810025637 
1 -0.1575 0.2652 -0.0696 21.0099797 105.7422192 20190810025637 
1 -0.2538 0.1215 -0.0201 21.0099797 105.7422192 20190810025637 
1 0.6556 0.0743 0.8018 21.0099797 105.7422192 20190810025637 
1 -0.6090 0.6754 -0.9291 21.0099797 105.7422192 20190810025637 
1 -0.1021 -0.3648 0.6931 21.0099797 105.7422192 20190810025637 
1 0.5163 0.5468 -0.2929 21.0099797 105.7422192 20190810025637 
1 -0.8444 0.0405 -0.5642 21.0099797 105.7422192 20190810025637 
1 0.9592 -0.2632 0.7639 21.0099797 105.7422192 20190810025637 
1 -0.6228 0.6385 -1.1392 21.0099797 105.7422192 20190810025637 
1 0.0773 -0.0461 -0.7965 21.0099797 105.7422192 20190810025637 
1 0.1355 0.1597 0.0371 21.0099797 105.7422192 20190810025637 
1 -0.3588 0.1966 -0.0057 21.0099797 105.7422192 20190810025637 
1 -0.0572 -0.3772 0.9130 21.0099797 105.7422192 20190810025637 
1 0.2913 1.0627 -1.5364 21.0099797 105.7422192 20190810025637 
1 0.0291 -0.4739 -0.1669 21.0099797 105.7422192 20190810025637 
1 0.1851 0.1598 0.8970 21.0099797 105.7422192 20190810025637 
1 0.2249 0.2328 0.1748 21.0099797 105.7422192 20190810025637 
1 0.3799 0.1109 0.0115 21.009988 105.7420471 20190810025637 
1 -0.5684 0.4337 -0.2560 21.009988 105.7420471 20190810025637 
1 0.5698 -0.1892 0.7645 21.009988 105.7420471 20190810025637 
1 -0.6442 0.0499 0.4621 21.009988 105.7420471 20190810025637 
1 0.5161 0.3525 0.1499 21.009988 105.7420471 20190810025637 
1 -0.5190 0.0469 -0.3678 21.009988 105.7420471 20190810025637 
1 1.1048 0.5646 0.2424 21.009988 105.7420471 20190810025637 
1 -1.1494 -0.5833 0.7022 21.009988 105.7420471 20190810025637 
1 0.9306 0.4748 0.3700 21.009988 105.7420471 20190810025637 
1 -0.6846 0.3687 -0.6231 21.009988 105.7420471 20190810025637 
1 0.3480 -0.2889 1.1675 21.009988 105.7420471 20190810025637 
1 -0.2760 0.3607 0.7123 21.009988 105.7420471 20190810025637 
1 -0.0246 0.1034 -0.3742 21.009988 105.7420471 20190810025637 
1 0.1473 0.3896 -1.1863 21.009988 105.7420471 20190810025637 
1 -0.5921 -0.3422 0.4837 21.009988 105.7420471 20190810025637 
1 0.3015 0.1657 0.8662 21.009988 105.7420471 20190810025637 
1 0.0248 0.5809 -0.4977 21.009988 105.7420471 20190810025637 
1 -0.4805 -0.0733 -0.2100 21.009988 105.7420471 20190810025637 
1 0.2924 -0.0572 0.8272 21.009988 105.7420471 20190810025637 
1 0.3527 0.3135 0.1682 21.009988 105.7420471 20190810025638 
1 -0.4787 0.3334 -0.8076 21.009988 105.7420471 20190810025638 
1 -0.0230 -0.1943 0.1989 21.009988 105.7420471 20190810025638 
1 0.1309 -0.0633 0.8523 21.009988 105.7420471 20190810025638 
1 0.2248 0.4401 -0.2469 21.009988 105.7420471 20190810025638 
1 -0.3438 0.3808 -1.2772 21.009988 105.7420471 20190810025638 
1 -0.6430 -0.7396 1.1102 21.009988 105.7420471 20190810025638 
1 1.0158 0.5637 0.5355 21.009988 105.7420471 20190810025638 
1 0.1499 0.9053 -1.6645 21.009988 105.7420471 20190810025638 
1 -0.4107 -0.8202 1.2892 21.009988 105.7420471 20190810025638 
1 0.2332 -0.1668 1.9026 21.009988 105.7420471 20190810025638 
1 0.2951 0.7267 -0.1370 21.009988 105.7420471 20190810025638 
1 0.0099 0.4345 -1.2532 21.009988 105.7420471 20190810025638 
1 -0.4148 -0.8157 0.8177 21.009988 105.7420471 20190810025638 
1 0.1275 0.2495 0.8707 21.009988 105.7420471 20190810025638 
1 0.3063 0.7352 -1.2339 21.009988 105.7420471 20190810025638 
1 0.2901 -0.1477 0.2194 21.009988 105.7420471 20190810025638 
1 -0.3817 0.3651 0.4627 21.009988 105.7420471 20190810025638 
1 0.6588 0.3525 0.6578 21.009988 105.7420471 20190810025638 
1 -0.8902 -0.1463 0.3760 21.009988 105.7420471 20190810025638 
1 0.8029 0.6532 -0.7576 21.009988 105.7420471 20190810025638 
1 -0.7666 -0.3346 -0.3370 21.009988 105.7420471 20190810025638 
1 0.0715 0.1533 -0.0872 21.009988 105.7420471 20190810025638 
1 -0.2485 0.0812 -0.0097 21.009988 105.7420471 20190810025638 
1 0.5683 0.1655 -0.7425 21.009988 105.7420471 20190810025638 
1 0.1086 0.1417 -1.2927 21.009988 105.7420471 20190810025638 
1 -1.0989 -0.3487 0.9816 21.009988 105.7420471 20190810025638 
1 0.4202 0.6609 0.1105 21.009988 105.7420471 20190810025638 
1 0.0791 0.1410 -1.1632 21.009988 105.7420471 20190810025638 
1 -0.5518 -0.6428 1.2711 21.009988 105.7420471 20190810025638 
1 -0.1842 0.4226 0.6929 21.0100041 105.7418796 20190810025638 
1 0.5891 0.1934 -0.3258 21.0100041 105.7418796 20190810025638 
1 0.0206 -0.1168 0.0995 21.0100041 105.7418796 20190810025638 
1 -0.5970 0.1682 0.1469 21.0100041 105.7418796 20190810025638 
1 0.3246 -0.0516 -0.0066 21.0100041 105.7418796 20190810025638 
1 -0.4200 0.2091 0.0327 21.0100041 105.7418796 20190810025638 
1 0.4229 0.1405 -0.1825 21.0100041 105.7418796 20190810025638 
1 -0.8438 -0.4280 1.1979 21.0100041 105.7418796 20190810025638 
1 0.4359 0.4894 0.5827 21.0100041 105.7418796 20190810025638 
1 0.2124 -0.3541 0.7507 21.0100041 105.7418796 20190810025638 
1 0.5582 0.7548 -0.0893 21.0100041 105.7418796 20190810025638 
1 -0.7792 0.4103 -1.8538 21.0100041 105.7418796 20190810025638 
1 0.8893 -0.7339 0.6176 21.0100041 105.7418796 20190810025638 
1 -0.5610 0.2296 0.8671 21.0100041 105.7418796 20190810025638 
1 -0.0233 0.3397 -0.0241 21.0100041 105.7418796 20190810025638 
1 0.5900 0.1463 -0.7113 21.0100041 105.7418796 20190810025638 
1 -0.3562 -0.2512 0.5178 21.0100041 105.7418796 20190810025638 
1 -0.1631 -0.4273 1.1190 21.0100041 105.7418796 20190810025639 
1 0.4858 0.9016 -1.6440 21.0100041 105.7418796 20190810025639 
1 -0.4851 -0.1321 -1.6153 21.0100041 105.7418796 20190810025639 
1 0.3527 0.0760 0.7662 21.0100041 105.7418796 20190810025639 
1 -1.3019 -0.5320 1.5571 21.0100041 105.7418796 20190810025639 
1 1.7812 0.5609 -0.0548 21.0100041 105.7418796 20190810025639 
1 -0.9761 0.3050 -1.2675 21.0100041 105.7418796 20190810025639 
1 -0.1365 -0.3970 0.8023 21.0100041 105.7418796 20190810025639 
1 -0.3097 0.1556 0.3314 21.0100041 105.7418796 20190810025639 
1 0.0978 0.3171 -0.8399 21.0100041 105.7418796 20190810025639 
1 0.0009 0.0417 -0.4748 21.0100041 105.7418796 20190810025639 
1 -0.3265 -0.1269 0.7518 21.0100041 105.7418796 20190810025639 
1 0.1220 0.0915 0.0949 21.0100041 105.7418796 20190810025639 
1 -0.2544 0.0632 -0.3888 21.0100041 105.7418796 20190810025639 
1 0.3221 0.1656 -0.5560 21.0100041 105.7418796 20190810025639 
1 -1.0832 -0.4073 0.2394 21.0100041 105.7418796 20190810025639 
1 0.5529 0.3406 0.4073 21.0100041 105.7418796 20190810025639 
1 0.1298 0.0821 -0.1330 21.0100041 105.7418796 20190810025639 
1 -0.9365 -0.2794 0.3875 21.0100041 105.7418796 20190810025639 
1 0.5230 0.5479 -0.2280 21.0100041 105.7418796 20190810025639 
1 -0.3089 -0.0126 -0.4330 21.0100041 105.7418796 20190810025639 
1 -0.0154 -0.3532 1.1362 21.0100041 105.7418796 20190810025639 
1 -0.3623 0.5856 -0.6393 21.0100041 105.7418796 20190810025639 
1 -0.2240 -0.1815 -0.4148 21.0100041 105.7418796 20190810025639 
1 -0.1113 0.4528 -1.1366 21.0100041 105.7418796 20190810025639 
1 0.0065 -0.6328 1.1807 21.0100041 105.7418796 20190810025639 
1 -1.1463 0.2671 0.1895 21.0100041 105.7418796 20190810025639 
1 0.8197 0.4758 -0.8964 21.0100041 105.7418796 20190810025639 
1 -0.5351 -0.0818 -1.1968 21.0100041 105.7418796 20190810025639 
1 -0.8557 -0.4715 0.7186 21.0100041 105.7418796 20190810025639 
1 -0.4193 -0.3057 0.7201 21.0100041 105.7418796 20190810025639 
1 -0.5140 0.9510 -2.1595 21.0100041 105.7418796 20190810025639 
1 0.0938 0.2464 -1.5151 21.0100148 105.7416976 20190810025639 
1 -1.8522 -1.2982 2.2491 21.0100148 105.7416976 20190810025639 
1 -0.8015 0.3342 1.3274 21.0100148 105.7416976 20190810025639 
1 -0.0856 0.3733 -1.7460 21.0100148 105.7416976 20190810025639 
1 -0.6778 -0.0472 -1.0118 21.0100148 105.7416976 20190810025639 
1 -2.3277 -0.9280 2.1337 21.0100148 105.7416976 20190810025639 
1 -0.4994 0.3354 0.1916 21.0100148 105.7416976 20190810025639 
1 -0.1682 0.4191 -1.9652 21.0100148 105.7416976 20190810025639 
1 -2.6771 -1.3158 1.5823 21.0100148 105.7416976 20190810025639 
1 -0.7382 0.5600 1.6420 21.0100148 105.7416976 20190810025639 
1 -0.7531 0.3762 -1.1490 21.0100148 105.7416976 20190810025639 
1 -1.6206 -0.8367 0.6550 21.0100148 105.7416976 20190810025639 
1 -0.8748 0.1971 1.5849 21.0100148 105.7416976 20190810025639 
1 -0.7880 -0.2042 0.0927 21.0100148 105.7416976 20190810025639 
1 -1.0024 0.4342 -0.7452 21.0100148 105.7416976 20190810025639 
1 -0.9816 -0.3931 1.4290 21.0100148 105.7416976 20190810025639 
1 -0.9490 -0.3316 0.5223 21.0100148 105.7416976 20190810025639 
1 -0.9169 0.2032 -0.5560 21.0100148 105.7416976 20190810025640 
1 0.0749 0.1247 0.2470 21.0100148 105.7416976 20190810025640 
1 -2.5120 -0.4899 0.3954 21.0100148 105.7416976 20190810025640 
1 0.8703 0.3356 0.4340 21.0100148 105.7416976 20190810025640 
1 -1.2400 -0.1856 -0.1228 21.0100148 105.7416976 20190810025640 
1 -0.7383 0.2104 0.4517 21.0100148 105.7416976 20190810025640 
1 -1.0506 -0.3582 0.3143 21.0100148 105.7416976 20190810025640 
1 0.6268 0.1649 0.1705 21.0100148 105.7416976 20190810025640 
1 -1.7860 -0.1582 -0.1128 21.0100148 105.7416976 20190810025640 
1 0.1945 0.3592 0.0501 21.0100148 105.7416976 20190810025640 
1 -0.9422 -0.1284 0.0544 21.0100148 105.7416976 20190810025640 
1 0.0743 -0.3620 1.0435 21.0100148 105.7416976 20190810025640 
1 -1.0258 0.3997 -0.9192 21.0100148 105.7416976 20190810025640 
1 -0.3633 0.1907 -0.9802 21.0100148 105.7416976 20190810025640 
1 0.4143 -0.5979 1.4919 21.0100148 105.7416976 20190810025640 
1 -0.9259 0.2846 0.2126 21.0100148 105.7416976 20190810025640 
1 -0.5367 0.4616 -0.9038 21.0100148 105.7416976 20190810025640 
1 0.2923 -0.4773 0.1629 21.0100148 105.7416976 20190810025640 
1 -1.0394 -0.0744 1.0256 21.0100148 105.7416976 20190810025640 
1 -0.8502 0.2794 -0.6228 21.0100148 105.7416976 20190810025640 
1 1.1113 -0.0195 -0.6675 21.0100148 105.7416976 20190810025640 
1 -1.0137 -0.1369 -0.6857 21.0100148 105.7416976 20190810025640 
1 -0.2341 -0.2182 1.2547 21.0100148 105.7416976 20190810025640 
1 0.4574 0.3559 -0.7977 21.0100148 105.7416976 20190810025640 
1 -1.3872 -0.4490 -0.3583 21.0100148 105.7416976 20190810025640 
1 1.0851 0.1427 1.0889 21.0100148 105.7416976 20190810025640 
1 -0.7600 0.0768 -0.4885 21.0100148 105.7416976 20190810025640 
1 -0.7862 -0.2005 0.0429 21.0100148 105.7416976 20190810025640 
1 1.2012 -0.4660 1.3911 21.0100148 105.7416976 20190810025640 
1 -1.0085 0.8472 -1.0579 21.0100148 105.7416976 20190810025640 
1 0.3173 0.0135 -0.6504 21.0100148 105.7416976 20190810025640 
1 0.9428 0.2093 -0.1854 21.0100148 105.7416976 20190810025640 
1 -2.1958 -0.9659 2.3197 21.0100148 105.7416976 20190810025640 
1 2.3871 1.4534 -0.3586 21.0100148 105.7416976 20190810025640 
1 -1.7790 -0.2160 -1.0366 21.0100148 105.7416976 20190810025640 
1 -0.2999 -0.5696 0.9686 21.0100172 105.7415147 20190810025640 
1 0.4925 0.2178 0.1927 21.0100172 105.7415147 20190810025640 
1 -0.3423 0.0345 -1.3656 21.0100172 105.7415147 20190810025640 
1 0.3913 0.2690 -1.3060 21.0100172 105.7415147 20190810025640 
1 -0.8019 -0.5545 1.3405 21.0100172 105.7415147 20190810025640 
1 0.2712 0.7096 -0.7077 21.0100172 105.7415147 20190810025640 
1 -0.1647 -0.2317 -0.2892 21.0100172 105.7415147 20190810025640 
1 0.1822 0.0074 0.6984 21.0100172 105.7415147 20190810025640 
1 -0.9306 0.2509 -0.3191 21.0100172 105.7415147 20190810025640 
1 0.6936 -0.1472 -0.1054 21.0100172 105.7415147 20190810025640 
1 -0.2386 0.0888 0.0679 21.0100172 105.7415147 20190810025640 
1 -0.3597 0.1517 -0.2863 21.0100172 105.7415147 20190810025640 
1 0.7510 0.0871 -0.4338 21.0100172 105.7415147 20190810025640 
1 -0.3804 0.2385 0.0196 21.0100172 105.7415147 20190810025640 
1 0.0797 -0.0568 0.8589 21.0100172 105.7415147 20190810025640 
1 0.3707 0.3567 -0.3426 21.0100172 105.7415147 20190810025641 
1 -0.2249 -0.1965 0.1847 21.0100172 105.7415147 20190810025641 
1 0.2542 0.1985 0.4369 21.0100172 105.7415147 20190810025641 
1 0.2289 0.3543 -0.6108 21.0100172 105.7415147 20190810025641 
1 0.4205 -0.0550 -0.4563 21.0100172 105.7415147 20190810025641 
1 0.0269 0.0871 -0.1614 21.0100172 105.7415147 20190810025641 
1 0.2526 -0.1523 0.3498 21.0100172 105.7415147 20190810025641 
1 0.0120 0.5245 -0.3691 21.0100172 105.7415147 20190810025641 
1 0.0279 -0.0174 0.1846 21.0100172 105.7415147 20190810025641 
1 0.2177 -0.2689 0.9327 21.0100172 105.7415147 20190810025641 
1 0.4056 0.6441 -0.1632 21.0100172 105.7415147 20190810025641 
1 0.2263 -0.0157 -1.0378 21.0100172 105.7415147 20190810025641 
1 0.0422 -0.1638 0.2278 21.0100172 105.7415147 20190810025641 
1 0.2054 0.1976 0.3004 21.0100172 105.7415147 20190810025641 
1 0.4758 0.2927 -0.7206 21.0100172 105.7415147 20190810025641 
1 -0.7022 -0.3597 1.4379 21.0100172 105.7415147 20190810025641 
1 0.3043 0.3028 0.6557 21.0100172 105.7415147 20190810025641 
1 0.6248 -0.2120 0.6210 21.0100172 105.7415147 20190810025641 
1 0.0752 0.7460 -0.8814 21.0100172 105.7415147 20190810025641 
1 -0.8015 -0.5024 0.2161 21.0100172 105.7415147 20190810025641 
1 0.9773 -0.0195 0.1514 21.0100172 105.7415147 20190810025641 
1 -0.0368 0.3432 -0.6479 21.0100172 105.7415147 20190810025641 
1 -0.2505 0.1902 -0.3136 21.0100172 105.7415147 20190810025641 
1 0.2295 -0.1442 0.6784 21.0100172 105.7415147 20190810025641 
1 -0.0999 0.1064 0.3845 21.0100172 105.7415147 20190810025641 
1 0.7847 0.2183 0.3237 21.0100172 105.7415147 20190810025641 
1 -0.3364 0.1800 -0.0725 21.0100172 105.7415147 20190810025641 
1 0.5795 -0.1666 -0.2278 21.0100172 105.7415147 20190810025641 
1 0.6963 0.4024 -0.6807 21.0100172 105.7415147 20190810025641 
1 0.3644 0.1107 -0.5697 21.0100172 105.7415147 20190810025641 
1 -0.1323 -0.1024 0.1249 21.0100172 105.7415147 20190810025641 
1 0.6647 0.2219 0.4238 21.0100172 105.7415147 20190810025641 
1 0.4025 0.3116 -0.3176 21.0100172 105.7415147 20190810025641 
1 -0.0132 0.3559 -1.2466 21.0100294 105.7413378 20190810025641 
1 0.4811 -0.5691 1.0954 21.0100294 105.7413378 20190810025641 
1 0.1999 0.2248 -0.0013 21.0100294 105.7413378 20190810025641 
1 -0.0574 0.5177 -0.9699 21.0100294 105.7413378 20190810025641 
1 0.4651 -0.0914 0.2773 21.0100294 105.7413378 20190810025641 
1 -0.4152 -0.2575 0.4986 21.0100294 105.7413378 20190810025641 
1 0.3034 0.3361 -0.5839 21.0100294 105.7413378 20190810025641 
1 0.3170 0.1520 -0.6193 21.0100294 105.7413378 20190810025641 
1 0.4975 -0.2054 1.0738 21.0100294 105.7413378 20190810025641 
1 -0.6558 0.2746 0.4121 21.0100294 105.7413378 20190810025641 
1 0.7767 -0.1116 -0.0439 21.0100294 105.7413378 20190810025641 
1 0.0737 -0.2598 0.4305 21.0100294 105.7413378 20190810025641 
1 -0.1536 0.7474 -0.3230 21.0100294 105.7413378 20190810025641 
1 0.7437 0.2314 -1.1339 21.0100294 105.7413378 20190810025641 
1 0.5227 -1.1561 2.1880 21.0100294 105.7413378 20190810025641 
1 -0.2981 0.9823 1.3953 21.0100294 105.7413378 20190810025641 
1 0.2734 0.7392 -2.1206 21.0100294 105.7413378 20190810025641 
1 0.6605 -0.9790 0.8066 21.0100294 105.7413378 20190810025641 
1 -0.5217 0.1503 1.3864 21.0100294 105.7413378 20190810025642 
1 0.6156 0.3464 -1.1064 21.0100294 105.7413378 20190810025642 
1 0.9677 0.0873 -1.4561 21.0100294 105.7413378 20190810025642 
1 -0.7741 -0.4018 1.8641 21.0100294 105.7413378 20190810025642 
1 -0.0183 0.2238 1.2819 21.0100294 105.7413378 20190810025642 
1 -0.0521 0.3546 -1.1194 21.0100294 105.7413378 20190810025642 
1 0.4648 -0.3617 0.4182 21.0100294 105.7413378 20190810025642 
1 -0.0956 0.1297 0.7286 21.0100294 105.7413378 20190810025642 
1 -0.2931 0.1436 -0.4120 21.0100294 105.7413378 20190810025642 
1 0.2860 -0.1537 -0.4315 21.0100294 105.7413378 20190810025642 
1 0.0455 0.0415 0.5148 21.0100294 105.7413378 20190810025642 
1 -0.2509 0.2997 -0.3922 21.0100294 105.7413378 20190810025642 
1 -0.0319 -0.3965 0.5119 21.0100294 105.7413378 20190810025642 
1 0.5706 0.3323 0.4105 21.0100294 105.7413378 20190810025642 
1 -0.5377 -0.0527 0.0528 21.0100294 105.7413378 20190810025642 
1 0.4248 0.0690 0.1964 21.0100294 105.7413378 20190810025642 
1 -0.2840 0.0417 -0.0615 21.0100294 105.7413378 20190810025642 
1 0.4544 0.0545 0.0061 21.0100294 105.7413378 20190810025642 
1 0.0095 -0.0518 -0.3295 21.0100294 105.7413378 20190810025642 
1 -0.2451 -0.0334 0.0279 21.0100294 105.7413378 20190810025642 
1 0.0466 -0.1623 0.7207 21.0100294 105.7413378 20190810025642 
1 -0.0253 0.3851 -0.0743 21.0100294 105.7413378 20190810025642 
1 0.1620 0.0677 -0.2589 21.0100294 105.7413378 20190810025642 
1 -0.2274 -0.2852 0.3699 21.0100294 105.7413378 20190810025642 
1 -0.0353 -0.0620 0.4394 21.0100294 105.7413378 20190810025642 
1 0.2960 0.4343 -0.9356 21.0100294 105.7413378 20190810025642 
1 -0.5169 -0.3930 0.2073 21.0100294 105.7413378 20190810025642 
1 0.1365 -0.1096 1.2518 21.0100294 105.7413378 20190810025642 
1 -0.0317 0.2617 -0.7223 21.0100294 105.7413378 20190810025642 
1 0.0279 -0.0784 -0.9796 21.0100294 105.7413378 20190810025642 
1 0.0687 -0.0433 0.4756 21.0100373 105.7411485 20190810025642 
1 -0.3811 -0.1733 0.7055 21.0100373 105.7411485 20190810025642 
1 0.3278 0.1883 -0.2460 21.0100373 105.7411485 20190810025642 
1 -0.1744 0.1246 -0.4975 21.0100373 105.7411485 20190810025642 
1 0.1288 -0.5353 1.0350 21.0100373 105.7411485 20190810025642 
1 0.1651 -0.4363 1.6270 21.0100373 105.7411485 20190810025642 
1 -0.9574 -0.0090 0.1792 21.0100373 105.7411485 20190810025642 
1 -0.7903 0.6000 -1.7285 21.0100373 105.7411485 20190810025642 
1 1.0643 -0.3055 -0.5912 21.0100373 105.7411485 20190810025642 
1 -1.6618 -1.0864 2.4730 21.0100373 105.7411485 20190810025642 
1 0.0827 0.7254 -0.1456 21.0100373 105.7411485 20190810025642 
1 0.9796 0.6781 -1.7606 21.0100373 105.7411485 20190810025642 
1 -1.2980 -1.0563 2.0681 21.0100373 105.7411485 20190810025642 
1 -0.7784 -0.2523 2.7729 21.0100373 105.7411485 20190810025642 
1 0.3987 0.7672 -1.8707 21.0100373 105.7411485 20190810025642 
1 0.3181 -0.1456 -3.4137 21.0100373 105.7411485 20190810025642 
1 -0.1538 -0.4714 1.5079 21.0100373 105.7411485 20190810025642 
1 -1.2408 0.2601 0.9219 21.0100373 105.7411485 20190810025642 
1 1.5446 0.5270 -3.1028 21.0100373 105.7411485 20190810025643 
1 1.0959 -0.1950 -1.3027 21.0100373 105.7411485 20190810025643 
1 -1.2215 -1.9622 4.1732 21.0100373 105.7411485 20190810025643 
1 -1.1955 1.7221 -1.2991 21.0100373 105.7411485 20190810025643 
1 1.8431 0.5873 -4.4740 21.0100373 105.7411485 20190810025643 
1 1.5705 -1.4786 0.3117 21.0100373 105.7411485 20190810025643 
1 -3.0734 -0.7633 2.2987 21.0100373 105.7411485 20190810025643 
1 3.1091 1.1870 -1.7974 21.0100373 105.7411485 20190810025643 
1 -1.0444 0.2152 -4.0992 21.0100373 105.7411485 20190810025643 
1 -1.2216 -2.2725 4.7704 21.0100373 105.7411485 20190810025643 
1 -0.1667 0.6464 3.1677 21.0100373 105.7411485 20190810025643 
1 -0.5539 -0.0532 -3.9346 21.0100373 105.7411485 20190810025643 
1 2.9301 -0.0511 -1.9773 21.0100373 105.7411485 20190810025643 
1 -2.7337 -0.1831 3.7186 21.0100373 105.7411485 20190810025643 
1 -1.4879 -0.8919 2.0172 21.0100373 105.7411485 20190810025643 
1 1.1646 0.3144 -1.7825 21.0100373 105.7411485 20190810025643 
1 -0.1623 -0.0736 0.0972 21.0100373 105.7411485 20190810025643 
1 -1.1339 -0.5824 2.4636 21.0100373 105.7411485 20190810025643 
1 -0.0923 0.5571 -0.0187 21.0100373 105.7411485 20190810025643 
1 0.9154 -0.1928 -1.2445 21.0100373 105.7411485 20190810025643 
1 -0.6376 -0.8055 1.1261 21.0100373 105.7411485 20190810025643 
1 -0.3697 0.4510 0.8039 21.0100373 105.7411485 20190810025643 
1 1.2230 0.4263 -0.8319 21.0100373 105.7411485 20190810025643 
1 0.0864 -0.6755 0.2565 21.0100373 105.7411485 20190810025643 
1 0.2202 0.3262 -0.1804 21.0100373 105.7411485 20190810025643 
1 0.4908 -0.2418 -0.7874 21.0100373 105.7411485 20190810025643 
1 0.1392 -0.6108 0.6843 21.0100373 105.7411485 20190810025643 
1 0.1438 0.7048 -0.1999 21.0100373 105.7411485 20190810025643 
1 -0.1116 -0.1490 -1.1334 21.0100373 105.7411485 20190810025643 
1 0.8674 -0.2473 -0.4824 21.0100373 105.7411485 20190810025643 
1 0.8897 0.1980 -0.6270 21.0100373 105.7411485 20190810025643 
1 0.8638 0.3132 -1.2441 21.0100373 105.7411485 20190810025643 
1 0.8591 0.0207 0.1301 21.0100443 105.7409554 20190810025643 
1 -0.5731 -0.6058 1.1895 21.0100443 105.7409554 20190810025643 
1 0.5905 0.2519 0.3039 21.0100443 105.7409554 20190810025643 
1 -0.4195 -0.4121 -1.0848 21.0100443 105.7409554 20190810025643 
1 1.1718 -0.2268 -0.6822 21.0100443 105.7409554 20190810025643 
1 0.3639 -0.0971 -0.8476 21.0100443 105.7409554 20190810025643 
1 -0.0730 -0.3118 0.5286 21.0100443 105.7409554 20190810025643 
1 0.3762 0.0465 0.2529 21.0100443 105.7409554 20190810025643 
1 1.9187 -1.3348 0.6522 21.0100443 105.7409554 20190810025643 
1 -0.4300 -1.1354 3.9040 21.0100443 105.7409554 20190810025643 
1 -3.6235 3.8768 -3.8640 21.0100443 105.7409554 20190810025643 
1 3.5941 -2.9048 -1.9313 21.0100443 105.7409554 20190810025643 
1 1.5657 -0.1354 3.2164 21.0100443 105.7409554 20190810025643 
1 -3.5218 1.4119 0.8028 21.0100443 105.7409554 20190810025643 
1 3.8452 0.1604 -1.5736 21.0100443 105.7409554 20190810025643 
1 0.0988 0.3343 -2.5379 21.0100443 105.7409554 20190810025643 
1 0.1405 -3.0661 6.1171 21.0100443 105.7409554 20190810025643 
1 -1.7502 4.2736 -1.6664 21.0100443 105.7409554 20190810025643 
1 1.5942 -4.5667 -7.7616 21.0100443 105.7409554 20190810025644 
1 0.8801 2.2563 -1.5931 21.0100443 105.7409554 20190810025644 
1 -0.0023 -0.1889 2.8569 21.0100443 105.7409554 20190810025644 
1 -0.5577 -2.8226 1.4506 21.0100443 105.7409554 20190810025644 
1 -0.6782 2.2087 -1.3706 21.0100443 105.7409554 20190810025644 
1 2.3762 -0.2740 0.2498 21.0100443 105.7409554 20190810025644 
1 -1.4974 -1.3266 1.9455 21.0100443 105.7409554 20190810025644 
1 -0.3429 0.5602 1.7945 21.0100443 105.7409554 20190810025644 
1 1.7381 -0.0738 -0.7683 21.0100443 105.7409554 20190810025644 
1 -0.0787 0.0228 0.6009 21.0100443 105.7409554 20190810025644 
1 -1.1702 -0.3746 2.3802 21.0100443 105.7409554 20190810025644 
1 0.7421 0.0042 0.3113 21.0100443 105.7409554 20190810025644 
1 0.4906 0.6060 -1.1776 21.0100443 105.7409554 20190810025644 
1 -0.1028 -1.1829 2.0863 21.0100443 105.7409554 20190810025644 
1 -0.9129 -0.1888 2.1953 21.0100443 105.7409554 20190810025644 
1 0.3636 1.2497 -2.3599 21.0100443 105.7409554 20190810025644 
1 1.4983 -0.6732 -0.5237 21.0100443 105.7409554 20190810025644 
1 -1.2369 -0.8084 1.7137 21.0100443 105.7409554 20190810025644 
1 0.3271 0.3628 0.2333 21.0100443 105.7409554 20190810025644 
1 0.0592 0.6099 -1.8541 21.0100443 105.7409554 20190810025644 
1 0.5245 -0.6987 1.3918 21.0100443 105.7409554 20190810025644 
1 -1.3126 -0.4249 1.9576 21.0100443 105.7409554 20190810025644 
1 0.9756 1.2365 -2.8812 21.0100443 105.7409554 20190810025644 
1 1.5922 -0.4787 -2.0630 21.0100443 105.7409554 20190810025644 
1 0.0135 -0.5341 2.2229 21.0100443 105.7409554 20190810025644 
1 -0.9001 0.2378 0.9712 21.0100443 105.7409554 20190810025644 
1 0.9526 0.5330 -2.8279 21.0100443 105.7409554 20190810025644 
1 0.6308 -0.2137 -1.5266 21.0100443 105.7409554 20190810025644 
1 0.7672 -0.6160 1.3419 21.0100443 105.7409554 20190810025644 
1 0.5009 0.4820 -0.7552 21.0100443 105.7409554 20190810025644 
1 0.9585 0.0321 -1.6365 21.0100443 105.7409554 20190810025644 
1 0.1601 -0.3985 0.8088 21.0100443 105.7409554 20190810025644 
1 -0.4073 -0.0686 1.4655 21.0100443 105.7409554 20190810025644 
1 -0.2710 -0.6028 -0.3354 21.0100443 105.7409554 20190810025644 
1 1.0606 0.3544 -2.1840 21.0100573 105.7407697 20190810025644 
1 0.9714 0.1189 -0.6488 21.0100573 105.7407697 20190810025644 
1 -0.0929 -0.8909 2.4243 21.0100573 105.7407697 20190810025644 
1 -0.6012 -0.1377 1.4851 21.0100573 105.7407697 20190810025644 
1 0.3143 0.1794 -0.3797 21.0100573 105.7407697 20190810025644 
1 -0.7895 -0.3145 0.8648 21.0100573 105.7407697 20190810025644 
1 -0.1032 -0.2051 1.9841 21.0100573 105.7407697 20190810025644 
1 -0.7566 -0.1453 -0.1373 21.0100573 105.7407697 20190810025644 
1 0.4320 -0.1611 0.1257 21.0100573 105.7407697 20190810025644 
1 -0.3891 -0.3084 1.0774 21.0100573 105.7407697 20190810025644 
1 -0.5683 0.1888 0.4514 21.0100573 105.7407697 20190810025644 
1 0.0291 0.0002 0.2544 21.0100573 105.7407697 20190810025644 
1 -0.1105 -0.2426 0.2609 21.0100573 105.7407697 20190810025644 
1 0.2058 -0.0480 -0.1823 21.0100573 105.7407697 20190810025644 
1 0.2291 0.2510 -0.8541 21.0100573 105.7407697 20190810025644 
1 0.0522 0.0237 -0.3619 21.0100573 105.7407697 20190810025645 
1 0.2449 0.0134 0.0601 21.0100573 105.7407697 20190810025645 
1 0.1531 -0.0912 -0.6647 21.0100573 105.7407697 20190810025645 
1 0.0869 -0.1289 -0.9034 21.0100573 105.7407697 20190810025645 
1 0.0402 0.0996 -0.9543 21.0100573 105.7407697 20190810025645 
1 0.2572 0.0959 -0.8355 21.0100573 105.7407697 20190810025645 
1 0.2549 -0.0846 -1.0270 21.0100573 105.7407697 20190810025645 
1 0.0180 -0.1550 -0.5576 21.0100573 105.7407697 20190810025645 
1 0.1423 -0.0522 -0.2392 21.0100573 105.7407697 20190810025645 
1 0.0978 0.1020 -1.1971 21.0100573 105.7407697 20190810025645 
