1 0.0855 0.0723 -0.2919 20.9942118 105.5881926 20190810115919 
1 -0.0361 -0.1180 -0.4189 20.9942118 105.5881926 20190810115919 
1 -0.0640 0.0874 -0.0670 20.9942118 105.5881926 20190810115919 
1 0.1325 0.0099 -0.5372 20.9942118 105.5881926 20190810115919 
1 0.0111 -0.0442 -0.4618 20.9942118 105.5881926 20190810115919 
1 -0.0209 -0.0112 -0.3891 20.9942118 105.5881926 20190810115919 
1 -0.0050 0.0578 0.0089 20.9942118 105.5881926 20190810115919 
1 0.0821 -0.2365 -0.0519 20.9942118 105.5881926 20190810115919 
1 0.0488 -0.1000 -0.0826 20.9942118 105.5881926 20190810115919 
1 -0.0861 0.2233 0.1234 20.9942118 105.5881926 20190810115919 
1 0.0575 0.0397 -0.2439 20.9942118 105.5881926 20190810115919 
1 0.0198 0.0052 -0.1195 20.9942118 105.5881926 20190810115919 
1 0.0837 -0.0797 -0.1539 20.9942118 105.5881926 20190810115919 
1 0.0987 0.0898 -0.0667 20.9942118 105.5881926 20190810115919 
1 -0.0887 0.0188 -0.2116 20.9942118 105.5881926 20190810115919 
1 -0.0376 -0.0920 0.1278 20.9942118 105.5881926 20190810115919 
1 0.0010 0.1399 -0.0299 20.9942118 105.5881926 20190810115919 
1 0.0002 -0.1303 -0.0005 20.9942118 105.5881926 20190810115919 
1 0.0670 -0.0140 -0.1184 20.9942118 105.5881926 20190810115919 
1 -0.0064 -0.0063 -0.1272 20.9942118 105.5881926 20190810115919 
1 0.0569 -0.2710 -0.1342 20.9942118 105.5881926 20190810115919 
1 0.0716 -0.0022 0.1314 20.9942118 105.5881926 20190810115919 
1 -0.0209 -0.0228 -0.1921 20.9942118 105.5881926 20190810115919 
1 -0.0216 0.0837 -0.0359 20.9942118 105.5881926 20190810115919 
1 0.0110 -0.2488 0.0347 20.9942118 105.5881926 20190810115919 
1 -0.0051 0.2867 0.0859 20.9942118 105.5881926 20190810115920 
1 0.0934 -0.2601 -0.1711 20.9942118 105.5881926 20190810115920 
1 0.0028 0.0813 -0.0942 20.9942118 105.5881926 20190810115920 
1 -0.0918 -0.1083 -0.1280 20.9942118 105.5881926 20190810115920 
1 0.0613 -0.0792 -0.2358 20.9942118 105.5881926 20190810115920 
1 0.0560 0.0450 -0.0595 20.9942118 105.5881926 20190810115920 
1 0.0982 0.0668 -0.2031 20.9942118 105.5881926 20190810115920 
1 -0.0731 -0.0308 0.3012 20.9942118 105.5881926 20190810115920 
1 0.1075 0.0202 0.0233 20.9942118 105.5881926 20190810115920 
1 -0.0541 0.0800 -0.2642 20.9942118 105.5881926 20190810115920 
1 -0.0445 -0.1012 -0.1128 20.9942118 105.5881926 20190810115920 
1 0.0203 0.0735 -0.0224 20.9942118 105.5881926 20190810115920 
1 0.0512 0.1131 -0.0739 20.9942118 105.5881926 20190810115920 
1 0.0401 -0.0098 -0.0760 20.9942118 105.5881926 20190810115920 
1 -0.0510 -0.1052 0.1397 20.9942118 105.5881926 20190810115920 
1 0.1384 0.0912 -0.0902 20.9942118 105.5881926 20190810115920 
1 0.0232 0.0579 0.1251 20.9942118 105.5881926 20190810115920 
1 0.1348 -0.1485 0.4649 20.9942118 105.5881926 20190810115920 
1 0.0693 0.0691 0.1369 20.9942118 105.5881926 20190810115920 
1 -0.0763 -0.1179 0.0489 20.9942118 105.5881926 20190810115920 
1 0.0682 0.0477 0.3319 20.9942815 105.5883371 20190810115920 
1 0.0377 -0.1356 0.0136 20.9942815 105.5883371 20190810115920 
1 0.1182 -0.0267 -0.1271 20.9942815 105.5883371 20190810115920 
1 0.0626 -0.1143 -0.2603 20.9942815 105.5883371 20190810115920 
1 -0.0066 0.2495 -0.1207 20.9942815 105.5883371 20190810115920 
1 0.2609 -0.3613 -0.7080 20.9942815 105.5883371 20190810115920 
1 0.0142 0.0823 0.2109 20.9942815 105.5883371 20190810115920 
1 -0.0814 -0.1735 0.2537 20.9942815 105.5883371 20190810115920 
1 0.1570 0.1792 0.4363 20.9942815 105.5883371 20190810115920 
1 0.1415 -0.1330 -0.2029 20.9942815 105.5883371 20190810115920 
1 -0.0669 -0.0003 -0.3084 20.9942815 105.5883371 20190810115920 
1 -0.1392 0.0316 -0.2490 20.9942815 105.5883371 20190810115920 
1 0.0452 -0.0774 -0.0753 20.9942815 105.5883371 20190810115920 
1 -0.0599 -0.0144 0.3560 20.9942815 105.5883371 20190810115920 
1 -0.0938 -0.0312 0.7096 20.9942815 105.5883371 20190810115920 
1 -0.0438 -0.1698 0.6460 20.9942815 105.5883371 20190810115920 
1 -0.0177 0.0244 0.7328 20.9942815 105.5883371 20190810115920 
1 -0.0761 -0.1835 0.6192 20.9942815 105.5883371 20190810115920 
1 -0.0761 -0.0183 0.5190 20.9942815 105.5883371 20190810115920 
1 0.1232 -0.3986 0.4974 20.9942815 105.5883371 20190810115920 
1 0.1705 -0.2788 0.5214 20.9942815 105.5883371 20190810115920 
1 -0.0379 -0.1868 0.6925 20.9942815 105.5883371 20190810115920 
1 0.0868 -0.2836 0.6378 20.9942815 105.5883371 20190810115920 
1 0.2800 -0.2724 -0.0366 20.9942815 105.5883371 20190810115920 
1 0.1210 -0.3318 -0.0897 20.9942815 105.5883371 20190810115920 
1 0.0230 -0.0682 -0.1478 20.9942815 105.5883371 20190810115920 
1 0.0162 -0.5086 -0.7166 20.9942815 105.5883371 20190810115920 
1 0.0949 -0.4006 -0.7888 20.9942815 105.5883371 20190810115920 
1 0.1295 -0.1936 -0.7827 20.9942815 105.5883371 20190810115920 
1 -0.0581 -0.1638 -0.7150 20.9942815 105.5883371 20190810115921 
1 -0.1205 -0.1350 -0.4938 20.9942815 105.5883371 20190810115921 
1 0.0342 -0.2273 -0.9408 20.9942815 105.5883371 20190810115921 
1 -0.0245 -0.1765 -0.6595 20.9942815 105.5883371 20190810115921 
1 -0.0469 -0.1702 -0.2881 20.9942815 105.5883371 20190810115921 
1 -0.1606 -0.0386 0.1087 20.9942815 105.5883371 20190810115921 
1 -0.0018 -0.4008 -0.1427 20.9942815 105.5883371 20190810115921 
1 -0.0574 0.2283 0.4366 20.9942815 105.5883371 20190810115921 
1 -0.0942 -0.2277 0.3218 20.9942815 105.5883371 20190810115921 
1 -0.0523 0.1122 0.5693 20.9942815 105.5883371 20190810115921 
1 0.0273 -0.2041 0.2636 20.9942815 105.5883371 20190810115921 
1 -0.0101 0.0625 0.5700 20.9942815 105.5883371 20190810115921 
1 -0.1026 0.0412 1.0506 20.9942815 105.5883371 20190810115921 
1 0.1849 -0.0875 0.5436 20.9942815 105.5883371 20190810115921 
1 0.0611 -0.3363 0.2436 20.9942815 105.5883371 20190810115921 
1 -0.0804 -0.0480 0.4884 20.9942815 105.5883371 20190810115921 
1 0.0784 -0.1768 0.0769 20.9942815 105.5883371 20190810115921 
1 0.0793 -0.2762 -0.1783 20.9942815 105.5883371 20190810115921 
1 0.0396 -0.3206 -0.3356 20.9942815 105.5883371 20190810115921 
1 0.0529 -0.1378 -0.3277 20.9942815 105.5883371 20190810115921 
1 -0.0659 -0.1406 -0.0942 20.9942815 105.5883371 20190810115921 
1 0.0385 -0.4889 -0.3692 20.9943573 105.5884799 20190810115921 
1 -0.0147 -0.1177 -0.5197 20.9943573 105.5884799 20190810115921 
1 -0.0711 -0.1695 -0.5395 20.9943573 105.5884799 20190810115921 
1 0.1007 -0.3952 -0.7411 20.9943573 105.5884799 20190810115921 
1 -0.2291 0.0325 -0.3162 20.9943573 105.5884799 20190810115921 
1 -0.0336 -0.1957 -0.4957 20.9943573 105.5884799 20190810115921 
1 0.0528 -0.1193 -0.1134 20.9943573 105.5884799 20190810115921 
1 -0.0282 -0.1462 0.1748 20.9943573 105.5884799 20190810115921 
1 -0.0144 -0.0734 0.1298 20.9943573 105.5884799 20190810115921 
1 -0.0583 -0.1146 0.1756 20.9943573 105.5884799 20190810115921 
1 -0.0370 0.3480 0.1157 20.9943573 105.5884799 20190810115921 
1 0.1573 -0.4280 -0.5567 20.9943573 105.5884799 20190810115921 
1 -0.1498 0.1840 0.2821 20.9943573 105.5884799 20190810115921 
1 0.0077 -0.2094 -0.0961 20.9943573 105.5884799 20190810115921 
1 0.0692 0.0796 0.1829 20.9943573 105.5884799 20190810115921 
1 -0.0087 -0.3702 0.4179 20.9943573 105.5884799 20190810115921 
1 0.0092 0.3616 0.1009 20.9943573 105.5884799 20190810115921 
1 -0.0552 -0.1343 -0.3901 20.9943573 105.5884799 20190810115921 
1 0.0769 -0.0774 0.1573 20.9943573 105.5884799 20190810115921 
1 -0.0716 0.1076 0.0275 20.9943573 105.5884799 20190810115921 
1 -0.0830 -0.1523 -0.1528 20.9943573 105.5884799 20190810115921 
1 0.0278 -0.0955 0.0103 20.9943573 105.5884799 20190810115921 
1 -0.0871 0.0530 -0.2213 20.9943573 105.5884799 20190810115921 
1 -0.1774 -0.1943 0.3046 20.9943573 105.5884799 20190810115921 
1 0.0539 -0.0545 0.2325 20.9943573 105.5884799 20190810115921 
1 0.0853 -0.2003 0.0168 20.9943573 105.5884799 20190810115921 
1 -0.0431 -0.0666 -0.1197 20.9943573 105.5884799 20190810115922 
1 -0.1607 -0.0005 0.5691 20.9943573 105.5884799 20190810115922 
1 0.0587 -0.0261 0.0820 20.9943573 105.5884799 20190810115922 
1 -0.0601 -0.1099 0.2631 20.9943573 105.5884799 20190810115922 
1 -0.0043 -0.1030 0.3253 20.9943573 105.5884799 20190810115922 
1 -0.0190 0.1307 0.2754 20.9943573 105.5884799 20190810115922 
1 -0.0465 -0.2001 -0.0608 20.9943573 105.5884799 20190810115922 
1 -0.0377 0.2066 0.3431 20.9943573 105.5884799 20190810115922 
1 0.0451 -0.0572 -0.0475 20.9943573 105.5884799 20190810115922 
1 0.0290 -0.0816 0.1682 20.9943573 105.5884799 20190810115922 
1 0.0756 -0.0688 -0.2359 20.9943573 105.5884799 20190810115922 
1 -0.0759 0.0527 -0.0614 20.9943573 105.5884799 20190810115922 
1 0.0652 -0.1281 0.1616 20.9943573 105.5884799 20190810115922 
1 0.0072 0.0866 -0.0692 20.9943573 105.5884799 20190810115922 
1 -0.0323 0.0127 -0.2194 20.9943573 105.5884799 20190810115922 
1 -0.0348 0.0570 -0.1420 20.9943573 105.5884799 20190810115922 
1 0.0929 -0.1513 -0.1836 20.9943573 105.5884799 20190810115922 
1 0.0272 0.0587 -0.4041 20.9943573 105.5884799 20190810115922 
1 -0.0151 -0.1374 -0.5323 20.9943573 105.5884799 20190810115922 
1 0.0840 0.1865 -0.1651 20.9943573 105.5884799 20190810115922 
1 0.0330 -0.1348 -0.3433 20.9943573 105.5884799 20190810115922 
1 0.0680 0.1327 -0.2129 20.9943573 105.5884799 20190810115922 
1 -0.0780 0.1750 -0.5010 20.9943573 105.5884799 20190810115922 
1 -0.1502 0.0732 -0.0534 20.9944346 105.5886332 20190810115922 
1 0.0985 -0.2281 -0.2157 20.9944346 105.5886332 20190810115922 
1 0.0024 0.2861 -0.0394 20.9944346 105.5886332 20190810115922 
1 -0.0866 -0.2390 -0.4749 20.9944346 105.5886332 20190810115922 
1 -0.0635 0.3161 0.0894 20.9944346 105.5886332 20190810115922 
1 -0.0190 -0.1574 -0.1592 20.9944346 105.5886332 20190810115922 
1 -0.0454 0.3010 0.1655 20.9944346 105.5886332 20190810115922 
1 -0.0766 -0.0905 0.3034 20.9944346 105.5886332 20190810115922 
1 -0.0182 0.1601 0.2267 20.9944346 105.5886332 20190810115922 
1 -0.0313 0.1460 0.1416 20.9944346 105.5886332 20190810115922 
1 -0.0071 0.0738 0.3253 20.9944346 105.5886332 20190810115922 
1 -0.1065 0.2441 0.5690 20.9944346 105.5886332 20190810115922 
1 -0.0232 -0.1349 0.1009 20.9944346 105.5886332 20190810115922 
1 -0.0756 0.3430 0.4004 20.9944346 105.5886332 20190810115922 
1 -0.0880 -0.0726 0.3435 20.9944346 105.5886332 20190810115922 
1 -0.0667 0.3028 0.6536 20.9944346 105.5886332 20190810115922 
1 0.0018 -0.0405 0.0493 20.9944346 105.5886332 20190810115922 
1 -0.0423 0.2681 0.3721 20.9944346 105.5886332 20190810115922 
1 -0.0762 -0.0557 0.2551 20.9944346 105.5886332 20190810115922 
1 -0.1115 0.3846 0.5579 20.9944346 105.5886332 20190810115922 
1 -0.0328 -0.1488 0.2304 20.9944346 105.5886332 20190810115922 
1 -0.0968 0.2438 0.7642 20.9944346 105.5886332 20190810115922 
1 -0.0531 0.0813 0.3738 20.9944346 105.5886332 20190810115922 
1 -0.1215 0.0863 0.2508 20.9944346 105.5886332 20190810115922 
1 -0.0387 -0.1322 0.2468 20.9944346 105.5886332 20190810115922 
1 0.0884 0.1603 -0.4562 20.9944346 105.5886332 20190810115922 
1 -0.0315 0.0933 0.1065 20.9944346 105.5886332 20190810115922 
1 0.0609 -0.0822 0.1021 20.9944346 105.5886332 20190810115922 
1 -0.0280 0.1968 0.4220 20.9944346 105.5886332 20190810115923 
1 0.1652 -0.0202 -0.1612 20.9944346 105.5886332 20190810115923 
1 0.0266 0.2124 -0.1359 20.9944346 105.5886332 20190810115923 
1 -0.0070 -0.0129 -0.4815 20.9944346 105.5886332 20190810115923 
1 0.1474 0.1344 -0.9809 20.9944346 105.5886332 20190810115923 
1 0.0509 0.0400 -0.9731 20.9944346 105.5886332 20190810115923 
1 -0.0367 0.2177 -0.5902 20.9944346 105.5886332 20190810115923 
1 0.0856 -0.1298 -0.9382 20.9944346 105.5886332 20190810115923 
1 0.0154 0.2443 -0.8073 20.9944346 105.5886332 20190810115923 
1 0.0274 0.1575 -1.1272 20.9944346 105.5886332 20190810115923 
1 -0.0508 0.1140 -0.7966 20.9944346 105.5886332 20190810115923 
1 -0.0607 0.0670 -0.7563 20.9944346 105.5886332 20190810115923 
1 0.0791 0.1057 -1.3719 20.9944346 105.5886332 20190810115923 
1 -0.0261 0.1589 -0.7637 20.9944346 105.5886332 20190810115923 
1 -0.1203 0.0772 -0.4112 20.9944346 105.5886332 20190810115923 
1 0.0859 -0.1012 -0.4807 20.9944346 105.5886332 20190810115923 
1 -0.1718 0.4400 -0.0063 20.9944346 105.5886332 20190810115923 
1 -0.0826 -0.0049 -0.0078 20.9944346 105.5886332 20190810115923 
1 -0.0554 0.2549 -0.2572 20.9944346 105.5886332 20190810115923 
1 -0.1107 -0.0472 -0.2998 20.9944346 105.5886332 20190810115923 
1 -0.0666 0.1466 0.2836 20.9945113 105.5887845 20190810115923 
1 -0.0887 0.1376 0.4525 20.9945113 105.5887845 20190810115923 
1 -0.0748 -0.0005 0.5293 20.9945113 105.5887845 20190810115923 
1 -0.1020 0.3047 0.3979 20.9945113 105.5887845 20190810115923 
1 -0.2083 -0.0812 0.8134 20.9945113 105.5887845 20190810115923 
1 -0.0871 0.1220 0.7181 20.9945113 105.5887845 20190810115923 
1 -0.0296 0.2754 0.1999 20.9945113 105.5887845 20190810115923 
1 -0.0039 -0.3720 0.2714 20.9945113 105.5887845 20190810115923 
1 -0.0754 0.2165 0.7148 20.9945113 105.5887845 20190810115923 
1 -0.0286 -0.1468 0.2314 20.9945113 105.5887845 20190810115923 
1 0.0436 0.1510 0.1334 20.9945113 105.5887845 20190810115923 
1 -0.0356 -0.0287 -0.0935 20.9945113 105.5887845 20190810115923 
1 -0.0735 0.2759 0.0780 20.9945113 105.5887845 20190810115923 
1 0.0294 -0.2238 0.0312 20.9945113 105.5887845 20190810115923 
1 0.0402 -0.0879 -0.1900 20.9945113 105.5887845 20190810115923 
1 -0.1800 0.2690 -0.0703 20.9945113 105.5887845 20190810115923 
1 -0.0737 -0.0782 -0.0259 20.9945113 105.5887845 20190810115923 
1 0.0940 0.0859 -0.0963 20.9945113 105.5887845 20190810115923 
1 -0.0671 -0.0407 -0.4113 20.9945113 105.5887845 20190810115923 
1 -0.2450 0.2984 0.1583 20.9945113 105.5887845 20190810115923 
1 0.0695 0.0022 -0.2120 20.9945113 105.5887845 20190810115923 
1 -0.1347 0.0868 0.1398 20.9945113 105.5887845 20190810115923 
1 -0.1902 0.0116 0.2183 20.9945113 105.5887845 20190810115923 
1 -0.1179 0.3556 0.5969 20.9945113 105.5887845 20190810115923 
1 -0.0427 -0.2945 0.1066 20.9945113 105.5887845 20190810115923 
1 -0.1643 0.1204 0.3761 20.9945113 105.5887845 20190810115923 
1 -0.2568 0.0432 0.4903 20.9945113 105.5887845 20190810115923 
1 -0.0388 0.0686 0.1557 20.9945113 105.5887845 20190810115923 
1 -0.1200 -0.0016 0.2602 20.9945113 105.5887845 20190810115923 
1 -0.1412 0.2352 0.4452 20.9945113 105.5887845 20190810115924 
1 -0.2147 -0.1331 0.6721 20.9945113 105.5887845 20190810115924 
1 -0.0313 -0.1144 0.4963 20.9945113 105.5887845 20190810115924 
1 -0.0464 0.0663 0.0305 20.9945113 105.5887845 20190810115924 
1 -0.1817 0.1020 0.2001 20.9945113 105.5887845 20190810115924 
1 -0.0309 -0.0164 0.0191 20.9945113 105.5887845 20190810115924 
1 -0.1166 -0.3050 -0.1173 20.9945113 105.5887845 20190810115924 
1 -0.2194 0.1407 0.1881 20.9945113 105.5887845 20190810115924 
1 -0.0768 -0.0620 0.1752 20.9945113 105.5887845 20190810115924 
1 -0.1152 0.2379 0.1016 20.9945113 105.5887845 20190810115924 
1 -0.0832 -0.2961 -0.2527 20.9945113 105.5887845 20190810115924 
1 0.0254 0.2384 -0.3832 20.9945113 105.5887845 20190810115924 
1 -0.2500 0.1554 -0.0005 20.9945113 105.5887845 20190810115924 
1 0.0742 -0.1926 -0.1152 20.9945113 105.5887845 20190810115924 
1 -0.1067 -0.1094 0.2035 20.9945113 105.5887845 20190810115924 
1 -0.1896 -0.0812 0.3510 20.9945113 105.5887845 20190810115924 
1 0.0633 0.1633 -0.2721 20.9945113 105.5887845 20190810115924 
1 -0.1116 -0.1611 -0.4390 20.9945113 105.5887845 20190810115924 
1 -0.1829 0.0401 -0.1968 20.9945113 105.5887845 20190810115924 
1 -0.0461 -0.1064 -0.4887 20.9945113 105.5887845 20190810115924 
1 -0.1042 0.1515 -0.1722 20.9945859 105.5889408 20190810115924 
1 0.0102 -0.5514 -0.5220 20.9945859 105.5889408 20190810115924 
1 -0.1798 0.1449 -0.2283 20.9945859 105.5889408 20190810115924 
1 -0.1848 -0.2153 -0.4756 20.9945859 105.5889408 20190810115924 
1 0.0805 -0.0202 -0.4773 20.9945859 105.5889408 20190810115924 
1 -0.2660 -0.1938 -0.5618 20.9945859 105.5889408 20190810115924 
1 -0.1121 -0.1254 -0.3513 20.9945859 105.5889408 20190810115924 
1 -0.0096 -0.1978 -0.9000 20.9945859 105.5889408 20190810115924 
1 -0.0717 0.0352 -1.0880 20.9945859 105.5889408 20190810115924 
1 -0.3206 -0.4564 -0.3555 20.9945859 105.5889408 20190810115924 
1 -0.1601 0.0886 0.0942 20.9945859 105.5889408 20190810115924 
1 -0.1910 0.1604 -0.2105 20.9945859 105.5889408 20190810115924 
1 -0.2350 -0.1406 -0.2241 20.9945859 105.5889408 20190810115924 
1 -0.2419 -0.0163 -0.0045 20.9945859 105.5889408 20190810115924 
1 -0.3801 -0.3423 -0.1263 20.9945859 105.5889408 20190810115924 
1 -0.3518 0.1935 0.4946 20.9945859 105.5889408 20190810115924 
1 -0.3654 -0.5408 0.5250 20.9945859 105.5889408 20190810115924 
1 -0.4640 0.1033 0.8941 20.9945859 105.5889408 20190810115924 
1 -0.2170 -0.3890 0.6348 20.9945859 105.5889408 20190810115924 
1 -0.4012 -0.0066 1.2638 20.9945859 105.5889408 20190810115924 
1 -0.3742 -0.1705 1.1646 20.9945859 105.5889408 20190810115924 
1 -0.2883 -0.1261 1.1670 20.9945859 105.5889408 20190810115924 
1 -0.3820 -0.1525 1.0187 20.9945859 105.5889408 20190810115924 
1 -0.4902 -0.0411 1.1590 20.9945859 105.5889408 20190810115924 
1 -0.3470 -0.2143 0.6912 20.9945859 105.5889408 20190810115924 
1 -0.2709 -0.1698 0.3705 20.9945859 105.5889408 20190810115924 
1 -0.1941 0.1219 0.3909 20.9945859 105.5889408 20190810115924 
1 -0.2289 -0.1746 -0.1120 20.9945859 105.5889408 20190810115924 
1 -0.2250 -0.0010 0.1766 20.9945859 105.5889408 20190810115924 
1 -0.2431 -0.0855 0.0484 20.9945859 105.5889408 20190810115924 
1 -0.2051 0.0078 -0.2301 20.9945859 105.5889408 20190810115925 
1 -0.3216 -0.4291 -0.1687 20.9945859 105.5889408 20190810115925 
1 -0.0706 0.1585 -0.4978 20.9945859 105.5889408 20190810115925 
1 -0.2864 -0.1426 -0.5766 20.9945859 105.5889408 20190810115925 
1 -0.2719 -0.0189 -0.3611 20.9945859 105.5889408 20190810115925 
1 -0.2257 0.0399 -0.2847 20.9945859 105.5889408 20190810115925 
1 -0.1752 -0.1966 -0.2908 20.9945859 105.5889408 20190810115925 
1 -0.1792 0.0940 -0.3453 20.9945859 105.5889408 20190810115925 
1 -0.2819 -0.2073 -0.6251 20.9945859 105.5889408 20190810115925 
1 -0.2857 0.0145 -0.1031 20.9945859 105.5889408 20190810115925 
1 -0.1706 -0.2125 -0.1512 20.9945859 105.5889408 20190810115925 
1 0.0100 0.0734 -0.2893 20.9945859 105.5889408 20190810115925 
1 -0.1207 -0.2101 -0.3220 20.9945859 105.5889408 20190810115925 
1 -0.2814 0.0400 0.2735 20.9945859 105.5889408 20190810115925 
1 -0.0722 0.0819 -0.2094 20.9945859 105.5889408 20190810115925 
1 -0.0227 -0.0989 -0.4951 20.9945859 105.5889408 20190810115925 
1 -0.1972 -0.0675 -0.2577 20.9945859 105.5889408 20190810115925 
1 -0.1946 0.0471 -0.1204 20.9945859 105.5889408 20190810115925 
1 -0.1856 -0.2053 0.0365 20.9945859 105.5889408 20190810115925 
1 -0.1171 -0.1675 -0.0541 20.9945859 105.5889408 20190810115925 
1 -0.2388 0.0156 -0.2348 20.9946618 105.5890911 20190810115925 
1 -0.3211 -0.0964 -0.0344 20.9946618 105.5890911 20190810115925 
1 -0.1112 -0.0050 -0.1677 20.9946618 105.5890911 20190810115925 
1 -0.1239 -0.0897 -0.2722 20.9946618 105.5890911 20190810115925 
1 -0.2211 -0.0126 0.1372 20.9946618 105.5890911 20190810115925 
1 -0.1734 -0.1587 0.2908 20.9946618 105.5890911 20190810115925 
1 -0.0718 -0.3142 0.3029 20.9946618 105.5890911 20190810115925 
1 -0.1555 -0.0611 -0.0465 20.9946618 105.5890911 20190810115925 
1 -0.1418 0.0862 -0.1267 20.9946618 105.5890911 20190810115925 
1 -0.2640 -0.2321 0.4748 20.9946618 105.5890911 20190810115925 
1 0.0782 -0.0658 0.1632 20.9946618 105.5890911 20190810115925 
1 -0.0823 0.2661 -0.3991 20.9946618 105.5890911 20190810115925 
1 -0.2467 -0.3257 0.1254 20.9946618 105.5890911 20190810115925 
1 -0.1220 -0.1529 0.2110 20.9946618 105.5890911 20190810115925 
1 -0.0360 -0.1962 -0.0514 20.9946618 105.5890911 20190810115925 
1 0.1146 -0.3467 -0.1392 20.9946618 105.5890911 20190810115925 
1 -0.0926 0.1965 0.0413 20.9946618 105.5890911 20190810115925 
1 -0.1526 -0.3194 -0.0022 20.9946618 105.5890911 20190810115925 
1 -0.0153 -0.1648 -0.0965 20.9946618 105.5890911 20190810115925 
1 -0.0959 0.3751 -0.1640 20.9946618 105.5890911 20190810115925 
1 -0.1920 -0.1354 -0.0053 20.9946618 105.5890911 20190810115925 
1 -0.0493 -0.2493 0.2308 20.9946618 105.5890911 20190810115925 
1 -0.0833 -0.0522 0.0782 20.9946618 105.5890911 20190810115925 
1 -0.1251 -0.2040 0.4034 20.9946618 105.5890911 20190810115925 
1 -0.0754 -0.1817 0.3480 20.9946618 105.5890911 20190810115925 
1 0.0674 0.0002 -0.0638 20.9946618 105.5890911 20190810115925 
1 -0.2861 -0.1248 0.3737 20.9946618 105.5890911 20190810115925 
1 -0.0884 0.3212 0.5108 20.9946618 105.5890911 20190810115925 
1 -0.0650 -0.1038 0.2264 20.9946618 105.5890911 20190810115925 
1 -0.1818 -0.1903 0.5269 20.9946618 105.5890911 20190810115925 
1 -0.3952 0.0178 1.2115 20.9946618 105.5890911 20190810115926 
1 0.2354 -0.3219 -0.0887 20.9946618 105.5890911 20190810115926 
1 0.0345 -0.0573 0.1019 20.9946618 105.5890911 20190810115926 
1 -0.2408 -0.0641 0.1204 20.9946618 105.5890911 20190810115926 
1 0.0114 -0.1270 0.0314 20.9946618 105.5890911 20190810115926 
1 0.1993 -0.0617 -0.0317 20.9946618 105.5890911 20190810115926 
1 0.0468 0.0513 -0.0754 20.9946618 105.5890911 20190810115926 
1 0.2515 -0.3895 -0.5322 20.9946618 105.5890911 20190810115926 
1 -0.0622 -0.1135 0.6132 20.9946618 105.5890911 20190810115926 
1 0.3478 0.1370 -1.3683 20.9946618 105.5890911 20190810115926 
1 -0.0773 -0.4273 -0.7130 20.9946618 105.5890911 20190810115926 
1 0.1659 0.1256 -0.6510 20.9946618 105.5890911 20190810115926 
1 0.0674 -0.3398 -1.5670 20.9946618 105.5890911 20190810115926 
1 -0.2336 0.1607 -0.6638 20.9946618 105.5890911 20190810115926 
1 0.2675 -0.4967 -1.3064 20.9946618 105.5890911 20190810115926 
1 0.1912 0.3226 -1.5793 20.9946618 105.5890911 20190810115926 
1 -0.2534 -0.2646 -0.9792 20.9946618 105.5890911 20190810115926 
1 -0.0447 0.1248 -0.8296 20.9946618 105.5890911 20190810115926 
1 0.0815 -0.2689 -1.0092 20.9946618 105.5890911 20190810115926 
1 0.0839 0.0476 -0.6008 20.9946618 105.5890911 20190810115926 
1 -0.2174 -0.1296 0.0461 20.9947386 105.5892378 20190810115926 
1 0.0933 -0.0425 0.4196 20.9947386 105.5892378 20190810115926 
1 0.2118 -0.3021 -0.1912 20.9947386 105.5892378 20190810115926 
1 -0.0651 0.2486 0.3302 20.9947386 105.5892378 20190810115926 
1 -0.0348 0.0635 0.2499 20.9947386 105.5892378 20190810115926 
1 -0.0273 -0.1132 0.6229 20.9947386 105.5892378 20190810115926 
1 0.1302 0.0010 0.5826 20.9947386 105.5892378 20190810115926 
1 -0.0397 0.2325 0.5838 20.9947386 105.5892378 20190810115926 
1 -0.1534 -0.1525 0.8378 20.9947386 105.5892378 20190810115926 
1 0.0624 -0.0042 0.7789 20.9947386 105.5892378 20190810115926 
1 0.0410 0.0249 0.5335 20.9947386 105.5892378 20190810115926 
1 -0.1814 -0.0222 0.9563 20.9947386 105.5892378 20190810115926 
1 0.0472 -0.2128 0.8484 20.9947386 105.5892378 20190810115926 
1 0.0080 0.0239 0.7954 20.9947386 105.5892378 20190810115926 
1 0.0774 -0.2224 0.4335 20.9947386 105.5892378 20190810115926 
1 -0.0044 0.0524 0.8361 20.9947386 105.5892378 20190810115926 
1 -0.0401 -0.2161 0.6242 20.9947386 105.5892378 20190810115926 
1 -0.0463 0.0350 0.9050 20.9947386 105.5892378 20190810115926 
1 0.1853 -0.2637 0.2524 20.9947386 105.5892378 20190810115926 
1 0.0758 -0.0768 0.4775 20.9947386 105.5892378 20190810115926 
1 -0.0163 -0.2846 0.4998 20.9947386 105.5892378 20190810115926 
1 -0.0049 -0.0173 0.3093 20.9947386 105.5892378 20190810115926 
1 0.2045 -0.0654 0.1369 20.9947386 105.5892378 20190810115926 
1 0.1675 -0.0971 -0.1410 20.9947386 105.5892378 20190810115926 
1 -0.0246 0.1146 0.1175 20.9947386 105.5892378 20190810115926 
1 0.0426 -0.2978 0.1103 20.9947386 105.5892378 20190810115926 
1 0.4407 0.1187 -0.2937 20.9947386 105.5892378 20190810115926 
1 0.0360 -0.5065 -0.4907 20.9947386 105.5892378 20190810115926 
1 0.0365 0.3613 0.0209 20.9947386 105.5892378 20190810115927 
1 0.0825 -0.1811 -0.5255 20.9947386 105.5892378 20190810115927 
1 0.2096 0.1032 -0.2375 20.9947386 105.5892378 20190810115927 
1 0.2620 -0.0836 -0.8285 20.9947386 105.5892378 20190810115927 
1 -0.0241 0.2054 -0.5257 20.9947386 105.5892378 20190810115927 
1 0.0915 -0.2355 -0.5019 20.9947386 105.5892378 20190810115927 
1 0.1457 -0.1141 -0.3534 20.9947386 105.5892378 20190810115927 
1 0.1141 -0.0059 -0.4198 20.9947386 105.5892378 20190810115927 
1 0.0483 -0.1111 -0.2870 20.9947386 105.5892378 20190810115927 
1 0.0638 0.0615 0.0021 20.9947386 105.5892378 20190810115927 
1 0.0408 0.0002 -0.2485 20.9947386 105.5892378 20190810115927 
1 0.0377 0.1099 0.2042 20.9947386 105.5892378 20190810115927 
1 -0.0307 -0.0723 0.0246 20.9947386 105.5892378 20190810115927 
1 0.1520 0.2399 0.1882 20.9947386 105.5892378 20190810115927 
1 0.0208 -0.1912 -0.0366 20.9947386 105.5892378 20190810115927 
1 0.0768 0.2050 0.3999 20.9947386 105.5892378 20190810115927 
1 0.0471 -0.1218 0.2032 20.9947386 105.5892378 20190810115927 
1 0.0635 -0.0804 0.3157 20.9947386 105.5892378 20190810115927 
1 0.1806 -0.0621 0.2314 20.9947386 105.5892378 20190810115927 
1 0.1119 -0.0107 0.4297 20.9947386 105.5892378 20190810115927 
1 0.1081 -0.1506 0.0417 20.9947386 105.5892378 20190810115927 
1 0.0491 0.1265 0.1583 20.9947386 105.5892378 20190810115927 
1 0.1286 -0.1349 -0.0020 20.9948166 105.5893856 20190810115927 
1 0.0981 -0.1589 0.1374 20.9948166 105.5893856 20190810115927 
1 0.1795 -0.4665 -0.1358 20.9948166 105.5893856 20190810115927 
1 0.0278 0.0250 -0.0806 20.9948166 105.5893856 20190810115927 
1 0.0962 -0.4257 -0.7173 20.9948166 105.5893856 20190810115927 
1 0.1465 -0.0003 -0.3135 20.9948166 105.5893856 20190810115927 
1 0.1549 -0.4079 -0.5258 20.9948166 105.5893856 20190810115927 
1 0.1238 0.0522 -0.3278 20.9948166 105.5893856 20190810115927 
1 0.0264 -0.2456 -0.5665 20.9948166 105.5893856 20190810115927 
1 0.1542 0.0341 -0.2996 20.9948166 105.5893856 20190810115927 
1 0.2327 -0.2478 -0.5579 20.9948166 105.5893856 20190810115927 
1 0.1550 -0.0151 -0.7474 20.9948166 105.5893856 20190810115927 
1 0.0805 -0.2811 -0.1585 20.9948166 105.5893856 20190810115927 
1 0.1147 -0.0641 -0.4527 20.9948166 105.5893856 20190810115927 
1 0.2028 -0.0852 -0.4950 20.9948166 105.5893856 20190810115927 
1 0.0745 -0.3122 -0.3923 20.9948166 105.5893856 20190810115927 
1 0.1239 0.2965 -0.1353 20.9948166 105.5893856 20190810115927 
1 0.1007 -0.1476 -0.0991 20.9948166 105.5893856 20190810115927 
1 0.0900 -0.1488 -0.0984 20.9948166 105.5893856 20190810115927 
1 0.0603 -0.1389 -0.2067 20.9948166 105.5893856 20190810115927 
1 0.1474 0.0742 0.3227 20.9948166 105.5893856 20190810115927 
1 0.2786 -0.1763 -0.0398 20.9948166 105.5893856 20190810115927 
1 0.0615 0.1813 0.1885 20.9948166 105.5893856 20190810115927 
1 0.0781 -0.1568 0.1878 20.9948166 105.5893856 20190810115927 
1 0.2253 0.1608 0.1432 20.9948166 105.5893856 20190810115927 
1 0.0818 -0.0867 -0.1848 20.9948166 105.5893856 20190810115927 
1 0.0337 0.2827 0.5345 20.9948166 105.5893856 20190810115927 
1 0.1944 -0.2076 0.2182 20.9948166 105.5893856 20190810115927 
1 0.1217 0.4781 0.2344 20.9948166 105.5893856 20190810115927 
1 0.1720 -0.2859 -0.2775 20.9948166 105.5893856 20190810115928 
1 -0.0216 0.4411 0.3021 20.9948166 105.5893856 20190810115928 
1 -0.0249 0.0396 0.1544 20.9948166 105.5893856 20190810115928 
1 -0.0077 0.2901 0.4362 20.9948166 105.5893856 20190810115928 
1 0.3283 0.2001 -0.0597 20.9948166 105.5893856 20190810115928 
1 -0.0971 0.5290 0.2602 20.9948166 105.5893856 20190810115928 
1 0.0324 -0.1516 0.3220 20.9948166 105.5893856 20190810115928 
1 0.0955 0.2727 0.6186 20.9948166 105.5893856 20190810115928 
1 0.3459 -0.0280 0.0071 20.9948166 105.5893856 20190810115928 
1 0.1707 0.0247 0.5037 20.9948166 105.5893856 20190810115928 
1 -0.0361 0.0837 0.8744 20.9948166 105.5893856 20190810115928 
1 0.1724 0.1359 0.4685 20.9948166 105.5893856 20190810115928 
1 0.2914 -0.0170 0.0648 20.9948166 105.5893856 20190810115928 
1 0.1066 0.0421 0.2825 20.9948166 105.5893856 20190810115928 
1 0.1948 -0.1237 -0.1588 20.9948166 105.5893856 20190810115928 
1 0.1319 -0.1116 -0.3140 20.9948166 105.5893856 20190810115928 
1 0.3181 -0.1043 -0.7216 20.9948166 105.5893856 20190810115928 
1 0.1096 -0.0816 -0.2574 20.9948166 105.5893856 20190810115928 
1 0.0286 0.1129 0.1164 20.9948166 105.5893856 20190810115928 
1 0.1135 0.0237 -0.1067 20.9948166 105.5893856 20190810115928 
1 0.1247 0.3308 -0.2912 20.9948815 105.5895309 20190810115928 
1 0.1880 -0.2702 -0.6487 20.9948815 105.5895309 20190810115928 
1 -0.0540 0.4062 -0.0641 20.9948815 105.5895309 20190810115928 
1 0.0177 0.0566 -0.6212 20.9948815 105.5895309 20190810115928 
1 0.2655 0.1778 -0.5417 20.9948815 105.5895309 20190810115928 
1 0.0258 0.1991 0.1448 20.9948815 105.5895309 20190810115928 
1 -0.0702 0.3057 0.1670 20.9948815 105.5895309 20190810115928 
1 0.0861 0.1310 0.2778 20.9948815 105.5895309 20190810115928 
1 0.1436 0.4634 0.1825 20.9948815 105.5895309 20190810115928 
1 0.1467 -0.0677 -0.3256 20.9948815 105.5895309 20190810115928 
1 -0.1954 0.3947 0.5179 20.9948815 105.5895309 20190810115928 
1 0.2197 0.3267 0.2199 20.9948815 105.5895309 20190810115928 
1 0.1882 0.1639 0.0899 20.9948815 105.5895309 20190810115928 
1 0.0972 0.1204 0.3841 20.9948815 105.5895309 20190810115928 
1 0.0329 0.2765 0.3385 20.9948815 105.5895309 20190810115928 
1 0.0951 0.2414 0.0563 20.9948815 105.5895309 20190810115928 
1 0.2579 -0.0359 -0.2945 20.9948815 105.5895309 20190810115928 
1 0.0135 0.1870 0.0207 20.9948815 105.5895309 20190810115928 
1 0.0511 0.1504 -0.1154 20.9948815 105.5895309 20190810115928 
1 0.0874 -0.0350 -0.0168 20.9948815 105.5895309 20190810115928 
1 0.1843 0.0459 -0.0601 20.9948815 105.5895309 20190810115928 
1 0.0452 0.3237 -0.5730 20.9948815 105.5895309 20190810115928 
1 0.0233 0.1077 0.2487 20.9948815 105.5895309 20190810115928 
1 0.1995 0.3030 -0.1051 20.9948815 105.5895309 20190810115928 
1 0.0855 -0.0254 -0.2714 20.9948815 105.5895309 20190810115928 
1 0.0479 0.1892 0.1459 20.9948815 105.5895309 20190810115928 
1 0.0478 0.1016 -0.0625 20.9948815 105.5895309 20190810115929 
1 -0.0008 0.1158 0.1872 20.9948815 105.5895309 20190810115929 
1 0.1470 0.0667 0.3128 20.9948815 105.5895309 20190810115929 
1 0.3474 0.1610 -0.1671 20.9948815 105.5895309 20190810115929 
1 -0.0535 0.1041 -0.0763 20.9948815 105.5895309 20190810115929 
1 0.0588 0.2388 0.3044 20.9948815 105.5895309 20190810115929 
1 0.1850 -0.0185 0.0872 20.9948815 105.5895309 20190810115929 
1 0.2724 0.2330 0.0663 20.9948815 105.5895309 20190810115929 
1 0.0740 -0.0129 0.1209 20.9948815 105.5895309 20190810115929 
1 0.0993 0.3111 0.3036 20.9948815 105.5895309 20190810115929 
1 0.0663 -0.1692 0.1945 20.9948815 105.5895309 20190810115929 
1 0.2857 0.1908 -0.3453 20.9948815 105.5895309 20190810115929 
1 0.0955 -0.2931 -0.3909 20.9948815 105.5895309 20190810115929 
1 -0.0618 0.6449 0.4288 20.9948815 105.5895309 20190810115929 
1 0.2747 -0.2451 -0.3469 20.9948815 105.5895309 20190810115929 
1 0.1177 0.3813 -0.1085 20.9948815 105.5895309 20190810115929 
1 0.1636 -0.0666 -0.3148 20.9948815 105.5895309 20190810115929 
1 0.1523 0.3198 0.1870 20.9948815 105.5895309 20190810115929 
1 0.1437 -0.0523 -0.3104 20.9948815 105.5895309 20190810115929 
1 0.3125 0.1456 -0.6919 20.9948815 105.5895309 20190810115929 
1 0.1330 -0.0566 -0.2663 20.9948815 105.5895309 20190810115929 
1 0.0420 0.0041 -0.0556 20.9948815 105.5895309 20190810115929 
1 0.1960 0.1434 -0.1952 20.9948815 105.5895309 20190810115929 
1 0.3565 -0.0705 -0.7389 20.9948815 105.5895309 20190810115929 
1 0.0065 -0.0038 -0.2989 20.9949503 105.5896795 20190810115929 
1 0.1276 0.1458 -0.3149 20.9949503 105.5896795 20190810115929 
1 0.2344 -0.1720 -0.5627 20.9949503 105.5896795 20190810115929 
1 0.3259 -0.0732 -0.5403 20.9949503 105.5896795 20190810115929 
1 0.1393 0.0864 -0.2047 20.9949503 105.5896795 20190810115929 
1 -0.0112 -0.0382 -0.0677 20.9949503 105.5896795 20190810115929 
1 0.2182 -0.0614 -0.0471 20.9949503 105.5896795 20190810115929 
1 0.1979 0.1416 -0.3659 20.9949503 105.5896795 20190810115929 
1 -0.0584 -0.0199 -0.1112 20.9949503 105.5896795 20190810115929 
1 0.1166 0.3174 0.1696 20.9949503 105.5896795 20190810115929 
1 0.2004 -0.1587 -0.0740 20.9949503 105.5896795 20190810115929 
1 0.0807 0.4662 0.1400 20.9949503 105.5896795 20190810115929 
1 0.1677 0.1597 -0.2434 20.9949503 105.5896795 20190810115929 
1 0.0706 0.2856 0.3228 20.9949503 105.5896795 20190810115929 
1 0.1759 0.0378 0.3343 20.9949503 105.5896795 20190810115929 
1 0.0912 0.5317 0.4087 20.9949503 105.5896795 20190810115929 
1 0.1833 0.1057 0.0637 20.9949503 105.5896795 20190810115929 
1 0.2184 0.2284 0.2579 20.9949503 105.5896795 20190810115929 
1 0.0958 0.1961 0.3286 20.9949503 105.5896795 20190810115929 
1 0.0355 0.0950 0.1917 20.9949503 105.5896795 20190810115929 
1 0.1197 0.2735 0.3167 20.9949503 105.5896795 20190810115929 
1 0.1249 0.0741 -0.0720 20.9949503 105.5896795 20190810115929 
1 0.1128 0.0834 0.2675 20.9949503 105.5896795 20190810115929 
1 0.1170 -0.0025 0.2411 20.9949503 105.5896795 20190810115929 
1 0.1553 0.1589 0.1796 20.9949503 105.5896795 20190810115929 
1 0.1206 -0.3002 0.2238 20.9949503 105.5896795 20190810115929 
1 0.0408 0.4180 0.3906 20.9949503 105.5896795 20190810115929 
1 0.2214 -0.0995 -0.2362 20.9949503 105.5896795 20190810115929 
1 0.0802 -0.3090 0.3073 20.9949503 105.5896795 20190810115929 
1 0.0108 0.3720 0.2439 20.9949503 105.5896795 20190810115930 
1 0.1408 0.0547 -0.3861 20.9949503 105.5896795 20190810115930 
1 0.3136 -0.2641 -0.1018 20.9949503 105.5896795 20190810115930 
1 -0.0677 -0.0375 0.2598 20.9949503 105.5896795 20190810115930 
1 -0.0512 0.5217 0.2280 20.9949503 105.5896795 20190810115930 
1 0.1501 -0.3155 -0.0682 20.9949503 105.5896795 20190810115930 
1 0.4246 0.3116 0.0167 20.9949503 105.5896795 20190810115930 
1 -0.1844 -0.0886 0.0963 20.9949503 105.5896795 20190810115930 
1 -0.0196 0.4941 0.3552 20.9949503 105.5896795 20190810115930 
1 0.3527 -0.5275 -0.5319 20.9949503 105.5896795 20190810115930 
1 0.0981 0.4839 0.3022 20.9949503 105.5896795 20190810115930 
1 -0.0690 -0.1450 0.1135 20.9949503 105.5896795 20190810115930 
1 0.0451 0.2801 0.3083 20.9949503 105.5896795 20190810115930 
1 0.0862 -0.1483 0.1293 20.9949503 105.5896795 20190810115930 
1 0.0505 0.3571 0.2995 20.9949503 105.5896795 20190810115930 
1 0.0987 -0.1039 0.1985 20.9949503 105.5896795 20190810115930 
1 0.0394 0.2591 0.3944 20.9949503 105.5896795 20190810115930 
1 0.1934 -0.2206 -0.0555 20.9949503 105.5896795 20190810115930 
1 -0.0129 0.3242 0.3966 20.9949503 105.5896795 20190810115930 
1 0.0719 0.0127 0.2504 20.9950261 105.5898335 20190810115930 
1 0.0873 -0.2554 0.1884 20.9950261 105.5898335 20190810115930 
1 0.0759 0.1750 0.3131 20.9950261 105.5898335 20190810115930 
1 0.0119 -0.1092 -0.0451 20.9950261 105.5898335 20190810115930 
1 0.0336 -0.1506 0.3165 20.9950261 105.5898335 20190810115930 
1 0.0163 0.2942 0.4007 20.9950261 105.5898335 20190810115930 
1 0.0600 -0.0788 -0.0246 20.9950261 105.5898335 20190810115930 
1 0.1465 -0.2229 -0.1345 20.9950261 105.5898335 20190810115930 
1 0.0979 0.2715 -0.3095 20.9950261 105.5898335 20190810115930 
1 0.1022 0.0689 -0.1118 20.9950261 105.5898335 20190810115930 
1 0.2033 -0.4031 0.1469 20.9950261 105.5898335 20190810115930 
1 0.2973 0.1192 0.0655 20.9950261 105.5898335 20190810115930 
1 -0.1722 -0.1294 -0.0873 20.9950261 105.5898335 20190810115930 
1 -0.2383 0.2441 0.4819 20.9950261 105.5898335 20190810115930 
1 0.1312 -0.1871 -0.0969 20.9950261 105.5898335 20190810115930 
1 0.1897 0.0521 -0.6311 20.9950261 105.5898335 20190810115930 
1 -0.2459 0.3402 -0.1077 20.9950261 105.5898335 20190810115930 
1 -0.1416 0.2677 0.4187 20.9950261 105.5898335 20190810115930 
1 0.1940 -0.0865 -0.3947 20.9950261 105.5898335 20190810115930 
1 -0.0070 0.3160 -0.2656 20.9950261 105.5898335 20190810115930 
1 -0.3026 0.0108 0.3086 20.9950261 105.5898335 20190810115930 
1 -0.1786 0.3031 0.6680 20.9950261 105.5898335 20190810115930 
1 0.1058 -0.1355 0.4396 20.9950261 105.5898335 20190810115930 
1 0.0180 0.1492 0.4191 20.9950261 105.5898335 20190810115930 
1 -0.1189 0.1993 0.6460 20.9950261 105.5898335 20190810115930 
1 0.1067 0.3537 0.6501 20.9950261 105.5898335 20190810115930 
1 0.0847 0.1657 0.3191 20.9950261 105.5898335 20190810115930 
1 0.1637 -0.0593 0.1470 20.9950261 105.5898335 20190810115930 
1 0.0337 0.4102 0.1483 20.9950261 105.5898335 20190810115931 
1 0.0217 -0.0011 -0.3477 20.9950261 105.5898335 20190810115931 
1 0.0410 0.1174 0.0008 20.9950261 105.5898335 20190810115931 
1 0.1743 -0.0257 -0.3029 20.9950261 105.5898335 20190810115931 
1 0.1620 -0.0520 -0.5065 20.9950261 105.5898335 20190810115931 
1 -0.0536 0.0096 -0.6703 20.9950261 105.5898335 20190810115931 
1 -0.0353 0.0821 -0.8289 20.9950261 105.5898335 20190810115931 
1 -0.0206 0.0733 -0.8060 20.9950261 105.5898335 20190810115931 
1 -0.1146 0.1995 -0.6968 20.9950261 105.5898335 20190810115931 
1 -0.0739 0.2187 -0.3805 20.9950261 105.5898335 20190810115931 
1 -0.1883 -0.1423 0.2268 20.9950261 105.5898335 20190810115931 
1 0.0341 0.3351 -0.0944 20.9950261 105.5898335 20190810115931 
1 -0.2257 -0.4360 -0.4560 20.9950261 105.5898335 20190810115931 
1 -0.2379 0.2787 0.7542 20.9950261 105.5898335 20190810115931 
1 -0.0298 -0.0207 0.4042 20.9950261 105.5898335 20190810115931 
1 0.0300 -0.1546 0.4141 20.9950261 105.5898335 20190810115931 
1 -0.1334 -0.2652 0.6444 20.9950261 105.5898335 20190810115931 
1 -0.1007 0.0621 0.8349 20.9950261 105.5898335 20190810115931 
1 -0.0146 -0.1760 0.8072 20.9950261 105.5898335 20190810115931 
1 0.0645 -0.1410 0.4995 20.9950261 105.5898335 20190810115931 
1 -0.0227 -0.0204 0.4064 20.9950261 105.5898335 20190810115931 
1 0.0161 -0.2705 0.5148 20.9950261 105.5898335 20190810115931 
1 0.0413 -0.0843 0.4191 20.9950261 105.5898335 20190810115931 
1 -0.0438 -0.1362 -0.1711 20.995102 105.5899869 20190810115931 
1 0.1546 -0.0304 -0.8442 20.995102 105.5899869 20190810115931 
1 -0.1121 -0.1312 -0.8463 20.995102 105.5899869 20190810115931 
1 0.0469 0.2403 -0.4988 20.995102 105.5899869 20190810115931 
1 0.0075 -0.2948 -0.7691 20.995102 105.5899869 20190810115931 
1 -0.1028 0.0514 -0.6073 20.995102 105.5899869 20190810115931 
1 -0.0322 0.1355 -0.6919 20.995102 105.5899869 20190810115931 
1 -0.0126 0.0146 -0.6189 20.995102 105.5899869 20190810115931 
1 -0.0709 0.1941 -0.6014 20.995102 105.5899869 20190810115931 
1 -0.2405 -0.0873 -0.7652 20.995102 105.5899869 20190810115931 
1 -0.0811 0.2298 -0.8597 20.995102 105.5899869 20190810115931 
1 -0.1069 -0.1357 -0.4032 20.995102 105.5899869 20190810115931 
1 -0.0527 0.2037 0.1144 20.995102 105.5899869 20190810115931 
1 -0.2520 -0.0232 -0.0897 20.995102 105.5899869 20190810115931 
1 -0.1818 0.0491 0.7798 20.995102 105.5899869 20190810115931 
1 -0.0481 -0.2854 0.4547 20.995102 105.5899869 20190810115931 
1 -0.1198 0.2152 0.6152 20.995102 105.5899869 20190810115931 
1 -0.2836 -0.3011 0.8881 20.995102 105.5899869 20190810115931 
1 -0.2783 -0.0159 1.2738 20.995102 105.5899869 20190810115931 
1 -0.1396 -0.0235 1.1014 20.995102 105.5899869 20190810115931 
1 -0.1418 -0.3634 1.1130 20.995102 105.5899869 20190810115931 
1 -0.1075 -0.1231 1.0841 20.995102 105.5899869 20190810115931 
1 -0.4009 -0.1840 1.0326 20.995102 105.5899869 20190810115931 
1 -0.0348 -0.0661 1.0921 20.995102 105.5899869 20190810115931 
1 0.0294 -0.3352 0.4912 20.995102 105.5899869 20190810115931 
1 -0.0777 0.0586 0.5564 20.995102 105.5899869 20190810115931 
1 -0.0665 -0.3372 0.2503 20.995102 105.5899869 20190810115932 
1 -0.0738 0.1246 0.5055 20.995102 105.5899869 20190810115932 
1 -0.0069 -0.3184 -0.1870 20.995102 105.5899869 20190810115932 
1 -0.0961 0.1080 -0.0121 20.995102 105.5899869 20190810115932 
1 -0.1332 0.0416 -0.1303 20.995102 105.5899869 20190810115932 
1 -0.1159 -0.1673 -0.5952 20.995102 105.5899869 20190810115932 
1 -0.2208 -0.1935 -0.3701 20.995102 105.5899869 20190810115932 
1 -0.1822 0.1109 -0.5651 20.995102 105.5899869 20190810115932 
1 -0.0661 -0.2400 -0.7734 20.995102 105.5899869 20190810115932 
1 -0.0588 -0.1368 -0.5310 20.995102 105.5899869 20190810115932 
1 -0.2173 -0.1239 -0.0671 20.995102 105.5899869 20190810115932 
1 -0.1235 -0.0855 -0.1773 20.995102 105.5899869 20190810115932 
1 -0.0038 -0.1443 -0.0050 20.995102 105.5899869 20190810115932 
1 0.0397 -0.3061 -0.4121 20.995102 105.5899869 20190810115932 
1 -0.2199 -0.0298 -0.3004 20.995102 105.5899869 20190810115932 
1 -0.1718 -0.2261 -0.4053 20.995102 105.5899869 20190810115932 
1 0.0253 -0.0784 -0.7360 20.995102 105.5899869 20190810115932 
1 -0.0619 -0.2961 -0.5649 20.995102 105.5899869 20190810115932 
1 -0.1204 0.1976 -0.4830 20.995102 105.5899869 20190810115932 
1 -0.1417 -0.0774 -0.4122 20.995102 105.5899869 20190810115932 
1 0.0349 -0.1609 -0.9329 20.995102 105.5899869 20190810115932 
1 -0.1956 0.1996 -0.3422 20.995102 105.5899869 20190810115932 
1 -0.1134 -0.0188 -0.3276 20.995102 105.5899869 20190810115932 
1 -0.0666 -0.3215 -0.3759 20.9951766 105.5901444 20190810115932 
1 -0.2372 0.1472 -0.0803 20.9951766 105.5901444 20190810115932 
1 -0.0515 -0.2625 -0.7637 20.9951766 105.5901444 20190810115932 
1 -0.0416 0.1229 -0.3040 20.9951766 105.5901444 20190810115932 
1 -0.4319 -0.1679 0.3933 20.9951766 105.5901444 20190810115932 
1 0.0591 0.1225 0.4340 20.9951766 105.5901444 20190810115932 
1 -0.1471 -0.0971 0.1924 20.9951766 105.5901444 20190810115932 
1 -0.1381 -0.1741 0.2934 20.9951766 105.5901444 20190810115932 
1 -0.1030 -0.0240 0.2676 20.9951766 105.5901444 20190810115932 
1 -0.0750 -0.0222 0.1185 20.9951766 105.5901444 20190810115932 
1 -0.0295 -0.2180 0.4152 20.9951766 105.5901444 20190810115932 
1 -0.1684 -0.0542 0.4788 20.9951766 105.5901444 20190810115932 
1 -0.0604 0.0943 0.4270 20.9951766 105.5901444 20190810115932 
1 -0.0403 -0.1927 -0.0697 20.9951766 105.5901444 20190810115932 
1 -0.1568 0.0616 0.3356 20.9951766 105.5901444 20190810115932 
1 0.0136 -0.1523 -0.3690 20.9951766 105.5901444 20190810115932 
1 -0.0215 -0.0303 -0.5001 20.9951766 105.5901444 20190810115932 
1 -0.4042 -0.3248 0.0864 20.9951766 105.5901444 20190810115932 
1 -0.0837 0.1320 -0.4366 20.9951766 105.5901444 20190810115932 
1 0.0651 -0.5363 -0.7179 20.9951766 105.5901444 20190810115932 
1 -0.4163 0.3196 0.5102 20.9951766 105.5901444 20190810115932 
1 0.0444 -0.3618 -0.7680 20.9951766 105.5901444 20190810115932 
1 -0.1790 -0.0945 0.1070 20.9951766 105.5901444 20190810115932 
1 0.0116 -0.0266 -1.1240 20.9951766 105.5901444 20190810115932 
1 -0.6533 -0.2374 -0.5694 20.9951766 105.5901444 20190810115932 
1 -0.5795 0.2920 0.7192 20.9951766 105.5901444 20190810115932 
1 0.4223 -0.1097 -0.4582 20.9951766 105.5901444 20190810115932 
1 -0.0084 -0.2184 -0.1451 20.9951766 105.5901444 20190810115932 
1 -0.6623 -0.2639 0.1147 20.9951766 105.5901444 20190810115933 
1 -0.0844 0.2202 0.0307 20.9951766 105.5901444 20190810115933 
1 -0.2117 -0.4367 -0.2978 20.9951766 105.5901444 20190810115933 
1 -0.1144 0.1041 -0.0994 20.9951766 105.5901444 20190810115933 
1 -0.4850 -0.1589 -0.3524 20.9951766 105.5901444 20190810115933 
1 -0.2541 0.2097 -0.0416 20.9951766 105.5901444 20190810115933 
1 -0.1745 -0.3027 0.0984 20.9951766 105.5901444 20190810115933 
1 -0.0620 -0.0247 -0.1761 20.9951766 105.5901444 20190810115933 
1 -0.3743 -0.1369 -0.2220 20.9951766 105.5901444 20190810115933 
1 -0.4661 0.0473 0.3328 20.9951766 105.5901444 20190810115933 
1 -0.2033 -0.0050 0.3847 20.9951766 105.5901444 20190810115933 
1 -0.0303 -0.3187 0.0908 20.9951766 105.5901444 20190810115933 
1 -0.2500 -0.1511 0.0784 20.9951766 105.5901444 20190810115933 
1 -0.5907 0.3159 0.3581 20.9951766 105.5901444 20190810115933 
1 -0.1461 -0.3690 0.0406 20.9951766 105.5901444 20190810115933 
1 -0.2287 0.0590 -0.1768 20.9951766 105.5901444 20190810115933 
1 -0.0768 -0.0234 -0.2270 20.9951766 105.5901444 20190810115933 
1 -0.4142 -0.1279 0.3116 20.9951766 105.5901444 20190810115933 
1 -0.4579 0.0938 0.7105 20.9951766 105.5901444 20190810115933 
1 0.0609 -0.0859 -0.5366 20.9951766 105.5901444 20190810115933 
1 -0.2270 -0.2663 -0.3118 20.9951766 105.5901444 20190810115933 
1 -0.4808 0.2104 0.7489 20.9951766 105.5901444 20190810115933 
1 0.0675 -0.0754 -0.9795 20.9952486 105.5902964 20190810115933 
1 -0.5972 0.1123 0.2374 20.9952486 105.5902964 20190810115933 
1 -0.3268 -0.2231 0.3555 20.9952486 105.5902964 20190810115933 
1 0.0248 0.2218 -0.4550 20.9952486 105.5902964 20190810115933 
1 -0.5169 -0.3851 0.3556 20.9952486 105.5902964 20190810115933 
1 -0.2610 0.2038 -0.3660 20.9952486 105.5902964 20190810115933 
1 -0.5864 -0.3737 0.2294 20.9952486 105.5902964 20190810115933 
1 -0.0872 0.4142 0.0667 20.9952486 105.5902964 20190810115933 
1 -0.1372 -0.1755 -0.6120 20.9952486 105.5902964 20190810115933 
1 -0.8251 0.5914 1.7904 20.9952486 105.5902964 20190810115933 
1 -0.1023 -0.2958 0.0832 20.9952486 105.5902964 20190810115933 
1 -0.0314 -0.2926 0.1284 20.9952486 105.5902964 20190810115933 
1 -0.7128 0.3925 0.8254 20.9952486 105.5902964 20190810115933 
1 -0.3809 -0.1116 0.2111 20.9952486 105.5902964 20190810115933 
1 -0.2654 0.2337 0.3462 20.9952486 105.5902964 20190810115933 
1 -0.0416 -0.2849 0.0400 20.9952486 105.5902964 20190810115933 
1 -0.3937 0.6198 0.1910 20.9952486 105.5902964 20190810115933 
1 -0.4816 -0.2055 0.3496 20.9952486 105.5902964 20190810115933 
1 -0.6116 0.1370 1.5861 20.9952486 105.5902964 20190810115933 
1 -0.1091 -0.4339 0.0100 20.9952486 105.5902964 20190810115933 
1 -0.0937 0.7777 -0.2437 20.9952486 105.5902964 20190810115933 
1 -0.8952 -0.2764 0.5623 20.9952486 105.5902964 20190810115933 
1 -0.0786 0.2206 -0.2460 20.9952486 105.5902964 20190810115933 
1 -0.0038 -0.1806 -0.6256 20.9952486 105.5902964 20190810115933 
1 -0.4534 0.7137 0.3897 20.9952486 105.5902964 20190810115933 
1 -0.5346 -0.2466 0.2642 20.9952486 105.5902964 20190810115933 
1 -0.2752 0.3407 1.5685 20.9952486 105.5902964 20190810115933 
1 0.2155 -0.1902 -0.3452 20.9952486 105.5902964 20190810115934 
1 -0.5149 0.4971 -0.4436 20.9952486 105.5902964 20190810115934 
1 -0.5347 0.3955 0.2176 20.9952486 105.5902964 20190810115934 
1 -0.0722 -0.0019 -0.7405 20.9952486 105.5902964 20190810115934 
1 -0.2461 0.3592 -0.3253 20.9952486 105.5902964 20190810115934 
1 -0.4985 0.5237 0.0044 20.9952486 105.5902964 20190810115934 
1 -0.1081 -0.0221 -0.6348 20.9952486 105.5902964 20190810115934 
1 -0.3201 0.2940 0.0384 20.9952486 105.5902964 20190810115934 
1 -0.2567 0.1367 -0.0924 20.9952486 105.5902964 20190810115934 
1 -0.4823 0.1617 -0.1145 20.9952486 105.5902964 20190810115934 
1 -0.2543 0.0605 0.0992 20.9952486 105.5902964 20190810115934 
1 -0.2619 0.0124 0.1727 20.9952486 105.5902964 20190810115934 
1 -0.2853 0.2625 -0.0926 20.9952486 105.5902964 20190810115934 
1 -0.3390 -0.0408 -0.2744 20.9952486 105.5902964 20190810115934 
1 -0.3939 0.3027 0.1961 20.9952486 105.5902964 20190810115934 
1 -0.3043 -0.1628 0.1492 20.9952486 105.5902964 20190810115934 
1 -0.3627 -0.0380 0.7816 20.9952486 105.5902964 20190810115934 
1 -0.6938 0.0208 1.1334 20.9952486 105.5902964 20190810115934 
1 -0.4443 -0.0235 0.9229 20.9952486 105.5902964 20190810115934 
1 -0.3876 -0.4362 0.8739 20.9952486 105.5902964 20190810115934 
1 -0.7557 0.5772 1.1937 20.9952486 105.5902964 20190810115934 
1 -0.6925 0.0960 0.7100 20.9953229 105.5904432 20190810115934 
1 -0.2568 -0.2747 0.7747 20.9953229 105.5904432 20190810115934 
1 -0.3688 -0.0659 0.8775 20.9953229 105.5904432 20190810115934 
1 -0.7952 0.8725 1.7067 20.9953229 105.5904432 20190810115934 
1 -0.4463 0.1272 1.5840 20.9953229 105.5904432 20190810115934 
1 0.0088 0.1166 0.9986 20.9953229 105.5904432 20190810115934 
1 -0.2014 0.2458 0.8377 20.9953229 105.5904432 20190810115934 
1 -0.7648 -0.1540 1.4399 20.9953229 105.5904432 20190810115934 
1 -0.1152 0.2184 0.5789 20.9953229 105.5904432 20190810115934 
1 0.0252 -0.5190 -0.3667 20.9953229 105.5904432 20190810115934 
1 -0.1237 -0.1272 -0.1963 20.9953229 105.5904432 20190810115934 
1 0.1628 0.2831 -2.0365 20.9953229 105.5904432 20190810115934 
1 -1.2974 0.7860 1.6758 20.9953229 105.5904432 20190810115934 
1 1.0653 -0.9719 -3.0451 20.9953229 105.5904432 20190810115934 
1 0.0215 0.4330 -2.1761 20.9953229 105.5904432 20190810115934 
1 -0.6729 0.0804 -0.4016 20.9953229 105.5904432 20190810115934 
1 -0.6928 -0.0288 -1.3731 20.9953229 105.5904432 20190810115934 
1 0.5825 -0.3634 -2.7076 20.9953229 105.5904432 20190810115934 
1 0.7043 -0.6926 -3.6253 20.9953229 105.5904432 20190810115934 
1 -1.1730 0.2148 -1.9067 20.9953229 105.5904432 20190810115934 
1 -0.8628 0.2726 -0.8696 20.9953229 105.5904432 20190810115934 
1 1.2449 -0.2876 -3.0447 20.9953229 105.5904432 20190810115934 
1 -0.5712 -0.6329 -2.9359 20.9953229 105.5904432 20190810115934 
1 -0.7872 0.7528 -0.1853 20.9953229 105.5904432 20190810115934 
1 -0.5902 0.2545 -0.3709 20.9953229 105.5904432 20190810115934 
1 0.2310 -1.0529 -2.8922 20.9953229 105.5904432 20190810115934 
1 0.0028 0.4082 -0.8584 20.9953229 105.5904432 20190810115934 
1 -0.9905 0.2067 0.4390 20.9953229 105.5904432 20190810115934 
1 -0.3948 -0.2065 -0.9402 20.9953229 105.5904432 20190810115934 
1 0.2588 0.0794 0.4465 20.9953229 105.5904432 20190810115935 
1 -0.3728 0.0355 1.6627 20.9953229 105.5904432 20190810115935 
1 -0.8814 0.4087 1.1608 20.9953229 105.5904432 20190810115935 
1 -0.2078 0.3280 1.1363 20.9953229 105.5904432 20190810115935 
1 0.1179 -0.2866 1.5019 20.9953229 105.5904432 20190810115935 
1 -0.6170 0.4602 1.8680 20.9953229 105.5904432 20190810115935 
1 -0.5978 0.4463 1.3120 20.9953229 105.5904432 20190810115935 
1 0.0853 -0.0903 1.2088 20.9953229 105.5904432 20190810115935 
1 -0.0194 0.1117 1.5895 20.9953229 105.5904432 20190810115935 
1 -0.5697 0.3383 1.2880 20.9953229 105.5904432 20190810115935 
1 -0.4470 0.1019 1.4042 20.9953229 105.5904432 20190810115935 
1 0.0751 -0.0905 0.5840 20.9953229 105.5904432 20190810115935 
1 -0.1303 0.1582 0.5650 20.9953229 105.5904432 20190810115935 
1 -0.5338 0.1404 0.7292 20.9953229 105.5904432 20190810115935 
1 -0.1220 0.1324 -0.1394 20.9953229 105.5904432 20190810115935 
1 -0.0942 -0.2477 -0.2856 20.9953229 105.5904432 20190810115935 
1 -0.2448 0.2146 0.0575 20.9953229 105.5904432 20190810115935 
1 -0.2345 -0.0165 -0.2085 20.9953229 105.5904432 20190810115935 
1 0.0044 -0.3611 -0.3710 20.9953229 105.5904432 20190810115935 
1 -0.1152 0.2076 -0.0564 20.9953229 105.5904432 20190810115935 
1 -0.2696 0.1009 -0.1212 20.9953973 105.5905906 20190810115935 
1 -0.2411 -0.3635 -0.0581 20.9953973 105.5905906 20190810115935 
1 -0.1644 0.5202 -0.4377 20.9953973 105.5905906 20190810115935 
1 -0.0426 -0.2375 -1.0148 20.9953973 105.5905906 20190810115935 
1 -0.2376 0.0400 -0.0039 20.9953973 105.5905906 20190810115935 
1 -0.1681 0.1444 -0.3808 20.9953973 105.5905906 20190810115935 
1 0.0405 0.1632 -0.7507 20.9953973 105.5905906 20190810115935 
1 0.1392 -0.3551 -0.6475 20.9953973 105.5905906 20190810115935 
1 -0.2024 0.2679 -0.4033 20.9953973 105.5905906 20190810115935 
1 -0.2020 0.1366 -0.2991 20.9953973 105.5905906 20190810115935 
1 0.0889 -0.4694 -0.5806 20.9953973 105.5905906 20190810115935 
1 -0.0321 0.6956 -0.1976 20.9953973 105.5905906 20190810115935 
1 -0.2097 -0.2877 -0.4275 20.9953973 105.5905906 20190810115935 
1 0.0899 0.2232 -0.1594 20.9953973 105.5905906 20190810115935 
1 -0.1274 -0.0243 -0.0133 20.9953973 105.5905906 20190810115935 
1 0.1252 0.1806 -0.7552 20.9953973 105.5905906 20190810115935 
1 0.0018 -0.1891 -0.3205 20.9953973 105.5905906 20190810115935 
1 -0.0959 0.1304 0.1103 20.9953973 105.5905906 20190810115935 
1 0.1142 0.0655 -0.5128 20.9953973 105.5905906 20190810115935 
1 -0.0702 0.0358 -0.1405 20.9953973 105.5905906 20190810115935 
1 0.0217 0.2511 -0.1955 20.9953973 105.5905906 20190810115935 
1 0.0090 -0.1933 -0.3752 20.9953973 105.5905906 20190810115935 
1 -0.1551 0.3070 0.1512 20.9953973 105.5905906 20190810115935 
1 0.1472 -0.0719 -0.6504 20.9953973 105.5905906 20190810115935 
1 0.0252 -0.0009 -0.3070 20.9953973 105.5905906 20190810115935 
1 -0.0971 -0.0903 -0.1197 20.9953973 105.5905906 20190810115935 
1 0.0579 0.4042 -0.2668 20.9953973 105.5905906 20190810115935 
1 0.0802 -0.1806 -0.2475 20.9953973 105.5905906 20190810115935 
1 -0.0288 -0.1070 0.1629 20.9953973 105.5905906 20190810115936 
1 -0.1296 0.3004 0.3601 20.9953973 105.5905906 20190810115936 
1 0.1125 0.0893 -0.2598 20.9953973 105.5905906 20190810115936 
1 -0.0196 -0.2407 -0.0401 20.9953973 105.5905906 20190810115936 
1 -0.0823 0.0498 0.1527 20.9953973 105.5905906 20190810115936 
1 0.0225 0.0844 -0.0611 20.9953973 105.5905906 20190810115936 
1 -0.0136 -0.1000 0.0493 20.9953973 105.5905906 20190810115936 
1 0.0902 -0.2315 -0.2234 20.9953973 105.5905906 20190810115936 
1 -0.0174 0.0778 0.1050 20.9953973 105.5905906 20190810115936 
1 -0.0070 -0.2095 -0.0384 20.9953973 105.5905906 20190810115936 
1 0.0051 0.1302 0.0722 20.9953973 105.5905906 20190810115936 
1 0.0743 0.0147 0.0900 20.9953973 105.5905906 20190810115936 
1 0.1136 -0.2449 0.0878 20.9953973 105.5905906 20190810115936 
1 -0.0479 -0.0270 0.2259 20.9953973 105.5905906 20190810115936 
1 0.0398 -0.0199 0.0070 20.9953973 105.5905906 20190810115936 
1 0.0142 0.1401 -0.0051 20.9953973 105.5905906 20190810115936 
1 -0.1548 -0.1035 0.6017 20.9953973 105.5905906 20190810115936 
1 0.1857 0.1997 -0.0646 20.9953973 105.5905906 20190810115936 
1 -0.0943 -0.1561 0.0355 20.9953973 105.5905906 20190810115936 
1 -0.1106 0.1816 0.6786 20.9953973 105.5905906 20190810115936 
1 0.1401 -0.2217 -0.1288 20.9953973 105.5905906 20190810115936 
1 -0.0735 -0.1375 0.6737 20.9953973 105.5905906 20190810115936 
1 -0.1905 0.1303 0.9970 20.9953973 105.5905906 20190810115936 
1 0.0536 0.1296 0.4599 20.9954704 105.5907251 20190810115936 
1 -0.1406 -0.0066 1.3443 20.9954704 105.5907251 20190810115936 
1 0.1172 0.0522 0.6290 20.9954704 105.5907251 20190810115936 
1 -0.1242 0.3755 0.5702 20.9954704 105.5907251 20190810115936 
1 0.1092 -0.1876 0.5321 20.9954704 105.5907251 20190810115936 
1 0.5123 0.0892 -0.6134 20.9954704 105.5907251 20190810115936 
1 0.0050 -0.1057 0.0219 20.9954704 105.5907251 20190810115936 
1 0.1639 0.2566 0.4687 20.9954704 105.5907251 20190810115936 
1 0.5001 -0.2752 0.0561 20.9954704 105.5907251 20190810115936 
1 -0.2023 0.1740 1.0692 20.9954704 105.5907251 20190810115936 
1 0.0084 0.3876 0.2634 20.9954704 105.5907251 20190810115936 
1 0.8179 0.1299 -1.8984 20.9954704 105.5907251 20190810115936 
1 -0.4510 -0.4454 0.8358 20.9954704 105.5907251 20190810115936 
1 -0.0423 0.4015 -0.6886 20.9954704 105.5907251 20190810115936 
1 0.6380 -0.1626 -2.6588 20.9954704 105.5907251 20190810115936 
1 0.2294 -0.3699 -1.6072 20.9954704 105.5907251 20190810115936 
1 -0.3625 -0.1672 -0.3850 20.9954704 105.5907251 20190810115936 
1 0.1866 0.6347 -0.6139 20.9954704 105.5907251 20190810115936 
1 0.4643 -0.3047 -0.1783 20.9954704 105.5907251 20190810115936 
1 0.2478 -0.5844 -1.8993 20.9954704 105.5907251 20190810115936 
1 -0.4564 0.5341 0.2405 20.9954704 105.5907251 20190810115936 
1 0.1780 -0.3303 0.0073 20.9954704 105.5907251 20190810115936 
1 0.2035 -0.3584 -0.9307 20.9954704 105.5907251 20190810115936 
1 -0.0854 0.1325 -0.5703 20.9954704 105.5907251 20190810115936 
1 0.1252 -0.1616 -0.5448 20.9954704 105.5907251 20190810115936 
1 0.0512 -0.0373 -0.0609 20.9954704 105.5907251 20190810115936 
1 -0.3122 0.1725 0.6707 20.9954704 105.5907251 20190810115936 
1 0.0917 -0.2599 0.2337 20.9954704 105.5907251 20190810115936 
1 0.1890 -0.0402 0.7239 20.9954704 105.5907251 20190810115937 
1 -0.0083 0.1667 1.1028 20.9954704 105.5907251 20190810115937 
1 -0.0900 -0.2075 0.7908 20.9954704 105.5907251 20190810115937 
1 -0.2296 0.2263 0.8334 20.9954704 105.5907251 20190810115937 
1 0.2459 -0.1588 1.2260 20.9954704 105.5907251 20190810115937 
1 0.1153 -0.0912 1.3158 20.9954704 105.5907251 20190810115937 
1 0.1265 -0.0792 0.9161 20.9954704 105.5907251 20190810115937 
1 0.1299 -0.1116 0.4087 20.9954704 105.5907251 20190810115937 
1 -0.3149 -0.0919 0.8221 20.9954704 105.5907251 20190810115937 
1 0.3287 -0.2008 0.1879 20.9954704 105.5907251 20190810115937 
1 0.1896 0.2452 0.6803 20.9954704 105.5907251 20190810115937 
1 0.4375 -0.0308 -1.1483 20.9954704 105.5907251 20190810115937 
1 -1.6680 0.3808 2.6036 20.9954704 105.5907251 20190810115937 
1 -0.6802 -1.2276 2.7437 20.9954704 105.5907251 20190810115937 
1 3.0682 -3.0234 -3.9547 20.9954704 105.5907251 20190810115937 
1 -1.6481 3.8936 2.8823 20.9954704 105.5907251 20190810115937 
1 -1.5860 -1.7587 0.5162 20.9954704 105.5907251 20190810115937 
1 2.0152 -1.0318 -3.2601 20.9954704 105.5907251 20190810115937 
1 1.2668 0.8568 0.2524 20.9954704 105.5907251 20190810115937 
1 -0.9224 1.8818 -0.0651 20.9954704 105.5907251 20190810115937 
1 -1.9179 -2.0496 0.0879 20.9954704 105.5907251 20190810115937 
1 1.5081 0.5102 3.4738 20.9954704 105.5907251 20190810115937 
1 1.4995 -1.5163 -0.3967 20.9955418 105.5908663 20190810115937 
1 -3.3370 2.2592 0.8292 20.9955418 105.5908663 20190810115937 
1 1.9642 0.6254 -1.9484 20.9955418 105.5908663 20190810115937 
1 0.4827 -3.1756 -3.4834 20.9955418 105.5908663 20190810115937 
1 -2.8907 2.3579 3.3854 20.9955418 105.5908663 20190810115937 
1 2.3394 -0.0455 -2.2388 20.9955418 105.5908663 20190810115937 
1 -0.1129 1.4555 -0.8303 20.9955418 105.5908663 20190810115937 
1 -0.3393 -2.5333 0.2208 20.9955418 105.5908663 20190810115937 
1 0.8131 1.0567 2.0289 20.9955418 105.5908663 20190810115937 
1 -0.9929 0.7001 4.4208 20.9955418 105.5908663 20190810115937 
1 1.1782 -0.7962 -2.9571 20.9955418 105.5908663 20190810115937 
1 1.1459 -0.9581 -4.9419 20.9955418 105.5908663 20190810115937 
1 0.1496 0.6999 2.6895 20.9955418 105.5908663 20190810115937 
1 -0.3238 -0.1046 1.0107 20.9955418 105.5908663 20190810115937 
1 0.4058 0.5775 -2.4276 20.9955418 105.5908663 20190810115937 
1 1.9106 -1.4880 -3.8098 20.9955418 105.5908663 20190810115937 
1 0.8178 -2.4592 -1.5098 20.9955418 105.5908663 20190810115937 
1 -1.2037 2.4478 1.6787 20.9955418 105.5908663 20190810115937 
1 0.0924 -0.6001 -1.7159 20.9955418 105.5908663 20190810115937 
1 0.5587 -0.4788 -3.6051 20.9955418 105.5908663 20190810115937 
1 0.5702 -0.9956 -1.8407 20.9955418 105.5908663 20190810115937 
1 0.5974 -0.5854 -0.9957 20.9955418 105.5908663 20190810115937 
1 0.0256 -0.6407 -2.5685 20.9955418 105.5908663 20190810115937 
1 -1.0211 1.0770 -2.8719 20.9955418 105.5908663 20190810115937 
1 1.1151 -0.1118 -1.8537 20.9955418 105.5908663 20190810115937 
1 0.4486 -1.9487 2.5317 20.9955418 105.5908663 20190810115937 
1 -0.2277 0.2627 2.7095 20.9955418 105.5908663 20190810115937 
1 0.2792 0.8326 -1.3790 20.9955418 105.5908663 20190810115937 
1 -0.4580 -1.6782 -0.1816 20.9955418 105.5908663 20190810115938 
1 -0.1478 -0.6397 3.4022 20.9955418 105.5908663 20190810115938 
1 0.0345 3.8358 3.2617 20.9955418 105.5908663 20190810115938 
1 0.8541 0.4350 -2.5495 20.9955418 105.5908663 20190810115938 
1 0.3231 -3.2885 -0.2714 20.9955418 105.5908663 20190810115938 
1 -1.5173 1.2709 4.8308 20.9955418 105.5908663 20190810115938 
1 0.9837 0.4043 3.2327 20.9955418 105.5908663 20190810115938 
1 1.9603 -1.0178 -2.0965 20.9955418 105.5908663 20190810115938 
1 -1.0878 0.5430 2.1844 20.9955418 105.5908663 20190810115938 
1 -0.0322 2.2700 5.0335 20.9955418 105.5908663 20190810115938 
1 1.4633 1.0167 0.2574 20.9955418 105.5908663 20190810115938 
1 -0.3673 -2.0325 -1.6882 20.9955418 105.5908663 20190810115938 
1 0.9043 0.1595 -1.0339 20.9955418 105.5908663 20190810115938 
1 0.2272 0.0074 1.8902 20.9955418 105.5908663 20190810115938 
1 0.2681 -0.1212 -0.5367 20.9955418 105.5908663 20190810115938 
1 -0.1782 -0.4855 -2.4980 20.9955418 105.5908663 20190810115938 
1 0.1140 1.2209 1.2832 20.9955418 105.5908663 20190810115938 
1 0.8139 -0.9271 0.0125 20.9955418 105.5908663 20190810115938 
1 0.1662 -0.3964 -2.2496 20.9955418 105.5908663 20190810115938 
1 -0.1188 0.5275 -0.0612 20.9955418 105.5908663 20190810115938 
1 0.6570 -0.9424 -0.2688 20.9955418 105.5908663 20190810115938 
1 -0.0859 0.4839 -0.4171 20.9956097 105.5910041 20190810115938 
1 -0.0475 -0.8382 -0.3764 20.9956097 105.5910041 20190810115938 
1 0.7146 0.1348 0.4407 20.9956097 105.5910041 20190810115938 
1 -0.2000 -0.3821 0.0166 20.9956097 105.5910041 20190810115938 
1 0.1782 0.1651 -0.1631 20.9956097 105.5910041 20190810115938 
1 0.2048 -0.1038 0.5111 20.9956097 105.5910041 20190810115938 
1 0.6260 -0.5024 -0.1503 20.9956097 105.5910041 20190810115938 
1 0.1323 0.2464 0.5988 20.9956097 105.5910041 20190810115938 
1 0.2100 -0.0682 -0.2365 20.9956097 105.5910041 20190810115938 
1 0.5250 0.8101 0.2724 20.9956097 105.5910041 20190810115938 
1 1.1549 -0.6556 -2.0078 20.9956097 105.5910041 20190810115938 
1 0.3318 0.0653 -0.3703 20.9956097 105.5910041 20190810115938 
1 -0.2076 0.2016 0.3555 20.9956097 105.5910041 20190810115938 
1 0.8282 0.3410 -1.2658 20.9956097 105.5910041 20190810115938 
1 1.0648 -0.4117 -2.5786 20.9956097 105.5910041 20190810115938 
1 -0.3655 -0.2146 0.5811 20.9956097 105.5910041 20190810115938 
1 0.5506 0.6097 -1.2937 20.9956097 105.5910041 20190810115938 
1 0.3707 -0.8205 -2.7079 20.9956097 105.5910041 20190810115938 
1 0.3618 -0.4419 -3.8161 20.9956097 105.5910041 20190810115938 
1 0.2591 0.0265 -2.1783 20.9956097 105.5910041 20190810115938 
1 -0.1933 0.4710 1.3434 20.9956097 105.5910041 20190810115938 
1 0.5030 -0.4833 -1.0928 20.9956097 105.5910041 20190810115938 
1 0.2831 0.2410 -0.7282 20.9956097 105.5910041 20190810115938 
1 0.2131 -0.1481 -0.0300 20.9956097 105.5910041 20190810115938 
1 0.0065 -0.2452 -0.6424 20.9956097 105.5910041 20190810115938 
1 0.0788 -0.4048 -0.0786 20.9956097 105.5910041 20190810115938 
1 0.0545 0.1428 1.1219 20.9956097 105.5910041 20190810115938 
1 0.2324 -0.2133 1.2340 20.9956097 105.5910041 20190810115938 
1 0.1863 0.0155 2.0516 20.9956097 105.5910041 20190810115939 
1 -0.1290 0.2321 1.8955 20.9956097 105.5910041 20190810115939 
1 0.0828 -0.1670 1.7103 20.9956097 105.5910041 20190810115939 
1 -0.0112 0.1535 2.4454 20.9956097 105.5910041 20190810115939 
1 0.2404 0.1304 2.1740 20.9956097 105.5910041 20190810115939 
1 0.3008 0.0305 1.6569 20.9956097 105.5910041 20190810115939 
1 0.0147 -0.2031 1.8470 20.9956097 105.5910041 20190810115939 
1 0.1202 0.0615 1.3680 20.9956097 105.5910041 20190810115939 
1 0.2221 -0.2586 1.5830 20.9956097 105.5910041 20190810115939 
1 0.4495 0.0316 1.7186 20.9956097 105.5910041 20190810115939 
1 0.2860 -0.0906 1.1394 20.9956097 105.5910041 20190810115939 
1 0.0909 0.0541 0.9140 20.9956097 105.5910041 20190810115939 
1 0.3829 0.0414 0.4981 20.9956097 105.5910041 20190810115939 
1 0.3362 -0.2206 -0.1852 20.9956097 105.5910041 20190810115939 
1 0.1379 -0.0261 0.0110 20.9956097 105.5910041 20190810115939 
1 0.4152 -0.1546 -0.7376 20.9956097 105.5910041 20190810115939 
1 0.2370 -0.1723 -0.5278 20.9956097 105.5910041 20190810115939 
1 0.0034 -0.1821 -0.2132 20.9956097 105.5910041 20190810115939 
1 0.2980 0.0446 -0.5318 20.9956097 105.5910041 20190810115939 
1 0.2539 -0.1838 -0.7891 20.9956097 105.5910041 20190810115939 
1 0.1782 -0.2329 -0.4341 20.9956097 105.5910041 20190810115939 
1 0.1082 0.0105 -0.5309 20.9956097 105.5910041 20190810115939 
1 0.1472 -0.2860 -0.5410 20.9956097 105.5910041 20190810115939 
1 0.2183 -0.0309 -0.5989 20.9956787 105.5911456 20190810115939 
1 0.1468 -0.0698 -0.5711 20.9956787 105.5911456 20190810115939 
1 0.1347 0.0713 -0.1232 20.9956787 105.5911456 20190810115939 
1 0.1507 -0.2278 -0.2231 20.9956787 105.5911456 20190810115939 
1 0.0747 -0.0089 -0.1683 20.9956787 105.5911456 20190810115939 
1 0.0307 -0.0978 0.2980 20.9956787 105.5911456 20190810115939 
1 0.2141 0.0304 0.1636 20.9956787 105.5911456 20190810115939 
1 -0.0481 -0.0286 -0.1860 20.9956787 105.5911456 20190810115939 
1 0.1370 0.0559 0.4545 20.9956787 105.5911456 20190810115939 
1 0.1097 -0.0210 2.0602 20.9956787 105.5911456 20190810115939 
1 0.1036 -0.2644 0.4282 20.9956787 105.5911456 20190810115939 
1 0.1659 -0.0301 -1.5061 20.9956787 105.5911456 20190810115939 
1 -0.1348 0.3627 0.3763 20.9956787 105.5911456 20190810115939 
1 0.0130 -0.3931 2.0577 20.9956787 105.5911456 20190810115939 
