1 -0.4371 -0.0686 0.0019 21.0037682 105.669856 20190810030241 
1 0.2826 0.1028 0.0684 21.0037682 105.669856 20190810030241 
1 -0.2521 -0.2165 -0.1690 21.0037682 105.669856 20190810030241 
1 0.0358 -0.0196 -0.1842 21.0037682 105.669856 20190810030241 
1 -0.0971 0.0908 -0.4049 21.0037682 105.669856 20190810030241 
1 -0.0083 -0.0300 0.1475 21.0037682 105.669856 20190810030241 
1 0.1015 -0.0642 0.4272 21.0037682 105.669856 20190810030241 
1 0.1698 0.0631 0.1676 21.0037682 105.669856 20190810030241 
1 0.2074 0.0392 -0.0692 21.0037682 105.669856 20190810030241 
1 -0.1508 -0.0452 0.3995 21.0037682 105.669856 20190810030241 
1 0.2653 0.0148 0.4698 21.0037682 105.669856 20190810030241 
1 0.0821 -0.0327 -0.2535 21.0037682 105.669856 20190810030241 
1 -0.0990 0.0494 -0.0053 21.0037682 105.669856 20190810030241 
1 0.1083 0.0288 0.3678 21.0037682 105.669856 20190810030241 
1 -0.0350 -0.0268 0.1698 21.0037682 105.669856 20190810030241 
1 0.0835 0.1755 -0.0154 21.0037682 105.669856 20190810030241 
1 -0.1676 -0.1283 -0.2705 21.0037682 105.669856 20190810030241 
1 -0.0854 -0.0139 -0.3199 21.0037682 105.669856 20190810030241 
1 -0.1050 0.0526 -0.3260 21.0037682 105.669856 20190810030241 
1 0.0086 0.0203 -0.3139 21.0037682 105.669856 20190810030241 
1 -0.1482 0.2001 -0.2479 21.0037682 105.669856 20190810030241 
1 0.1500 0.1721 -0.3343 21.0037682 105.669856 20190810030241 
1 -0.1090 -0.0772 -0.0813 21.0037682 105.669856 20190810030241 
1 -0.0452 0.0817 0.1039 21.0037682 105.669856 20190810030241 
1 0.3039 0.2928 -0.1320 21.0037682 105.669856 20190810030241 
1 -0.1181 0.0371 0.0099 21.0037682 105.669856 20190810030241 
1 -0.0301 0.0545 0.3623 21.0037682 105.669856 20190810030241 
1 0.2880 0.1041 0.0138 21.0037532 105.6696389 20190810030241 
1 0.1434 0.1303 0.1286 21.0037532 105.6696389 20190810030241 
1 0.0021 0.1731 0.4124 21.0037532 105.6696389 20190810030241 
1 0.1837 0.0764 0.7772 21.0037532 105.6696389 20190810030241 
1 0.2423 0.0927 0.3829 21.0037532 105.6696389 20190810030241 
1 0.0657 0.1304 0.1996 21.0037532 105.6696389 20190810030241 
1 0.0823 0.4189 0.4098 21.0037532 105.6696389 20190810030241 
1 0.1180 0.0242 0.5610 21.0037532 105.6696389 20190810030241 
1 0.4153 0.3047 0.0187 21.0037532 105.6696389 20190810030241 
1 0.0319 0.0775 0.5716 21.0037532 105.6696389 20190810030242 
1 0.0053 0.2601 0.6180 21.0037532 105.6696389 20190810030242 
1 0.3194 0.1907 -0.2008 21.0037532 105.6696389 20190810030242 
1 0.1427 0.1049 0.0559 21.0037532 105.6696389 20190810030242 
1 -0.2720 0.2304 0.0821 21.0037532 105.6696389 20190810030242 
1 0.4935 0.3853 -0.3829 21.0037532 105.6696389 20190810030242 
1 -0.0836 0.2060 -0.2653 21.0037532 105.6696389 20190810030242 
1 0.1237 0.2143 -0.0130 21.0037532 105.6696389 20190810030242 
1 0.0640 0.1028 -0.0518 21.0037532 105.6696389 20190810030242 
1 0.0769 0.0455 -0.2048 21.0037532 105.6696389 20190810030242 
1 0.0420 0.2736 -0.7763 21.0037532 105.6696389 20190810030242 
1 0.2765 0.3169 -0.5015 21.0037532 105.6696389 20190810030242 
1 -0.1274 0.0450 0.3871 21.0037532 105.6696389 20190810030242 
1 0.3366 0.3520 -0.1353 21.0037532 105.6696389 20190810030242 
1 -0.0923 0.2769 -0.4356 21.0037532 105.6696389 20190810030242 
1 0.1905 0.2681 0.2829 21.0037532 105.6696389 20190810030242 
1 -0.0999 0.2021 -0.0130 21.0037532 105.6696389 20190810030242 
1 0.1413 0.3754 -0.4517 21.0037532 105.6696389 20190810030242 
1 0.2480 0.1115 -0.1893 21.0037532 105.6696389 20190810030242 
1 0.0524 0.2189 0.1110 21.0037532 105.6696389 20190810030242 
1 0.2166 0.3315 -0.4970 21.0037532 105.6696389 20190810030242 
1 0.2107 0.0570 0.0113 21.0037532 105.6696389 20190810030242 
1 0.0937 0.3367 0.0578 21.0037532 105.6696389 20190810030242 
1 0.1386 0.2329 -0.1585 21.0037532 105.6696389 20190810030242 
1 0.2777 0.2165 -0.0103 21.0037532 105.6696389 20190810030242 
1 0.3505 0.3612 0.3307 21.0037532 105.6696389 20190810030242 
1 0.5372 0.4320 0.1492 21.0037532 105.6696389 20190810030242 
1 0.2361 0.2932 0.3248 21.0037532 105.6696389 20190810030242 
1 0.2591 0.3651 0.4000 21.0037532 105.6696389 20190810030242 
1 0.4024 0.4425 -0.1787 21.0037532 105.6696389 20190810030242 
1 0.3679 0.2242 -0.0912 21.0037532 105.6696389 20190810030242 
1 0.1040 0.1884 0.2970 21.0037532 105.6696389 20190810030242 
1 0.6465 0.5498 -0.2397 21.0037532 105.6696389 20190810030242 
1 0.0743 0.1844 0.1880 21.0037532 105.6696389 20190810030242 
1 0.7747 0.3534 0.0065 21.0037532 105.6696389 20190810030242 
1 -0.0724 0.1773 0.2416 21.0037532 105.6696389 20190810030242 
1 0.5199 0.3705 -0.1752 21.0037532 105.6696389 20190810030242 
1 0.3545 0.4162 0.0268 21.0037532 105.6696389 20190810030242 
1 0.5653 0.4115 0.2938 21.0037532 105.6696389 20190810030242 
1 0.0368 0.2047 0.5260 21.0037532 105.6696389 20190810030242 
1 0.3870 0.6401 -0.1785 21.0037532 105.6696389 20190810030242 
1 0.1220 0.2898 0.2031 21.0037532 105.6696389 20190810030242 
1 0.4501 0.5171 0.1470 21.0037532 105.6696389 20190810030242 
1 0.4156 0.5204 -0.5750 21.0037532 105.6696389 20190810030242 
1 0.3076 0.3528 -0.3037 21.0037532 105.6696389 20190810030242 
1 0.3430 0.4604 -0.0211 21.0037532 105.6696389 20190810030242 
1 0.1164 0.4102 -0.2803 21.0037532 105.6696389 20190810030242 
1 0.3558 0.5469 -0.1269 21.0037532 105.6696389 20190810030242 
1 0.2621 0.3965 -0.3611 21.0037532 105.6696389 20190810030242 
1 0.2962 0.5886 -0.3865 21.0037532 105.6696389 20190810030242 
1 0.2345 0.3649 -0.1952 21.0037532 105.6696389 20190810030243 
1 -0.0486 0.4631 0.0431 21.0037532 105.6696389 20190810030243 
1 0.4807 0.6963 -0.2415 21.0037532 105.6696389 20190810030243 
1 -0.0275 0.1355 0.3051 21.0037532 105.6696389 20190810030243 
1 0.3879 0.5985 0.0784 21.0037532 105.6696389 20190810030243 
1 0.0179 0.5732 -0.1526 21.0037532 105.6696389 20190810030243 
1 0.1372 0.3545 0.3360 21.0037532 105.6696389 20190810030243 
1 0.4848 0.6895 0.1665 21.0037532 105.6696389 20190810030243 
1 0.2708 0.4182 -0.0600 21.0037532 105.6696389 20190810030243 
1 0.1578 0.4195 0.3389 21.0037532 105.6696389 20190810030243 
1 -0.1805 0.4962 0.2211 21.0037532 105.6696389 20190810030243 
1 0.4046 0.5272 0.3062 21.0037532 105.6696389 20190810030243 
1 0.0686 0.4024 0.7776 21.0037532 105.6696389 20190810030243 
1 0.2720 0.4479 0.1790 21.0037532 105.6696389 20190810030243 
1 0.1016 0.6628 -0.0257 21.0037532 105.6696389 20190810030243 
1 0.1733 0.4023 0.4524 21.0037532 105.6696389 20190810030243 
1 0.2834 0.5891 -0.2345 21.0037532 105.6696389 20190810030243 
1 -0.1633 0.4405 -0.3383 21.0037532 105.6696389 20190810030243 
1 0.0859 0.3730 0.6898 21.0037532 105.6696389 20190810030243 
1 -0.2121 0.5578 0.2735 21.0037532 105.6696389 20190810030243 
1 0.0691 0.4428 -0.2861 21.0037532 105.6696389 20190810030243 
1 -0.1029 0.4157 0.1055 21.0037532 105.6696389 20190810030243 
1 0.1590 0.5315 0.1643 21.0037532 105.6696389 20190810030243 
1 -0.4367 0.3839 -0.1334 21.0037532 105.6696389 20190810030243 
1 -0.1629 0.4546 -0.0505 21.0037532 105.6696389 20190810030243 
1 -0.5068 0.5191 -0.2416 21.0037532 105.6696389 20190810030243 
1 -0.5339 0.4226 0.2404 21.0037532 105.6696389 20190810030243 
1 0.1031 0.3968 0.1751 21.0037532 105.6696389 20190810030243 
1 -0.5107 0.5313 -0.2127 21.0037532 105.6696389 20190810030243 
1 -0.1883 0.4637 0.0121 21.0037532 105.6696389 20190810030243 
1 -0.5565 0.3266 0.1211 21.0037532 105.6696389 20190810030243 
1 -0.2585 0.6041 -0.2427 21.0037532 105.6696389 20190810030243 
1 -0.4848 0.4057 -0.4240 21.0037532 105.6696389 20190810030243 
1 -0.6759 0.3475 -0.1607 21.0037532 105.6696389 20190810030243 
1 -0.2905 0.6353 -0.3167 21.0037532 105.6696389 20190810030243 
1 -0.4872 0.4520 -0.4825 21.0037532 105.6696389 20190810030243 
1 -0.2079 0.3942 -0.1101 21.0037532 105.6696389 20190810030243 
1 -0.6083 0.3750 -0.0189 21.0037532 105.6696389 20190810030243 
1 -0.2023 0.4516 -0.6014 21.0037532 105.6696389 20190810030243 
1 -0.6922 0.5064 -0.8312 21.0037532 105.6696389 20190810030243 
1 -0.0755 0.3718 -0.2056 21.0037532 105.6696389 20190810030243 
1 -0.5469 0.3168 0.1347 21.0037532 105.6696389 20190810030243 
1 -0.3178 0.3564 0.1819 21.0037532 105.6696389 20190810030243 
1 -0.2354 0.4150 0.3374 21.0037532 105.6696389 20190810030243 
1 -0.3695 0.3069 0.3434 21.0037532 105.6696389 20190810030243 
1 -0.1302 0.4045 0.0372 21.0037532 105.6696389 20190810030243 
1 -0.2508 0.2885 0.0815 21.0037532 105.6696389 20190810030243 
1 -0.2952 0.3623 0.5516 21.0037532 105.6696389 20190810030243 
1 -0.1893 0.3654 0.8024 21.0037532 105.6696389 20190810030243 
1 -0.4018 0.2641 0.7632 21.0037532 105.6696389 20190810030243 
1 -0.2544 0.1856 0.5696 21.0037532 105.6696389 20190810030244 
1 -0.4459 0.2042 0.6811 21.0037532 105.6696389 20190810030244 
1 -0.1540 0.2220 0.7534 21.0037532 105.6696389 20190810030244 
1 -0.4791 0.0128 0.7782 21.0037532 105.6696389 20190810030244 
1 -0.3191 0.4034 0.4726 21.0037532 105.6696389 20190810030244 
1 -0.4941 0.2113 0.4159 21.0037532 105.6696389 20190810030244 
1 -0.3591 0.1951 0.6582 21.0037532 105.6696389 20190810030244 
1 -0.4215 0.2954 0.2393 21.0037532 105.6696389 20190810030244 
1 -0.4196 0.2583 0.3032 21.0037532 105.6696389 20190810030244 
1 -0.4812 0.1836 0.3576 21.0037532 105.6696389 20190810030244 
1 -0.3999 0.3374 0.0757 21.0037532 105.6696389 20190810030244 
1 -0.1452 0.3092 -0.1699 21.0037532 105.6696389 20190810030244 
1 -0.6011 0.2706 -0.3362 21.0037532 105.6696389 20190810030244 
1 -0.3037 0.3941 -0.4226 21.0037532 105.6696389 20190810030244 
1 -0.7997 0.3367 -0.2826 21.0037532 105.6696389 20190810030244 
1 -0.1514 0.3052 -0.4507 21.0037532 105.6696389 20190810030244 
1 -0.4633 0.3057 -0.4000 21.0037532 105.6696389 20190810030244 
1 -0.3846 0.3639 -0.5266 21.0037532 105.6696389 20190810030244 
1 -0.4815 0.3221 -0.9727 21.0037532 105.6696389 20190810030244 
1 -0.3836 0.2190 -0.8115 21.0037532 105.6696389 20190810030244 
1 -0.3713 0.3736 -0.7236 21.0037532 105.6696389 20190810030244 
1 -0.7408 0.1809 -0.8416 21.0037532 105.6696389 20190810030244 
1 -0.3936 0.2170 -0.2333 21.0037532 105.6696389 20190810030244 
1 -0.5659 0.2026 -0.2376 21.0037532 105.6696389 20190810030244 
1 -0.3369 0.0341 -0.5456 21.0037532 105.6696389 20190810030244 
1 -0.5090 0.0356 0.0884 21.0037532 105.6696389 20190810030244 
1 -0.2948 0.2576 -0.2176 21.0037532 105.6696389 20190810030244 
1 -0.5679 0.0128 -0.4425 21.0037532 105.6696389 20190810030244 
1 -0.5161 0.0758 -0.0292 21.0037532 105.6696389 20190810030244 
1 -0.1498 0.3207 -0.2017 21.0037532 105.6696389 20190810030244 
1 -0.5925 0.1017 -0.0737 21.0037532 105.6696389 20190810030244 
1 -0.0227 0.1786 0.3935 21.0037532 105.6696389 20190810030244 
1 -0.4907 0.1477 0.0713 21.0037532 105.6696389 20190810030244 
1 -0.0671 0.3207 -0.3589 21.0037532 105.6696389 20190810030244 
1 -0.4944 0.2466 -0.1648 21.0037532 105.6696389 20190810030244 
1 0.0253 0.3505 -0.2772 21.0037532 105.6696389 20190810030244 
1 -0.5231 0.0877 -0.7103 21.0037532 105.6696389 20190810030244 
1 -0.1884 0.4017 -0.4976 21.0037532 105.6696389 20190810030244 
1 -0.2058 0.2092 -0.2131 21.0037532 105.6696389 20190810030244 
1 -0.5418 0.2002 -0.2545 21.0037532 105.6696389 20190810030244 
1 0.0936 0.3569 -0.8313 21.0037532 105.6696389 20190810030244 
1 -0.6617 0.2725 -0.9364 21.0037532 105.6696389 20190810030244 
1 -0.6778 0.2593 -0.3858 21.0037532 105.6696389 20190810030244 
1 0.0750 0.4848 -0.6845 21.0037532 105.6696389 20190810030244 
1 -0.5566 0.2582 -0.6161 21.0037532 105.6696389 20190810030244 
1 -0.7774 0.2185 0.1600 21.0037532 105.6696389 20190810030244 
1 -0.1562 0.5194 -0.2719 21.0037532 105.6696389 20190810030244 
1 -0.4755 0.3096 -0.4527 21.0037532 105.6696389 20190810030244 
1 -0.8850 0.0974 0.4881 21.0037532 105.6696389 20190810030245 
1 0.2208 0.6198 -0.3568 21.0037532 105.6696389 20190810030245 
1 -1.0105 0.2417 -0.3101 21.0037532 105.6696389 20190810030245 
1 0.1306 0.2824 0.9290 21.0037532 105.6696389 20190810030245 
1 -0.6657 0.4004 0.4507 21.0037532 105.6696389 20190810030245 
1 -0.3212 0.3133 0.5360 21.0037532 105.6696389 20190810030245 
1 -0.4199 0.2784 0.7816 21.0037532 105.6696389 20190810030245 
1 -0.5324 0.2964 0.5640 21.0037532 105.6696389 20190810030245 
1 -0.3658 0.3149 0.5417 21.0037532 105.6696389 20190810030245 
1 0.0304 0.2833 1.0120 21.0037532 105.6696389 20190810030245 
1 -0.6764 0.3107 0.7317 21.0037532 105.6696389 20190810030245 
1 -0.0460 0.3182 0.4966 21.0037532 105.6696389 20190810030245 
1 -0.5562 0.1619 0.5758 21.0037532 105.6696389 20190810030245 
1 -0.0199 0.4435 0.7667 21.0037532 105.6696389 20190810030245 
1 -0.4690 0.3656 0.7988 21.0037532 105.6696389 20190810030245 
1 0.0339 0.2368 0.7019 21.0037532 105.6696389 20190810030245 
1 -0.7466 0.1563 0.3695 21.0037532 105.6696389 20190810030245 
1 0.2277 0.3344 0.3427 21.0037532 105.6696389 20190810030245 
1 -0.7985 0.1524 0.3895 21.0037532 105.6696389 20190810030245 
1 -0.0598 0.4776 0.3341 21.0037532 105.6696389 20190810030245 
1 -0.1097 0.2099 0.4286 21.0037532 105.6696389 20190810030245 
1 -0.9147 0.2306 0.4795 21.0037532 105.6696389 20190810030245 
1 0.1837 0.3599 0.5678 21.0037532 105.6696389 20190810030245 
1 -0.2806 0.4676 -0.0886 21.0037532 105.6696389 20190810030245 
1 -0.5030 0.1790 0.3142 21.0037532 105.6696389 20190810030245 
1 -0.2907 0.2804 0.1010 21.0037532 105.6696389 20190810030245 
1 0.1251 0.5431 -0.2480 21.0037532 105.6696389 20190810030245 
1 -0.5745 0.2525 -0.5034 21.0037532 105.6696389 20190810030245 
1 0.2985 0.3161 0.0159 21.0037532 105.6696389 20190810030245 
1 -0.4273 0.4045 -0.8994 21.0037532 105.6696389 20190810030245 
1 0.2172 0.2515 -0.5546 21.0037532 105.6696389 20190810030245 
1 -0.3599 0.3531 -0.6502 21.0037532 105.6696389 20190810030245 
1 -0.1547 0.3859 -0.7226 21.0037532 105.6696389 20190810030245 
1 -0.0819 0.1751 -0.5660 21.0037532 105.6696389 20190810030245 
1 -0.1133 0.3759 -0.6855 21.0037532 105.6696389 20190810030245 
1 -0.5550 0.4136 -0.7695 21.0037532 105.6696389 20190810030245 
1 0.1260 0.2201 -0.3151 21.0037532 105.6696389 20190810030245 
1 -0.6493 0.3144 -0.7380 21.0037532 105.6696389 20190810030245 
1 -0.0486 0.3318 -0.6738 21.0037532 105.6696389 20190810030245 
1 -0.1742 0.2680 -0.6378 21.0037532 105.6696389 20190810030245 
1 -0.5616 0.1844 -0.0189 21.0037532 105.6696389 20190810030245 
1 -0.5674 0.1928 -0.3902 21.0037532 105.6696389 20190810030245 
1 0.0798 0.4211 -0.7504 21.0037532 105.6696389 20190810030245 
1 -0.5829 0.1959 -0.4948 21.0037532 105.6696389 20190810030245 
1 0.2087 0.3332 -0.0717 21.0037532 105.6696389 20190810030245 
1 -0.2875 0.2334 -0.3351 21.0037532 105.6696389 20190810030245 
1 -0.0750 0.0876 0.5166 21.0037532 105.6696389 20190810030245 
1 -0.5788 0.3151 0.0670 21.0037532 105.6696389 20190810030245 
1 -0.1827 0.1397 0.0222 21.0037532 105.6696389 20190810030245 
1 0.0895 0.3467 0.2722 21.0037532 105.6696389 20190810030245 
1 -0.1981 0.2959 -0.0289 21.0037532 105.6696389 20190810030245 
1 -0.2355 0.1478 0.5067 21.0037532 105.6696389 20190810030246 
1 0.0865 0.2451 0.9931 21.0037532 105.6696389 20190810030246 
1 -0.3576 0.4631 -0.0558 21.0037444 105.6694387 20190810030246 
1 0.0923 0.0477 0.3693 21.0037444 105.6694387 20190810030246 
1 -0.3851 0.2598 0.6422 21.0037444 105.6694387 20190810030246 
1 -0.1010 0.3680 0.3391 21.0037444 105.6694387 20190810030246 
1 0.1523 0.2440 0.0382 21.0037444 105.6694387 20190810030246 
1 -0.3410 0.2299 0.4178 21.0037444 105.6694387 20190810030246 
1 -0.1493 0.2817 0.1286 21.0037444 105.6694387 20190810030246 
1 -0.1167 0.1945 -0.1205 21.0037444 105.6694387 20190810030246 
1 -0.1415 0.1993 0.1410 21.0037444 105.6694387 20190810030246 
1 -0.3278 0.3133 0.3316 21.0037444 105.6694387 20190810030246 
1 0.1939 0.2620 -0.1308 21.0037444 105.6694387 20190810030246 
1 -0.3886 0.2056 -0.1334 21.0037444 105.6694387 20190810030246 
1 -0.0666 0.2488 -0.1067 21.0037444 105.6694387 20190810030246 
1 -0.0005 0.2218 -0.1131 21.0037444 105.6694387 20190810030246 
1 -0.4339 0.1936 0.1944 21.0037444 105.6694387 20190810030246 
1 0.1243 0.4987 0.0160 21.0037444 105.6694387 20190810030246 
1 -0.4687 -0.0003 -0.0037 21.0037444 105.6694387 20190810030246 
1 0.0249 0.3375 0.1519 21.0037444 105.6694387 20190810030246 
1 0.1536 0.4240 -0.2820 21.0037444 105.6694387 20190810030246 
1 -0.3358 0.2391 -0.1745 21.0037444 105.6694387 20190810030246 
1 -0.1431 0.1063 0.2962 21.0037444 105.6694387 20190810030246 
1 -0.1835 0.2468 -0.4107 21.0037444 105.6694387 20190810030246 
1 0.0279 0.4031 -0.2200 21.0037444 105.6694387 20190810030246 
1 -0.0183 0.3369 0.0937 21.0037444 105.6694387 20190810030246 
1 0.0189 0.1220 0.0897 21.0037444 105.6694387 20190810030246 
1 -0.0572 0.2871 -0.2448 21.0037444 105.6694387 20190810030246 
1 0.2580 0.2946 -0.0586 21.0037444 105.6694387 20190810030246 
1 -0.6240 0.2095 -0.0376 21.0037444 105.6694387 20190810030246 
1 0.4114 0.3773 0.0120 21.0037444 105.6694387 20190810030246 
1 -0.2382 0.2697 -0.0790 21.0037444 105.6694387 20190810030246 
1 0.0897 0.1327 0.3182 21.0037444 105.6694387 20190810030246 
1 0.1027 0.3962 -0.1940 21.0037444 105.6694387 20190810030246 
1 -0.1709 0.1427 -0.2376 21.0037444 105.6694387 20190810030246 
1 -0.1364 0.2024 -0.0295 21.0037444 105.6694387 20190810030246 
1 0.0052 0.2800 -0.4233 21.0037444 105.6694387 20190810030246 
1 -0.2020 0.2745 -0.2746 21.0037444 105.6694387 20190810030246 
1 -0.0741 0.2028 0.2437 21.0037444 105.6694387 20190810030246 
1 -0.2455 0.2078 0.1308 21.0037444 105.6694387 20190810030246 
1 0.0217 0.1627 -0.0172 21.0037444 105.6694387 20190810030246 
1 -0.1000 0.2557 -0.2528 21.0036873 105.6685887 20190810030246 
1 -0.2693 0.2167 -0.0426 21.0036873 105.6685887 20190810030246 
1 0.3041 0.1595 0.4979 21.0036873 105.6685887 20190810030246 
1 -0.1703 0.1521 0.4181 21.0036873 105.6685887 20190810030246 
1 -0.2491 0.2607 0.4049 21.0036873 105.6685887 20190810030246 
1 0.2078 0.2654 0.4521 21.0036873 105.6685887 20190810030246 
1 -0.0136 0.2228 0.5195 21.0036873 105.6685887 20190810030247 
1 -0.0368 0.2187 0.1997 21.0036873 105.6685887 20190810030247 
1 -0.1310 0.1429 0.5223 21.0036873 105.6685887 20190810030247 
1 0.2130 0.4595 0.2115 21.0036873 105.6685887 20190810030247 
1 -0.0668 0.1608 0.1723 21.0036873 105.6685887 20190810030247 
1 0.1176 0.1740 0.3813 21.0036873 105.6685887 20190810030247 
1 -0.0988 0.3068 -0.3466 21.0036873 105.6685887 20190810030247 
1 0.3892 0.5043 -0.6553 21.0036873 105.6685887 20190810030247 
1 -0.4116 0.0880 0.0173 21.0036873 105.6685887 20190810030247 
1 0.2280 0.3016 -0.2107 21.0036873 105.6685887 20190810030247 
1 0.1616 0.2092 -0.8233 21.0036873 105.6685887 20190810030247 
1 -0.3774 0.1851 -0.2678 21.0036873 105.6685887 20190810030247 
1 0.2345 0.3598 0.0729 21.0036873 105.6685887 20190810030247 
1 0.2117 0.2262 -0.5255 21.0036873 105.6685887 20190810030247 
1 -0.2008 0.1466 -0.3276 21.0036873 105.6685887 20190810030247 
1 0.1129 0.2486 0.0745 21.0036873 105.6685887 20190810030247 
1 -0.1482 0.1672 0.1296 21.0036873 105.6685887 20190810030247 
1 -0.0676 0.1456 0.4208 21.0036873 105.6685887 20190810030247 
1 -0.0408 0.0991 -0.1100 21.0036873 105.6685887 20190810030247 
1 -0.2612 0.2385 -0.0081 21.0036873 105.6685887 20190810030247 
1 0.1160 0.1835 0.3533 21.0036873 105.6685887 20190810030247 
1 -0.2644 0.2673 0.3713 21.0036873 105.6685887 20190810030247 
1 0.1209 0.2565 0.2830 21.0036873 105.6685887 20190810030247 
1 -0.2432 0.2111 0.1506 21.0036873 105.6685887 20190810030247 
1 -0.1853 0.1446 0.4823 21.0036873 105.6685887 20190810030247 
1 0.2510 0.2875 0.1742 21.0036873 105.6685887 20190810030247 
1 -0.0783 0.1307 -0.4555 21.0036873 105.6685887 20190810030247 
1 -0.1202 0.0092 0.1974 21.0036873 105.6685887 20190810030247 
1 0.1831 0.2124 0.1492 21.0036873 105.6685887 20190810030247 
1 -0.0374 0.0927 -0.1076 21.0036873 105.6685887 20190810030247 
1 0.0863 0.1829 0.4533 21.0036873 105.6685887 20190810030247 
1 -0.2073 0.1058 0.4528 21.0036873 105.6685887 20190810030247 
1 -0.0685 0.1738 0.2229 21.0036873 105.6685887 20190810030247 
1 0.0525 0.1339 0.0263 21.0036873 105.6685887 20190810030247 
1 -0.1239 0.2192 0.3300 21.0036873 105.6685887 20190810030247 
1 -0.2322 0.2896 0.0813 21.0036873 105.6685887 20190810030247 
1 0.1163 0.1819 0.0579 21.0036873 105.6685887 20190810030247 
1 -0.3556 0.1850 -0.0355 21.0036873 105.6685887 20190810030247 
1 -0.0386 0.1934 -0.1579 21.0036873 105.6685887 20190810030247 
1 0.2087 0.1649 -0.6627 21.0036873 105.6685887 20190810030247 
1 -0.4700 0.1722 -0.6017 21.0036873 105.6685887 20190810030247 
1 0.1140 0.1655 -0.7804 21.0036716 105.6683713 20190810030247 
1 -0.1268 0.1524 -0.4465 21.0036716 105.6683713 20190810030247 
1 0.0532 0.2255 -0.2303 21.0036716 105.6683713 20190810030247 
1 -0.2139 0.1411 -0.5295 21.0036716 105.6683713 20190810030247 
1 0.0355 0.1548 -0.2001 21.0036716 105.6683713 20190810030247 
1 0.0967 0.2120 -0.0115 21.0036716 105.6683713 20190810030247 
1 -0.0946 0.1185 -0.2642 21.0036716 105.6683713 20190810030247 
1 -0.1973 0.1566 -0.0937 21.0036716 105.6683713 20190810030247 
1 0.2149 0.2149 -0.1150 21.0036716 105.6683713 20190810030247 
1 -0.2894 0.0983 -0.3247 21.0036716 105.6683713 20190810030247 
1 -0.0629 0.2492 0.1664 21.0036716 105.6683713 20190810030248 
1 0.0488 0.1754 -0.0135 21.0036716 105.6683713 20190810030248 
1 -0.3670 0.0996 0.1028 21.0036716 105.6683713 20190810030248 
1 0.1209 0.1939 0.2659 21.0036716 105.6683713 20190810030248 
1 -0.0864 0.1709 -0.1425 21.0036716 105.6683713 20190810030248 
1 -0.0382 0.1153 -0.1052 21.0036716 105.6683713 20190810030248 
1 -0.1224 0.1415 0.0481 21.0036716 105.6683713 20190810030248 
1 0.0503 0.1467 -0.2240 21.0036716 105.6683713 20190810030248 
1 0.0493 0.1289 0.1814 21.0036716 105.6683713 20190810030248 
1 0.0124 0.1531 0.2924 21.0036716 105.6683713 20190810030248 
1 0.0430 0.1610 0.1995 21.0036716 105.6683713 20190810030248 
1 0.1031 0.0807 0.1000 21.0036716 105.6683713 20190810030248 
1 -0.1936 0.2889 0.2368 21.0036716 105.6683713 20190810030248 
1 0.5257 0.2998 0.4457 21.0036716 105.6683713 20190810030248 
1 0.1290 0.0429 0.4203 21.0036716 105.6683713 20190810030248 
1 -0.1609 0.1860 0.2585 21.0036716 105.6683713 20190810030248 
1 0.3325 0.3768 -0.1795 21.0036716 105.6683713 20190810030248 
1 0.0144 0.1680 -0.0510 21.0036716 105.6683713 20190810030248 
1 0.0565 0.2482 0.0217 21.0036716 105.6683713 20190810030248 
1 0.0869 0.2840 -0.6293 21.0036716 105.6683713 20190810030248 
1 0.0670 0.2524 -0.7366 21.0036716 105.6683713 20190810030248 
1 -0.1419 0.1948 -0.3964 21.0036716 105.6683713 20190810030248 
1 0.5285 0.3745 -0.9787 21.0036716 105.6683713 20190810030248 
1 -0.2783 0.1824 -1.1017 21.0036716 105.6683713 20190810030248 
1 0.3878 0.2070 -0.6950 21.0036716 105.6683713 20190810030248 
1 0.0031 0.1887 -1.0253 21.0036716 105.6683713 20190810030248 
1 0.3634 0.2873 -0.8215 21.0036716 105.6683713 20190810030248 
1 0.3192 0.0894 -0.6471 21.0036716 105.6683713 20190810030248 
1 -0.2265 0.1338 -0.4718 21.0036716 105.6683713 20190810030248 
1 0.5002 0.2023 -0.2580 21.0036716 105.6683713 20190810030248 
1 0.0834 0.2314 -0.1906 21.0036716 105.6683713 20190810030248 
1 0.0010 0.0413 0.2799 21.0036716 105.6683713 20190810030248 
1 0.1488 0.3369 0.0454 21.0036716 105.6683713 20190810030248 
1 -0.0033 0.0511 0.0940 21.0036716 105.6683713 20190810030248 
1 0.2533 0.1297 0.3692 21.0036716 105.6683713 20190810030248 
1 0.1686 0.1388 0.3318 21.0036716 105.6683713 20190810030248 
1 -0.2041 0.2408 0.7049 21.0036716 105.6683713 20190810030248 
1 0.3832 0.1407 0.7647 21.0036716 105.6683713 20190810030248 
1 -0.1211 0.0390 0.5143 21.0036716 105.6683713 20190810030248 
1 0.1949 0.3697 0.4891 21.0036716 105.6683713 20190810030248 
1 0.2203 0.3162 -0.1933 21.0036716 105.6683713 20190810030248 
1 -0.1514 -0.0475 0.4566 21.0036497 105.6681373 20190810030248 
1 0.1454 0.3125 0.2213 21.0036497 105.6681373 20190810030248 
1 0.1696 0.2442 0.1109 21.0036497 105.6681373 20190810030248 
1 0.0147 0.0928 0.5778 21.0036497 105.6681373 20190810030248 
1 0.1289 0.3957 -0.6444 21.0036497 105.6681373 20190810030248 
1 0.1400 0.0277 -0.6651 21.0036497 105.6681373 20190810030248 
1 0.0762 0.1228 0.1688 21.0036497 105.6681373 20190810030248 
1 -0.0018 0.2133 -0.3983 21.0036497 105.6681373 20190810030249 
1 -0.0330 -0.0095 0.2074 21.0036497 105.6681373 20190810030249 
1 0.1575 0.2358 0.3867 21.0036497 105.6681373 20190810030249 
1 0.3867 0.2352 -0.2613 21.0036497 105.6681373 20190810030249 
1 0.0145 0.0645 0.2327 21.0036497 105.6681373 20190810030249 
1 0.0461 0.1443 0.3266 21.0036497 105.6681373 20190810030249 
1 0.0576 0.0801 0.1869 21.0036497 105.6681373 20190810030249 
1 0.2566 0.2103 0.3592 21.0036497 105.6681373 20190810030249 
1 0.1443 0.0534 0.6777 21.0036497 105.6681373 20190810030249 
1 0.4358 0.0898 0.5731 21.0036497 105.6681373 20190810030249 
1 -0.0539 0.0792 0.3352 21.0036497 105.6681373 20190810030249 
1 -0.1815 -0.0184 0.8683 21.0036497 105.6681373 20190810030249 
1 0.2912 0.0759 0.9027 21.0036497 105.6681373 20190810030249 
1 -0.1667 -0.0209 0.8438 21.0036497 105.6681373 20190810030249 
1 0.0853 -0.0217 1.1787 21.0036497 105.6681373 20190810030249 
1 0.3761 0.2954 0.8876 21.0036497 105.6681373 20190810030249 
1 -0.2536 -0.0946 1.1460 21.0036497 105.6681373 20190810030249 
1 -0.2210 -0.0226 0.7446 21.0036497 105.6681373 20190810030249 
1 0.3010 0.4023 0.3358 21.0036497 105.6681373 20190810030249 
1 -0.2844 -0.0121 0.7799 21.0036497 105.6681373 20190810030249 
1 0.1234 0.2663 0.5031 21.0036497 105.6681373 20190810030249 
1 0.0107 0.1073 -0.0503 21.0036497 105.6681373 20190810030249 
1 -0.0577 0.1290 -0.0967 21.0036497 105.6681373 20190810030249 
1 0.0283 0.3798 -0.6979 21.0036497 105.6681373 20190810030249 
1 -0.0603 0.0189 -0.7865 21.0036497 105.6681373 20190810030249 
1 0.1726 0.2638 -0.8114 21.0036497 105.6681373 20190810030249 
1 -0.3153 0.2345 -1.1777 21.0036497 105.6681373 20190810030249 
1 -0.2295 0.3020 -0.6087 21.0036497 105.6681373 20190810030249 
1 0.2325 0.4643 -0.9894 21.0036497 105.6681373 20190810030249 
1 -0.3627 0.3107 -1.3547 21.0036497 105.6681373 20190810030249 
1 0.2534 0.2120 -0.9290 21.0036497 105.6681373 20190810030249 
1 -0.2864 0.0694 -1.3018 21.0036497 105.6681373 20190810030249 
1 0.0497 0.1396 -0.9206 21.0036497 105.6681373 20190810030249 
1 0.1302 0.1445 -0.6260 21.0036497 105.6681373 20190810030249 
1 -0.5269 0.0901 -0.7990 21.0036497 105.6681373 20190810030249 
1 0.2729 0.2437 -0.7904 21.0036497 105.6681373 20190810030249 
1 -0.3149 0.2069 -0.4811 21.0036497 105.6681373 20190810030249 
1 0.0676 0.3542 -0.2893 21.0036497 105.6681373 20190810030249 
1 -0.2192 0.0655 0.1585 21.0036497 105.6681373 20190810030249 
1 -0.1875 0.2873 0.2764 21.0036497 105.6681373 20190810030249 
1 0.3902 0.0319 0.0847 21.0036497 105.6681373 20190810030249 
1 -0.1789 0.2104 -0.2002 21.0036332 105.6679149 20190810030249 
1 -0.1702 -0.0103 0.1283 21.0036332 105.6679149 20190810030249 
1 -0.2282 0.1411 0.6718 21.0036332 105.6679149 20190810030249 
1 0.1710 0.1983 0.7673 21.0036332 105.6679149 20190810030249 
1 -0.0220 0.0881 0.7307 21.0036332 105.6679149 20190810030249 
1 -0.0609 0.1431 0.9478 21.0036332 105.6679149 20190810030249 
1 -0.2648 0.0913 0.6375 21.0036332 105.6679149 20190810030249 
1 0.3931 0.1196 0.8440 21.0036332 105.6679149 20190810030249 
1 -1.1490 0.0772 0.2745 21.0036332 105.6679149 20190810030250 
1 0.1510 0.0754 1.0372 21.0036332 105.6679149 20190810030250 
1 -0.3433 0.0625 0.8922 21.0036332 105.6679149 20190810030250 
1 -0.2611 0.2322 0.3245 21.0036332 105.6679149 20190810030250 
1 -0.0887 0.1523 0.8490 21.0036332 105.6679149 20190810030250 
1 0.1032 0.2935 0.2023 21.0036332 105.6679149 20190810030250 
1 -0.3414 0.2087 -0.8958 21.0036332 105.6679149 20190810030250 
1 -0.3345 -0.0483 0.1773 21.0036332 105.6679149 20190810030250 
1 0.3756 0.3106 0.7303 21.0036332 105.6679149 20190810030250 
1 -0.1816 0.4390 -0.3237 21.0036332 105.6679149 20190810030250 
1 -0.1875 -0.0023 -0.4180 21.0036332 105.6679149 20190810030250 
1 0.2369 0.3009 -0.7771 21.0036332 105.6679149 20190810030250 
1 -0.1705 0.1199 -1.3041 21.0036332 105.6679149 20190810030250 
1 -0.4393 0.1314 -0.1398 21.0036332 105.6679149 20190810030250 
1 0.2321 0.2545 0.0586 21.0036332 105.6679149 20190810030250 
1 -0.7409 0.0940 -0.7374 21.0036332 105.6679149 20190810030250 
1 -0.1838 0.1338 -0.6196 21.0036332 105.6679149 20190810030250 
1 0.0220 0.2702 -0.9854 21.0036332 105.6679149 20190810030250 
1 -0.2348 0.2015 -0.4361 21.0036332 105.6679149 20190810030250 
1 -0.4307 0.0017 0.1205 21.0036332 105.6679149 20190810030250 
1 -0.0285 0.3542 -0.9158 21.0036332 105.6679149 20190810030250 
1 -0.4132 0.1404 -0.7135 21.0036332 105.6679149 20190810030250 
1 0.0908 0.3250 -0.5821 21.0036332 105.6679149 20190810030250 
1 -0.3767 0.2235 -0.6793 21.0036332 105.6679149 20190810030250 
1 -0.3271 0.0820 -0.2721 21.0036332 105.6679149 20190810030250 
1 -0.2008 0.1767 -0.3518 21.0036332 105.6679149 20190810030250 
1 -0.0916 0.2689 -0.5905 21.0036332 105.6679149 20190810030250 
1 -0.3874 -0.0973 0.0984 21.0036332 105.6679149 20190810030250 
1 -0.4966 0.1776 -0.4632 21.0036332 105.6679149 20190810030250 
1 -0.0957 0.1860 -0.0851 21.0036332 105.6679149 20190810030250 
1 -0.2093 -0.0789 1.1980 21.0036332 105.6679149 20190810030250 
1 -0.6027 0.1028 1.1606 21.0036332 105.6679149 20190810030250 
1 0.2542 0.1556 0.5876 21.0036332 105.6679149 20190810030250 
1 -0.4647 0.1429 1.0581 21.0036332 105.6679149 20190810030250 
1 -0.1160 0.1140 1.0536 21.0036332 105.6679149 20190810030250 
1 0.1277 0.2034 0.4104 21.0036332 105.6679149 20190810030250 
1 -0.4323 0.0861 0.9266 21.0036332 105.6679149 20190810030250 
1 0.1004 0.2020 1.0746 21.0036332 105.6679149 20190810030250 
1 -0.1965 0.2483 0.4234 21.0036332 105.6679149 20190810030250 
1 0.5018 0.2825 -0.0083 21.0036332 105.6679149 20190810030250 
1 -0.4656 0.1710 0.0405 21.0036332 105.6679149 20190810030250 
1 0.3055 0.3244 -0.2412 21.0036177 105.6676841 20190810030250 
1 -0.4640 0.0351 -0.3758 21.0036177 105.6676841 20190810030250 
1 -0.0111 0.3614 0.0745 21.0036177 105.6676841 20190810030250 
1 -0.0006 0.2038 -0.4564 21.0036177 105.6676841 20190810030250 
1 0.2317 0.1362 -0.4665 21.0036177 105.6676841 20190810030250 
1 -0.6703 0.2163 -1.0073 21.0036177 105.6676841 20190810030250 
1 0.5543 0.3099 -0.7854 21.0036177 105.6676841 20190810030250 
1 -0.7789 -0.0157 -0.2938 21.0036177 105.6676841 20190810030250 
1 -0.0001 0.2797 -0.7047 21.0036177 105.6676841 20190810030250 
1 -0.2880 0.1782 -0.7655 21.0036177 105.6676841 20190810030250 
1 -0.3279 0.1628 0.0492 21.0036177 105.6676841 20190810030251 
1 -0.1875 0.1483 -0.7013 21.0036177 105.6676841 20190810030251 
1 -0.2639 0.0498 -0.7523 21.0036177 105.6676841 20190810030251 
1 -0.4731 0.0187 -0.0981 21.0036177 105.6676841 20190810030251 
1 0.0193 0.3377 -0.5201 21.0036177 105.6676841 20190810030251 
1 -0.1313 -0.1810 0.3279 21.0036177 105.6676841 20190810030251 
1 -0.0321 0.2249 0.5234 21.0036177 105.6676841 20190810030251 
1 -0.2794 0.2175 -0.2183 21.0036177 105.6676841 20190810030251 
1 0.3367 -0.0607 1.0081 21.0036177 105.6676841 20190810030251 
1 0.1924 0.1794 0.8831 21.0036177 105.6676841 20190810030251 
1 -0.0368 -0.0025 0.6266 21.0036177 105.6676841 20190810030251 
1 0.4858 0.1806 1.3322 21.0036177 105.6676841 20190810030251 
1 0.0156 0.0681 1.2278 21.0036177 105.6676841 20190810030251 
1 0.1971 -0.1317 1.4808 21.0036177 105.6676841 20190810030251 
1 -0.0866 0.0052 1.1041 21.0036177 105.6676841 20190810030251 
1 0.2620 0.0482 1.2716 21.0036177 105.6676841 20190810030251 
1 0.0258 -0.0344 1.7310 21.0036177 105.6676841 20190810030251 
1 -0.1591 -0.0722 1.8389 21.0036177 105.6676841 20190810030251 
1 0.3065 0.1004 1.4225 21.0036177 105.6676841 20190810030251 
1 -0.0642 0.1339 1.2720 21.0036177 105.6676841 20190810030251 
1 -0.3793 0.0242 1.6844 21.0036177 105.6676841 20190810030251 
1 0.0472 0.1670 1.1813 21.0036177 105.6676841 20190810030251 
1 -0.5146 0.2875 0.4440 21.0036177 105.6676841 20190810030251 
1 -0.2156 0.0335 0.1532 21.0036177 105.6676841 20190810030251 
1 -0.4399 0.1572 -0.4129 21.0036177 105.6676841 20190810030251 
1 0.2440 0.3681 -0.9344 21.0036177 105.6676841 20190810030251 
1 0.0448 0.2452 -0.6984 21.0036177 105.6676841 20190810030251 
1 -0.4841 -0.1103 -0.1941 21.0036177 105.6676841 20190810030251 
1 -1.1392 0.2235 -2.1018 21.0036177 105.6676841 20190810030251 
1 -0.0274 0.2040 -2.2913 21.0036177 105.6676841 20190810030251 
1 0.2233 0.1614 -0.6284 21.0036177 105.6676841 20190810030251 
1 -0.3291 0.1859 -1.8315 21.0036177 105.6676841 20190810030251 
1 0.2135 0.2560 -2.6244 21.0036177 105.6676841 20190810030251 
1 -0.3540 0.1055 -1.0152 21.0036177 105.6676841 20190810030251 
1 0.1794 0.2476 -1.5369 21.0036177 105.6676841 20190810030251 
1 -0.4163 0.3645 -2.6336 21.0036177 105.6676841 20190810030251 
1 0.2200 0.0983 -1.6636 21.0036177 105.6676841 20190810030251 
1 -0.0124 0.3792 -2.1549 21.0036177 105.6676841 20190810030251 
1 -0.0118 -0.0226 -1.9601 21.0036177 105.6676841 20190810030251 
1 0.6247 0.4640 -1.5841 21.0036177 105.6676841 20190810030251 
1 -0.0461 0.1238 -1.8458 21.0036177 105.6676841 20190810030251 
1 -0.0965 -0.0605 -1.7889 21.0036177 105.6676841 20190810030251 
1 0.0087 0.0302 -0.8480 21.0036008 105.6674659 20190810030251 
1 0.4623 0.0853 -1.3107 21.0036008 105.6674659 20190810030251 
1 -0.8292 -0.2900 0.0623 21.0036008 105.6674659 20190810030251 
1 0.6900 0.0617 0.9540 21.0036008 105.6674659 20190810030251 
1 0.0342 -0.1436 0.5795 21.0036008 105.6674659 20190810030251 
1 -0.4013 -0.1513 1.4611 21.0036008 105.6674659 20190810030252 
1 0.2132 -0.0779 2.0058 21.0036008 105.6674659 20190810030252 
1 0.0618 -0.2166 2.0327 21.0036008 105.6674659 20190810030252 
1 -0.5857 -0.0697 2.2463 21.0036008 105.6674659 20190810030252 
1 0.4615 -0.1806 2.7647 21.0036008 105.6674659 20190810030252 
1 -0.4479 0.1665 2.3993 21.0036008 105.6674659 20190810030252 
1 -0.2341 0.1497 2.1449 21.0036008 105.6674659 20190810030252 
1 -0.0652 -0.3845 3.2375 21.0036008 105.6674659 20190810030252 
1 1.1716 0.2246 2.2999 21.0036008 105.6674659 20190810030252 
1 0.2687 0.3723 0.4620 21.0036008 105.6674659 20190810030252 
1 -1.2266 -0.4131 1.2442 21.0036008 105.6674659 20190810030252 
1 0.8469 0.2620 0.3040 21.0036008 105.6674659 20190810030252 
1 0.2001 0.2402 -0.8579 21.0036008 105.6674659 20190810030252 
1 0.4241 0.0898 1.1114 21.0036008 105.6674659 20190810030252 
1 0.1387 0.3045 0.3515 21.0036008 105.6674659 20190810030252 
1 -0.1397 -0.0488 -1.6209 21.0036008 105.6674659 20190810030252 
1 0.2156 0.2262 -1.6450 21.0036008 105.6674659 20190810030252 
1 0.0034 0.0094 -0.5524 21.0036008 105.6674659 20190810030252 
1 0.2297 0.1254 -1.3393 21.0036008 105.6674659 20190810030252 
1 -0.0076 0.0322 -1.6241 21.0036008 105.6674659 20190810030252 
1 -0.0678 -0.0599 -1.0313 21.0036008 105.6674659 20190810030252 
1 0.4589 -0.1561 -0.8767 21.0036008 105.6674659 20190810030252 
1 0.0951 0.2693 -1.4399 21.0036008 105.6674659 20190810030252 
1 -0.0977 -0.1939 -0.9882 21.0036008 105.6674659 20190810030252 
1 0.3918 -0.1743 -0.6118 21.0036008 105.6674659 20190810030252 
1 -0.1034 -0.0978 -0.0615 21.0036008 105.6674659 20190810030252 
1 0.3657 -0.0065 0.1958 21.0036008 105.6674659 20190810030252 
1 -0.0717 0.0670 -0.1015 21.0036008 105.6674659 20190810030252 
1 0.3592 -0.1168 0.1694 21.0036008 105.6674659 20190810030252 
1 0.3106 0.0249 -0.1353 21.0036008 105.6674659 20190810030252 
1 -0.2430 0.0525 0.0536 21.0036008 105.6674659 20190810030252 
1 0.7428 -0.0286 0.6972 21.0036008 105.6674659 20190810030252 
1 -0.1236 -0.0083 0.3313 21.0036008 105.6674659 20190810030252 
1 0.1959 0.0129 -0.1139 21.0036008 105.6674659 20190810030252 
1 0.4323 0.0580 -0.4748 21.0036008 105.6674659 20190810030252 
1 0.2276 -0.1983 -0.1194 21.0036008 105.6674659 20190810030252 
1 0.1742 -0.2015 -0.2888 21.0036008 105.6674659 20190810030252 
1 0.2331 -0.0449 -0.1666 21.0036008 105.6674659 20190810030252 
1 0.1837 -0.0802 0.5342 21.0036008 105.6674659 20190810030252 
1 0.1136 -0.2202 0.4059 21.0036008 105.6674659 20190810030252 
1 0.6270 0.0307 -0.1229 21.0036008 105.6674659 20190810030252 
1 0.0865 -0.1950 0.6789 21.0036008 105.6674659 20190810030252 
1 -0.0074 -0.1973 0.9090 21.0036008 105.6674659 20190810030252 
1 0.3687 -0.1850 0.7669 21.0035811 105.6672284 20190810030252 
1 0.3088 -0.1215 0.8124 21.0035811 105.6672284 20190810030252 
1 -0.3415 -0.2498 0.9739 21.0035811 105.6672284 20190810030252 
1 0.5732 0.1573 -0.2014 21.0035811 105.6672284 20190810030252 
1 -0.3930 -0.5973 1.2686 21.0035811 105.6672284 20190810030252 
1 0.5355 0.1052 0.7294 21.0035811 105.6672284 20190810030252 
1 -0.3171 -0.0136 -0.1838 21.0035811 105.6672284 20190810030252 
1 0.1576 -0.3350 1.2390 21.0035811 105.6672284 20190810030253 
1 -0.1247 -0.2877 -0.4249 21.0035811 105.6672284 20190810030253 
1 -0.0316 -0.1055 -1.0640 21.0035811 105.6672284 20190810030253 
1 0.5974 -0.1312 0.2635 21.0035811 105.6672284 20190810030253 
1 -0.2352 -0.1265 -0.0809 21.0035811 105.6672284 20190810030253 
1 -0.0793 -0.2433 -0.6823 21.0035811 105.6672284 20190810030253 
1 0.4613 -0.0236 -0.5379 21.0035811 105.6672284 20190810030253 
1 0.1906 -0.2974 -0.5549 21.0035811 105.6672284 20190810030253 
1 0.0975 -0.2411 -0.5263 21.0035811 105.6672284 20190810030253 
1 0.3138 -0.1721 -0.3772 21.0035811 105.6672284 20190810030253 
1 0.4074 -0.0754 -0.9917 21.0035811 105.6672284 20190810030253 
1 -0.0676 -0.3928 -0.7840 21.0035811 105.6672284 20190810030253 
1 0.3897 -0.2330 -0.1462 21.0035811 105.6672284 20190810030253 
1 0.5016 -0.2508 -0.3085 21.0035811 105.6672284 20190810030253 
1 0.0021 -0.3649 -0.5720 21.0035811 105.6672284 20190810030253 
1 0.5869 -0.2708 -0.5845 21.0035811 105.6672284 20190810030253 
1 -0.3236 -0.4686 -0.6463 21.0035811 105.6672284 20190810030253 
1 0.6306 -0.1168 -0.3736 21.0035811 105.6672284 20190810030253 
1 0.0538 -0.0833 -1.1059 21.0035811 105.6672284 20190810030253 
1 -0.1556 -0.5484 0.0832 21.0035811 105.6672284 20190810030253 
1 0.2117 0.2455 -1.4677 21.0035811 105.6672284 20190810030253 
1 -0.2665 -1.1793 1.2465 21.0035811 105.6672284 20190810030253 
1 0.3936 0.0649 0.2185 21.0035811 105.6672284 20190810030253 
1 0.4207 0.3519 -1.8301 21.0035811 105.6672284 20190810030253 
1 -0.6898 -0.7452 -0.2918 21.0035811 105.6672284 20190810030253 
1 0.2107 -0.3535 0.2160 21.0035811 105.6672284 20190810030253 
1 -0.0384 0.3517 -1.2099 21.0035811 105.6672284 20190810030253 
1 0.1233 -0.8384 2.0982 21.0035811 105.6672284 20190810030253 
1 -0.1090 0.3944 0.3279 21.0035811 105.6672284 20190810030253 
1 -0.2408 -0.6496 -1.7320 21.0035811 105.6672284 20190810030253 
1 0.3866 -0.5176 0.1993 21.0035811 105.6672284 20190810030253 
1 -0.5319 0.0013 -0.0627 21.0035811 105.6672284 20190810030253 
1 -0.2809 -0.7099 0.3274 21.0035811 105.6672284 20190810030253 
1 0.1319 -0.0567 0.6225 21.0035811 105.6672284 20190810030253 
1 -0.2227 -0.3868 0.0705 21.0035811 105.6672284 20190810030253 
1 0.0141 -0.5220 0.8000 21.0035811 105.6672284 20190810030253 
1 -0.1502 -0.2084 0.1925 21.0035811 105.6672284 20190810030253 
1 -0.3391 -0.3378 0.0001 21.0035811 105.6672284 20190810030253 
1 0.5120 -0.3853 0.6135 21.0035811 105.6672284 20190810030253 
1 -0.0707 -0.3660 0.2119 21.0035811 105.6672284 20190810030253 
1 -0.3471 -0.3861 -0.0087 21.0035811 105.6672284 20190810030253 
1 0.3104 -0.2187 0.0126 21.0035811 105.6672284 20190810030253 
1 -0.0229 -0.3943 0.0606 21.0035811 105.6672284 20190810030253 
1 -0.1515 -0.3701 0.4179 21.0035632 105.6669933 20190810030253 
1 0.5701 -0.3507 0.2963 21.0035632 105.6669933 20190810030253 
1 -0.2172 -0.4504 -0.1780 21.0035632 105.6669933 20190810030253 
1 0.1471 -0.3221 -0.4103 21.0035632 105.6669933 20190810030253 
1 -0.0200 -0.4912 -0.5746 21.0035632 105.6669933 20190810030253 
1 0.0544 -0.4049 -0.1783 21.0035632 105.6669933 20190810030253 
1 0.1901 -0.3089 0.0731 21.0035632 105.6669933 20190810030253 
1 0.4032 -0.4481 0.3349 21.0035632 105.6669933 20190810030254 
1 -0.1716 -0.5036 0.1121 21.0035632 105.6669933 20190810030254 
1 0.3471 -0.4132 -0.2146 21.0035632 105.6669933 20190810030254 
1 0.3486 -0.3809 0.2414 21.0035632 105.6669933 20190810030254 
1 0.0361 -0.3905 0.2561 21.0035632 105.6669933 20190810030254 
1 0.4615 -0.3609 0.0959 21.0035632 105.6669933 20190810030254 
1 0.1507 -0.3735 0.4417 21.0035632 105.6669933 20190810030254 
1 0.1803 -0.3323 0.8994 21.0035632 105.6669933 20190810030254 
1 0.4389 -0.1830 0.3011 21.0035632 105.6669933 20190810030254 
1 0.2803 -0.3013 -0.1597 21.0035632 105.6669933 20190810030254 
1 0.0029 -0.4672 -0.3607 21.0035632 105.6669933 20190810030254 
1 0.2633 -0.3835 -0.3140 21.0035632 105.6669933 20190810030254 
1 0.0948 -0.3608 -0.1372 21.0035632 105.6669933 20190810030254 
1 0.1893 -0.2985 -0.1329 21.0035632 105.6669933 20190810030254 
1 0.1116 -0.4895 -0.2184 21.0035632 105.6669933 20190810030254 
1 0.3173 -0.4277 0.0186 21.0035632 105.6669933 20190810030254 
1 -0.1506 -0.4808 -0.0432 21.0035632 105.6669933 20190810030254 
1 0.6499 -0.2974 -0.1072 21.0035632 105.6669933 20190810030254 
1 -0.5915 -0.4206 -0.2756 21.0035632 105.6669933 20190810030254 
1 0.4533 -0.4580 0.3730 21.0035632 105.6669933 20190810030254 
1 0.1563 -0.4393 -0.0955 21.0035632 105.6669933 20190810030254 
1 0.2718 -0.0757 -0.0454 21.0035632 105.6669933 20190810030254 
1 -0.1293 -0.4813 0.6530 21.0035632 105.6669933 20190810030254 
1 0.5788 -0.4737 0.3191 21.0035632 105.6669933 20190810030254 
1 -0.0863 -0.3230 -0.5038 21.0035632 105.6669933 20190810030254 
1 0.1749 -0.3922 -0.4639 21.0035632 105.6669933 20190810030254 
1 0.2495 -0.7786 0.3506 21.0035632 105.6669933 20190810030254 
1 0.2114 -0.3000 0.5763 21.0035632 105.6669933 20190810030254 
1 0.3815 -0.3503 0.1394 21.0035632 105.6669933 20190810030254 
1 0.4253 -0.5413 0.3197 21.0035632 105.6669933 20190810030254 
1 -0.3696 -0.4516 -0.0621 21.0035632 105.6669933 20190810030254 
1 0.8950 -0.2994 0.1805 21.0035632 105.6669933 20190810030254 
1 -0.0384 -0.4300 0.4929 21.0035632 105.6669933 20190810030254 
1 0.0799 -0.3195 0.4858 21.0035632 105.6669933 20190810030254 
1 0.2408 -0.4817 0.3168 21.0035632 105.6669933 20190810030254 
1 0.1344 -0.4215 0.2358 21.0035632 105.6669933 20190810030254 
1 0.1957 -0.3149 -0.1760 21.0035632 105.6669933 20190810030254 
1 0.2944 -0.3871 0.3040 21.0035632 105.6669933 20190810030254 
1 -0.1797 -0.3520 0.4422 21.0035632 105.6669933 20190810030254 
1 0.2049 -0.2976 0.0798 21.0035632 105.6669933 20190810030254 
1 0.2181 -0.2624 -0.0495 21.0035632 105.6669933 20190810030254 
1 -0.0050 -0.1599 -0.2326 21.0035632 105.6669933 20190810030254 
1 -0.3250 -0.5179 -0.0555 21.0035485 105.6667599 20190810030254 
1 0.0746 -0.0500 -0.4996 21.0035485 105.6667599 20190810030254 
1 -0.1249 -0.1456 -1.0545 21.0035485 105.6667599 20190810030254 
1 -0.2754 -0.4719 -0.6473 21.0035485 105.6667599 20190810030254 
1 0.1448 -0.4748 -0.5477 21.0035485 105.6667599 20190810030254 
1 -0.2579 -0.2741 -1.3193 21.0035485 105.6667599 20190810030254 
1 -0.0710 -0.3635 -0.6248 21.0035485 105.6667599 20190810030254 
1 -0.0312 -0.5335 -0.6029 21.0035485 105.6667599 20190810030254 
1 -0.1301 -0.5118 -0.5903 21.0035485 105.6667599 20190810030254 
1 0.1132 -0.2635 -0.2354 21.0035485 105.6667599 20190810030255 
1 0.4305 -0.3241 0.2326 21.0035485 105.6667599 20190810030255 
1 0.0346 -0.4605 0.9816 21.0035485 105.6667599 20190810030255 
1 0.1360 -0.2947 0.9679 21.0035485 105.6667599 20190810030255 
1 0.6609 -0.1169 0.3257 21.0035485 105.6667599 20190810030255 
1 0.2933 -0.3342 0.6006 21.0035485 105.6667599 20190810030255 
1 -0.2636 -0.3937 0.6565 21.0035485 105.6667599 20190810030255 
1 0.5231 -0.2275 0.4014 21.0035485 105.6667599 20190810030255 
1 0.2827 -0.2465 0.3240 21.0035485 105.6667599 20190810030255 
1 -0.5406 -0.3160 0.2467 21.0035485 105.6667599 20190810030255 
1 0.7020 -0.4102 0.1625 21.0035485 105.6667599 20190810030255 
1 -0.3044 -0.3732 -0.2471 21.0035485 105.6667599 20190810030255 
1 -0.0808 -0.2111 -0.1623 21.0035485 105.6667599 20190810030255 
1 0.0757 -0.4756 0.3378 21.0035485 105.6667599 20190810030255 
1 -0.1650 -0.3983 0.4147 21.0035485 105.6667599 20190810030255 
1 0.0531 -0.2775 -0.2925 21.0035485 105.6667599 20190810030255 
1 -0.1770 -0.4054 -0.0809 21.0035485 105.6667599 20190810030255 
1 -0.0283 -0.2855 0.3460 21.0035485 105.6667599 20190810030255 
1 -0.0998 -0.2677 -0.1735 21.0035485 105.6667599 20190810030255 
1 0.2911 -0.2703 -0.0352 21.0035485 105.6667599 20190810030255 
1 -0.2773 -0.3186 -0.2413 21.0035485 105.6667599 20190810030255 
1 0.1479 -0.2802 0.0112 21.0035485 105.6667599 20190810030255 
1 0.1216 -0.1589 -0.0638 21.0035485 105.6667599 20190810030255 
1 -0.2795 -0.4409 -0.4211 21.0035485 105.6667599 20190810030255 
1 0.1307 -0.3050 -0.4322 21.0035485 105.6667599 20190810030255 
1 0.3961 -0.2820 -0.1418 21.0035485 105.6667599 20190810030255 
1 0.0419 -0.2713 -0.0842 21.0035485 105.6667599 20190810030255 
1 0.1217 -0.2992 -0.0242 21.0035485 105.6667599 20190810030255 
1 0.0790 -0.1607 -0.0136 21.0035485 105.6667599 20190810030255 
1 -0.0841 -0.2722 -0.0431 21.0035485 105.6667599 20190810030255 
1 0.2696 -0.2527 0.0371 21.0035485 105.6667599 20190810030255 
1 0.1221 -0.1366 -0.1968 21.0035485 105.6667599 20190810030255 
1 -0.3236 -0.1520 -0.5137 21.0035485 105.6667599 20190810030255 
1 0.1578 -0.1907 -0.0991 21.0035485 105.6667599 20190810030255 
1 -0.4411 -0.3358 -0.4464 21.0035485 105.6667599 20190810030255 
1 0.1791 -0.2345 -0.4628 21.0035485 105.6667599 20190810030255 
1 -0.2911 -0.0946 -0.7933 21.0035485 105.6667599 20190810030255 
1 0.0961 -0.3778 -0.4650 21.0035485 105.6667599 20190810030255 
1 -0.5310 -0.5575 -0.2844 21.0035485 105.6667599 20190810030255 
1 0.2172 0.0095 -0.8952 21.0035485 105.6667599 20190810030255 
1 -0.3821 -0.5236 0.4369 21.0035307 105.6665243 20190810030255 
1 -0.5795 -0.4260 0.7250 21.0035307 105.6665243 20190810030255 
1 0.5220 -0.1780 -0.0226 21.0035307 105.6665243 20190810030255 
1 -0.2127 -0.4320 0.3540 21.0035307 105.6665243 20190810030255 
1 -0.7534 -0.5407 0.6342 21.0035307 105.6665243 20190810030255 
1 0.3680 -0.2105 0.9824 21.0035307 105.6665243 20190810030255 
1 -0.1400 -0.3561 1.1809 21.0035307 105.6665243 20190810030255 
1 -0.2290 -0.2715 1.1970 21.0035307 105.6665243 20190810030255 
1 -0.2336 -0.3740 1.2120 21.0035307 105.6665243 20190810030255 
1 0.1451 -0.2111 0.8534 21.0035307 105.6665243 20190810030255 
1 -0.0959 -0.2898 0.8616 21.0035307 105.6665243 20190810030256 
1 -0.1103 -0.2767 0.5121 21.0035307 105.6665243 20190810030256 
1 -0.2694 -0.3204 0.4238 21.0035307 105.6665243 20190810030256 
1 0.0130 -0.1671 0.4292 21.0035307 105.6665243 20190810030256 
1 -0.1261 -0.1866 -0.2685 21.0035307 105.6665243 20190810030256 
1 -0.4773 -0.5214 0.0768 21.0035307 105.6665243 20190810030256 
1 -0.4361 -0.3186 0.0790 21.0035307 105.6665243 20190810030256 
1 -0.1251 -0.2016 -0.6298 21.0035307 105.6665243 20190810030256 
1 -0.5011 -0.5939 -0.4491 21.0035307 105.6665243 20190810030256 
1 -0.3128 -0.1823 -0.5766 21.0035307 105.6665243 20190810030256 
1 -0.3298 -0.3231 -0.5866 21.0035307 105.6665243 20190810030256 
1 -0.4820 -0.2963 -0.6475 21.0035307 105.6665243 20190810030256 
1 -0.3306 -0.3318 -0.3195 21.0035307 105.6665243 20190810030256 
1 0.0977 -0.5085 -0.1772 21.0035307 105.6665243 20190810030256 
1 -0.4236 -0.5722 -0.2063 21.0035307 105.6665243 20190810030256 
1 -0.0956 -0.3482 -0.1198 21.0035307 105.6665243 20190810030256 
1 -0.2082 -0.6049 0.3630 21.0035307 105.6665243 20190810030256 
1 -0.0045 -0.3894 0.7269 21.0035307 105.6665243 20190810030256 
1 -0.0524 -0.1829 0.2534 21.0035307 105.6665243 20190810030256 
1 0.1008 -0.4108 0.9246 21.0035307 105.6665243 20190810030256 
1 -0.0199 -0.1623 1.2917 21.0035307 105.6665243 20190810030256 
1 -0.1465 -0.1102 0.7820 21.0035307 105.6665243 20190810030256 
1 0.3203 -0.2449 0.0751 21.0035307 105.6665243 20190810030256 
1 0.0123 -0.2723 -0.3889 21.0035307 105.6665243 20190810030256 
1 0.0861 -0.1638 -0.0687 21.0035307 105.6665243 20190810030256 
1 0.2257 -0.2964 -0.2226 21.0035307 105.6665243 20190810030256 
1 -0.1442 -0.0522 -1.2006 21.0035307 105.6665243 20190810030256 
1 -0.2132 -0.5494 -0.8923 21.0035307 105.6665243 20190810030256 
1 0.2774 -0.3625 -0.8141 21.0035307 105.6665243 20190810030256 
1 -0.1385 -0.1823 -1.4687 21.0035307 105.6665243 20190810030256 
1 0.0635 -0.4776 -0.5026 21.0035307 105.6665243 20190810030256 
1 0.1261 -0.5056 0.0621 21.0035307 105.6665243 20190810030256 
1 -0.0751 -0.2570 -0.4191 21.0035307 105.6665243 20190810030256 
1 0.1380 -0.3013 -0.2678 21.0035307 105.6665243 20190810030256 
1 0.0437 -0.2920 -0.4443 21.0035307 105.6665243 20190810030256 
1 0.0396 -0.4844 0.3239 21.0035307 105.6665243 20190810030256 
1 0.2314 -0.0692 0.3053 21.0035307 105.6665243 20190810030256 
1 0.3123 -0.2261 0.3636 21.0035307 105.6665243 20190810030256 
1 0.1715 -0.2599 0.4572 21.0035307 105.6665243 20190810030256 
1 0.1532 -0.0306 -0.9029 21.0035307 105.6665243 20190810030256 
1 0.0580 -0.4191 -0.9653 21.0035307 105.6665243 20190810030256 
1 0.4124 -0.2821 -0.0110 21.003507 105.6662918 20190810030256 
1 -0.1877 -0.1185 -0.3361 21.003507 105.6662918 20190810030256 
1 0.3587 -0.3891 -0.2199 21.003507 105.6662918 20190810030256 
1 0.0406 -0.4089 -0.5680 21.003507 105.6662918 20190810030256 
1 -0.0541 -0.3626 -0.4425 21.003507 105.6662918 20190810030256 
1 0.2959 -0.2742 0.0067 21.003507 105.6662918 20190810030256 
1 0.0604 -0.3243 -0.2975 21.003507 105.6662918 20190810030256 
1 -0.4792 -0.6319 0.3442 21.003507 105.6662918 20190810030257 
1 0.6667 -0.1691 0.5942 21.003507 105.6662918 20190810030257 
1 0.0268 -0.3030 0.4267 21.003507 105.6662918 20190810030257 
1 -0.0427 -0.2348 0.7896 21.003507 105.6662918 20190810030257 
1 0.3323 -0.4260 0.4853 21.003507 105.6662918 20190810030257 
1 0.4151 -0.2401 0.7215 21.003507 105.6662918 20190810030257 
1 0.1891 -0.1387 0.6768 21.003507 105.6662918 20190810030257 
1 0.2924 -0.2986 -0.0208 21.003507 105.6662918 20190810030257 
1 0.2342 -0.2644 0.2421 21.003507 105.6662918 20190810030257 
1 0.2993 -0.1513 0.2792 21.003507 105.6662918 20190810030257 
1 0.3211 -0.3376 0.1062 21.003507 105.6662918 20190810030257 
1 -0.0179 -0.3109 0.1320 21.003507 105.6662918 20190810030257 
1 0.1910 -0.2766 0.2969 21.003507 105.6662918 20190810030257 
1 0.3663 -0.1982 -0.1401 21.003507 105.6662918 20190810030257 
1 0.1313 -0.3793 -0.0268 21.003507 105.6662918 20190810030257 
1 0.0158 -0.3241 -0.1279 21.003507 105.6662918 20190810030257 
1 0.1866 -0.3511 0.0010 21.003507 105.6662918 20190810030257 
1 0.1562 -0.0551 0.1488 21.003507 105.6662918 20190810030257 
1 0.2132 -0.0962 0.1399 21.003507 105.6662918 20190810030257 
1 0.2945 -0.2910 -0.3083 21.003507 105.6662918 20190810030257 
1 0.3015 -0.3314 -0.2709 21.003507 105.6662918 20190810030257 
1 -0.0146 -0.1647 -0.3798 21.003507 105.6662918 20190810030257 
1 0.3436 -0.0431 -0.3870 21.003507 105.6662918 20190810030257 
1 0.1466 -0.5241 -0.3200 21.003507 105.6662918 20190810030257 
1 0.0582 -0.4337 -0.4863 21.003507 105.6662918 20190810030257 
1 0.1946 -0.1435 -0.6706 21.003507 105.6662918 20190810030257 
1 0.3271 -0.1324 0.0233 21.003507 105.6662918 20190810030257 
1 -0.0980 -0.4921 0.6939 21.003507 105.6662918 20190810030257 
1 0.0693 -0.2982 -0.0108 21.003507 105.6662918 20190810030257 
1 -0.0601 -0.2559 -0.0861 21.003507 105.6662918 20190810030257 
1 0.1243 -0.2015 0.5734 21.003507 105.6662918 20190810030257 
1 -0.2139 -0.3786 0.4019 21.003507 105.6662918 20190810030257 
1 0.4570 -0.3170 -0.0162 21.003507 105.6662918 20190810030257 
1 -0.1611 -0.1702 0.0810 21.003507 105.6662918 20190810030257 
1 -0.0394 -0.3012 0.7010 21.003507 105.6662918 20190810030257 
1 0.2941 -0.2916 0.1319 21.003507 105.6662918 20190810030257 
1 -0.3139 -0.2606 -0.1278 21.003507 105.6662918 20190810030257 
1 0.0511 -0.3175 0.2445 21.003507 105.6662918 20190810030257 
1 -0.0215 -0.2631 0.0519 21.003507 105.6662918 20190810030257 
1 0.2345 -0.1207 -0.0460 21.003507 105.6662918 20190810030257 
1 -0.0340 -0.2634 -0.0623 21.003507 105.6662918 20190810030257 
1 0.0381 -0.3477 0.0243 21.0034904 105.6660674 20190810030257 
1 0.0521 -0.2552 -0.1538 21.0034904 105.6660674 20190810030257 
1 0.0442 -0.3353 0.0362 21.0034904 105.6660674 20190810030257 
1 0.2212 -0.3249 0.0335 21.0034904 105.6660674 20190810030257 
1 0.0146 -0.5230 0.2862 21.0034904 105.6660674 20190810030257 
1 0.0508 -0.2618 0.3082 21.0034904 105.6660674 20190810030257 
1 0.1660 -0.3166 0.4101 21.0034904 105.6660674 20190810030257 
1 -0.1511 -0.4357 0.8270 21.0034904 105.6660674 20190810030257 
1 0.1162 -0.4465 0.8017 21.0034904 105.6660674 20190810030257 
1 -0.1469 -0.5291 1.5693 21.0034904 105.6660674 20190810030258 
1 0.1360 -0.0845 1.4149 21.0034904 105.6660674 20190810030258 
1 0.2964 -0.2312 0.4067 21.0034904 105.6660674 20190810030258 
1 0.0793 -0.5625 0.6506 21.0034904 105.6660674 20190810030258 
1 -0.2895 -0.3599 0.6988 21.0034904 105.6660674 20190810030258 
1 0.0916 0.0512 0.2731 21.0034904 105.6660674 20190810030258 
1 0.2966 -0.1804 1.4150 21.0034904 105.6660674 20190810030258 
1 -0.2531 -0.3277 0.5848 21.0034904 105.6660674 20190810030258 
1 0.1474 -0.2505 -0.9541 21.0034904 105.6660674 20190810030258 
1 0.5208 -0.1498 -0.7231 21.0034904 105.6660674 20190810030258 
1 -0.0428 -0.1871 -0.3157 21.0034904 105.6660674 20190810030258 
1 -0.0168 -0.1373 -1.0753 21.0034904 105.6660674 20190810030258 
1 0.0207 -0.4683 -1.1405 21.0034904 105.6660674 20190810030258 
1 0.1041 -0.2372 -0.8801 21.0034904 105.6660674 20190810030258 
1 -0.1403 0.0033 -0.9918 21.0034904 105.6660674 20190810030258 
1 0.1428 -0.2065 -1.0078 21.0034904 105.6660674 20190810030258 
1 -0.0857 -0.3775 -1.2473 21.0034904 105.6660674 20190810030258 
1 -0.0882 -0.1452 -1.4313 21.0034904 105.6660674 20190810030258 
1 0.0014 -0.1602 -1.0804 21.0034904 105.6660674 20190810030258 
1 -0.2218 -0.2648 -0.7043 21.0034904 105.6660674 20190810030258 
1 -0.0423 -0.1984 -1.1629 21.0034904 105.6660674 20190810030258 
1 -0.1592 -0.2298 -0.9950 21.0034904 105.6660674 20190810030258 
1 -0.2389 -0.2642 -0.4830 21.0034904 105.6660674 20190810030258 
1 -0.2907 -0.2907 -0.6666 21.0034904 105.6660674 20190810030258 
1 0.0487 -0.2238 -0.5948 21.0034904 105.6660674 20190810030258 
1 -0.4040 -0.3492 -0.4997 21.0034904 105.6660674 20190810030258 
1 -0.2415 -0.3077 -0.3099 21.0034904 105.6660674 20190810030258 
1 0.0190 -0.2711 0.0666 21.0034904 105.6660674 20190810030258 
1 -0.3277 -0.1920 0.3125 21.0034904 105.6660674 20190810030258 
1 -0.6947 -0.3759 0.4358 21.0034904 105.6660674 20190810030258 
1 0.1461 -0.2890 0.6662 21.0034904 105.6660674 20190810030258 
1 -0.0473 -0.1188 0.2823 21.0034904 105.6660674 20190810030258 
1 -0.3680 -0.3681 0.4610 21.0034904 105.6660674 20190810030258 
1 -0.0203 -0.3788 0.4944 21.0034904 105.6660674 20190810030258 
1 -0.0107 -0.2178 0.4572 21.0034904 105.6660674 20190810030258 
1 -0.3833 -0.2735 0.8132 21.0034904 105.6660674 20190810030258 
1 -0.0153 -0.4167 0.8405 21.0034904 105.6660674 20190810030258 
1 -0.0769 -0.3130 0.9362 21.0034904 105.6660674 20190810030258 
1 -0.5808 -0.3443 0.6733 21.0034904 105.6660674 20190810030258 
1 -0.0631 -0.1870 0.1646 21.0034708 105.665844 20190810030258 
1 -0.0093 -0.4128 0.7441 21.0034708 105.665844 20190810030258 
1 -0.1820 -0.2578 0.5062 21.0034708 105.665844 20190810030258 
1 -0.4491 -0.3326 0.2844 21.0034708 105.665844 20190810030258 
1 -0.1382 -0.1007 0.4514 21.0034708 105.665844 20190810030258 
1 -0.1315 -0.1805 0.1333 21.0034708 105.665844 20190810030258 
1 -0.3784 -0.1518 -0.2764 21.0034708 105.665844 20190810030258 
1 -0.1591 -0.1563 -0.5014 21.0034708 105.665844 20190810030258 
1 -0.0757 -0.1005 -0.4690 21.0034708 105.665844 20190810030258 
1 -0.1175 -0.0002 -0.2970 21.0034708 105.665844 20190810030258 
1 -0.0619 -0.0651 -0.7289 21.0034708 105.665844 20190810030258 
1 -0.0832 -0.3124 -0.5582 21.0034708 105.665844 20190810030259 
1 -0.2211 -0.1576 -0.3383 21.0034708 105.665844 20190810030259 
1 -0.0963 0.0171 -0.6380 21.0034708 105.665844 20190810030259 
1 0.0667 -0.2190 -0.4972 21.0034708 105.665844 20190810030259 
1 -0.1212 -0.1450 -0.3416 21.0034708 105.665844 20190810030259 
1 -0.2083 -0.1001 -0.3853 21.0034708 105.665844 20190810030259 
1 0.1873 -0.1708 0.0984 21.0034708 105.665844 20190810030259 
1 -0.1342 -0.1443 0.0465 21.0034708 105.665844 20190810030259 
1 0.1062 -0.0595 -0.2616 21.0034708 105.665844 20190810030259 
1 0.0484 -0.2009 -0.3974 21.0034708 105.665844 20190810030259 
1 -0.2802 -0.2115 -0.1955 21.0034708 105.665844 20190810030259 
1 0.1290 -0.1247 -0.0064 21.0034708 105.665844 20190810030259 
1 0.1468 -0.1256 -0.0323 21.0034708 105.665844 20190810030259 
1 -0.0964 -0.1809 0.1994 21.0034708 105.665844 20190810030259 
1 0.1309 -0.1366 0.3686 21.0034708 105.665844 20190810030259 
1 0.4381 -0.1199 0.4862 21.0034708 105.665844 20190810030259 
1 0.3405 -0.1320 0.5828 21.0034708 105.665844 20190810030259 
1 0.0593 -0.2054 0.6997 21.0034708 105.665844 20190810030259 
1 0.1928 -0.2206 0.6062 21.0034708 105.665844 20190810030259 
1 0.3393 0.0115 0.3605 21.0034708 105.665844 20190810030259 
1 -0.0112 0.0261 0.3957 21.0034708 105.665844 20190810030259 
1 0.2167 -0.1086 0.2221 21.0034708 105.665844 20190810030259 
1 -0.0333 -0.1077 0.3491 21.0034708 105.665844 20190810030259 
1 0.3861 0.2797 -0.1295 21.0034708 105.665844 20190810030259 
1 0.0101 0.3894 -0.8106 21.0034708 105.665844 20190810030259 
1 0.1970 0.1009 -1.0491 21.0034708 105.665844 20190810030259 
1 -0.6304 -0.1306 -0.6236 21.0034708 105.665844 20190810030259 
1 0.4410 0.5427 -1.8104 21.0034708 105.665844 20190810030259 
1 -0.0461 -0.1250 -1.1000 21.0034708 105.665844 20190810030259 
1 0.0956 -0.1999 -0.5669 21.0034708 105.665844 20190810030259 
1 -0.0753 -0.1674 -2.0614 21.0034708 105.665844 20190810030259 
1 0.1919 -0.1471 -2.4629 21.0034708 105.665844 20190810030259 
1 0.1083 -0.2763 -0.1437 21.0034708 105.665844 20190810030259 
1 -0.4029 -0.2763 -0.0749 21.0034708 105.665844 20190810030259 
1 0.2668 -0.1629 -0.0987 21.0034708 105.665844 20190810030259 
1 -0.0229 0.0305 0.2879 21.0034708 105.665844 20190810030259 
1 -0.4916 -0.4650 1.1488 21.0034708 105.665844 20190810030259 
1 -0.1011 -0.1513 1.2258 21.0034708 105.665844 20190810030259 
1 -0.0889 -0.1965 1.8439 21.0034708 105.665844 20190810030259 
1 -0.4124 -0.7637 3.3181 21.0034708 105.665844 20190810030259 
1 -0.2684 -0.9044 4.2945 21.003449 105.6656231 20190810030259 
1 -0.2436 -0.6517 3.3642 21.003449 105.6656231 20190810030259 
1 -0.2856 -0.8956 3.8998 21.003449 105.6656231 20190810030259 
1 0.5057 -0.8308 4.9862 21.003449 105.6656231 20190810030259 
1 -0.7437 -0.5804 4.8553 21.003449 105.6656231 20190810030259 
1 0.2672 -0.2912 5.7798 21.003449 105.6656231 20190810030259 
1 -0.3249 -0.2391 6.0344 21.003449 105.6656231 20190810030300 
1 0.8602 0.7039 4.7658 21.003449 105.6656231 20190810030300 
1 0.0912 -0.0197 4.4658 21.003449 105.6656231 20190810030300 
1 1.3080 0.5810 2.4862 21.003449 105.6656231 20190810030300 
1 0.0710 1.2097 -1.3335 21.003449 105.6656231 20190810030300 
1 0.2228 -0.8723 0.9314 21.003449 105.6656231 20190810030300 
1 0.2060 0.8694 -0.9463 21.003449 105.6656231 20190810030300 
1 -0.2832 0.7845 -4.7431 21.003449 105.6656231 20190810030300 
1 0.8651 -0.4712 -3.2668 21.003449 105.6656231 20190810030300 
1 -0.2363 0.3733 -4.9775 21.003449 105.6656231 20190810030300 
1 0.3766 0.2602 -7.4241 21.003449 105.6656231 20190810030300 
1 0.0219 -0.2733 -4.7090 21.003449 105.6656231 20190810030300 
1 0.2629 0.2243 -5.2723 21.003449 105.6656231 20190810030300 
1 -0.3330 0.0285 -6.3096 21.003449 105.6656231 20190810030300 
1 0.2464 -0.1063 -4.8817 21.003449 105.6656231 20190810030300 
1 0.2625 0.0381 -4.5487 21.003449 105.6656231 20190810030300 
1 -0.0244 -0.0678 -4.5125 21.003449 105.6656231 20190810030300 
1 -0.0372 -0.0746 -3.0065 21.003449 105.6656231 20190810030300 
1 0.1078 -0.1205 -2.5341 21.003449 105.6656231 20190810030300 
1 -0.0763 -0.0666 -1.8267 21.003449 105.6656231 20190810030300 
1 -0.3037 -0.1956 -0.7676 21.003449 105.6656231 20190810030300 
1 0.0599 -0.1050 -0.4545 21.003449 105.6656231 20190810030300 
1 -0.0720 -0.0204 -0.2230 21.003449 105.6656231 20190810030300 
1 -0.1900 -0.0536 0.2440 21.003449 105.6656231 20190810030300 
1 -0.2695 -0.1246 0.7223 21.003449 105.6656231 20190810030300 
1 -0.0741 -0.0634 1.3931 21.003449 105.6656231 20190810030300 
1 -0.3059 0.0635 1.8050 21.003449 105.6656231 20190810030300 
1 -0.4199 -0.0640 2.0878 21.003449 105.6656231 20190810030300 
1 -0.2064 -0.1142 2.4011 21.003449 105.6656231 20190810030300 
1 -0.6150 -0.0777 2.5201 21.003449 105.6656231 20190810030300 
1 -0.2718 -0.0061 2.3794 21.003449 105.6656231 20190810030300 
1 -0.4556 -0.1698 2.5386 21.003449 105.6656231 20190810030300 
1 -0.2360 0.1099 2.2860 21.003449 105.6656231 20190810030300 
1 -0.2681 -0.0104 1.3281 21.003449 105.6656231 20190810030300 
1 -0.2980 0.0069 0.9451 21.003449 105.6656231 20190810030300 
1 0.1099 0.1813 0.6494 21.003449 105.6656231 20190810030300 
1 0.0592 0.2970 -0.0565 21.003449 105.6656231 20190810030300 
1 -0.0425 0.1420 -0.2480 21.003449 105.6656231 20190810030300 
1 0.0611 0.1281 -0.4291 21.003449 105.6656231 20190810030300 
1 0.1718 0.3020 -0.7817 21.003449 105.6656231 20190810030300 
1 0.0258 0.1960 -1.0860 21.003449 105.6656231 20190810030300 
1 0.2097 0.1910 -1.1244 21.003449 105.6656231 20190810030300 
1 0.1831 0.1409 -1.0684 21.003449 105.6656231 20190810030300 
1 0.2645 0.1946 -1.3097 21.003449 105.6656231 20190810030300 
1 0.1506 0.2137 -1.1888 21.003449 105.6656231 20190810030300 
1 0.1975 0.1507 -1.2335 21.0034283 105.6653923 20190810030300 
1 -0.0720 0.0567 -1.2630 21.0034283 105.6653923 20190810030300 
1 0.1606 0.2083 -0.9561 21.0034283 105.6653923 20190810030300 
1 0.0112 0.1192 -0.8282 21.0034283 105.6653923 20190810030300 
1 -0.0758 0.0934 -0.6723 21.0034283 105.6653923 20190810030300 
1 0.1093 0.0993 -0.6300 21.0034283 105.6653923 20190810030301 
1 -0.0308 0.1515 -0.3230 21.0034283 105.6653923 20190810030301 
1 -0.1660 0.1503 -0.1685 21.0034283 105.6653923 20190810030301 
1 0.0721 0.1222 0.0745 21.0034283 105.6653923 20190810030301 
1 -0.4969 0.0456 0.3972 21.0034283 105.6653923 20190810030301 
1 0.3411 0.1369 0.5774 21.0034283 105.6653923 20190810030301 
1 -0.5464 0.0546 0.4112 21.0034283 105.6653923 20190810030301 
1 0.3521 0.3110 0.4971 21.0034283 105.6653923 20190810030301 
1 -0.4438 0.0366 0.5531 21.0034283 105.6653923 20190810030301 
1 -0.0833 0.1317 0.6098 21.0034283 105.6653923 20190810030301 
1 -0.0845 0.2167 0.3544 21.0034283 105.6653923 20190810030301 
1 -0.0626 0.2557 0.4929 21.0034283 105.6653923 20190810030301 
1 -0.0876 0.1813 0.2999 21.0034283 105.6653923 20190810030301 
1 0.0826 0.2099 -0.1892 21.0034283 105.6653923 20190810030301 
1 0.0037 0.2169 -0.1837 21.0034283 105.6653923 20190810030301 
1 -0.0720 0.2400 -0.2290 21.0034283 105.6653923 20190810030301 
1 0.1098 0.2365 -0.2437 21.0034283 105.6653923 20190810030301 
1 0.0396 0.1890 -0.2421 21.0034283 105.6653923 20190810030301 
1 0.0542 0.1596 -0.4504 21.0034283 105.6653923 20190810030301 
1 -0.0673 0.1477 -0.3927 21.0034283 105.6653923 20190810030301 
1 0.0361 0.2404 -0.1277 21.0034283 105.6653923 20190810030301 
1 0.0642 0.1635 -0.0642 21.0034283 105.6653923 20190810030301 
1 -0.0147 0.1310 0.0328 21.0034283 105.6653923 20190810030301 
1 -0.0424 0.2738 0.1591 21.0034283 105.6653923 20190810030301 
1 0.0710 0.1631 0.7501 21.0034283 105.6653923 20190810030301 
1 0.0273 0.1266 1.1530 21.0034283 105.6653923 20190810030301 
1 0.0416 0.2939 0.4223 21.0034283 105.6653923 20190810030301 
