1000
1 -0.3963 -0.2533 0.0467 21.0112167 105.7221357 20190810025830 ;
1 0.0011 -0.0201 0.5237 21.0112167 105.7221357 20190810025830 ;
1 0.1146 0.0336 -0.0584 21.0112167 105.7221357 20190810025830 ;
1 -0.0671 -0.1589 -0.1241 21.0112167 105.7221357 20190810025830 ;
1 0.0183 -0.1176 0.1485 21.0112167 105.7221357 20190810025830 ;
1 -0.2778 -0.0349 -0.0717 21.0112167 105.7221357 20190810025830 ;
1 0.1622 0.0318 0.0789 21.0112167 105.7221357 20190810025830 ;
1 -0.2210 -0.1564 0.2642 21.0112167 105.7221357 20190810025830 ;
1 0.3849 0.0141 0.3728 21.0112167 105.7221357 20190810025831 ;
1 -0.2109 0.0547 -0.2890 21.0112167 105.7221357 20190810025831 ;
1 0.1053 -0.0919 -0.2037 21.0112167 105.7221357 20190810025831 ;
1 0.0449 -0.1687 0.3173 21.0112167 105.7221357 20190810025831 ;
1 0.3324 0.1118 -0.3267 21.0112167 105.7221357 20190810025831 ;
1 -0.3769 -0.1819 -0.4092 21.0112167 105.7221357 20190810025831 ;
1 0.2613 -0.0297 0.1553 21.0112167 105.7221357 20190810025831 ;
1 0.1098 0.1371 -0.3774 21.0112167 105.7221357 20190810025831 ;
1 -0.0934 -0.1743 -0.1717 21.0112167 105.7221357 20190810025831 ;
1 0.0772 -0.0876 0.1361 21.0112167 105.7221357 20190810025831 ;
1 -0.1153 0.0206 -0.5139 21.0112167 105.7221357 20190810025831 ;
1 0.0229 -0.1186 -0.0997 21.0112167 105.7221357 20190810025831 ;
1 0.0094 0.0660 -0.0394 21.0112167 105.7221357 20190810025831 ;
1 0.1234 -0.0743 0.0311 21.0112167 105.7221357 20190810025831 ;
1 -0.1272 -0.0810 -0.0182 21.0112167 105.7221357 20190810025831 ;
1 -0.2172 -0.0112 -0.1212 21.0112167 105.7221357 20190810025831 ;
1 0.0980 -0.0273 0.0069 21.0112167 105.7221357 20190810025831 ;
1 0.0344 -0.1358 -0.0263 21.0112167 105.7221357 20190810025831 ;
1 0.1800 0.0108 -0.4265 21.0112167 105.7221357 20190810025831 ;
1 -0.0165 0.0190 -0.0551 21.0112167 105.7221357 20190810025831 ;
1 -0.1290 0.0284 0.2029 21.0112167 105.7221357 20190810025831 ;
1 -0.0826 -0.0717 0.2523 21.0112167 105.7221357 20190810025831 ;
1 0.0716 0.0655 0.0772 21.0112167 105.7221357 20190810025831 ;
1 -0.3106 0.0398 -0.3578 21.0112167 105.7221357 20190810025831 ;
1 0.0955 -0.1030 -0.2797 21.0112167 105.7221357 20190810025831 ;
1 0.1844 0.0299 -0.2435 21.0112167 105.7221357 20190810025831 ;
1 -0.0557 -0.1133 -0.2497 21.0112167 105.7221357 20190810025831 ;
1 -0.2329 -0.1304 0.0101 21.0112167 105.7221357 20190810025831 ;
1 0.0135 0.0112 -0.1870 21.0112167 105.7221357 20190810025831 ;
1 0.0642 -0.0809 -0.3732 21.0112167 105.7221357 20190810025831 ;
1 -0.1745 -0.2659 -0.0700 21.0112167 105.7221357 20190810025831 ;
1 0.1467 0.0069 0.1809 21.0112167 105.7221357 20190810025831 ;
1 0.0300 -0.0249 0.1843 21.0112167 105.7221357 20190810025831 ;
1 -0.0304 -0.1259 0.8064 21.0112167 105.7221357 20190810025831 ;
1 0.2370 -0.0057 0.5942 21.0112167 105.7221357 20190810025831 ;
1 0.1205 -0.0456 0.1235 21.0112298 105.7219137 20190810025831 ;
1 -0.3833 -0.2912 0.7817 21.0112298 105.7219137 20190810025831 ;
1 0.7752 0.2841 0.0645 21.0112298 105.7219137 20190810025831 ;
1 -1.1861 -0.3229 0.0045 21.0112298 105.7219137 20190810025831 ;
1 0.6263 -0.1763 0.9419 21.0112298 105.7219137 20190810025831 ;
1 -0.7028 -0.0333 -0.1380 21.0112298 105.7219137 20190810025831 ;
1 0.2584 -0.0573 0.2486 21.0112298 105.7219137 20190810025831 ;
1 -0.4474 -0.3999 0.6053 21.0112298 105.7219137 20190810025831 ;
1 0.1439 0.0924 -0.4920 21.0112298 105.7219137 20190810025831 ;
1 0.4012 -0.3008 -0.1069 21.0112298 105.7219137 20190810025831 ;
1 -0.4381 -0.1699 0.1239 21.0112298 105.7219137 20190810025831 ;
1 0.3559 -0.1777 -0.3364 21.0112298 105.7219137 20190810025831 ;
1 0.0642 -0.1843 -0.1764 21.0112298 105.7219137 20190810025831 ;
1 0.2461 -0.1301 0.1047 21.0112298 105.7219137 20190810025831 ;
1 0.1830 -0.2566 -0.1330 21.0112298 105.7219137 20190810025831 ;
1 0.3264 -0.0703 -0.1419 21.0112298 105.7219137 20190810025831 ;
1 0.0694 -0.0831 -0.2363 21.0112298 105.7219137 20190810025832 ;
1 0.0909 -0.3979 -0.0999 21.0112298 105.7219137 20190810025832 ;
1 0.4847 -0.1305 -0.5412 21.0112298 105.7219137 20190810025832 ;
1 0.0768 -0.2604 -0.2483 21.0112298 105.7219137 20190810025832 ;
1 0.1438 -0.2579 0.2066 21.0112298 105.7219137 20190810025832 ;
1 0.0682 -0.2159 -0.1654 21.0112298 105.7219137 20190810025832 ;
1 0.0873 -0.3082 -0.8909 21.0112298 105.7219137 20190810025832 ;
1 -0.1464 -0.1547 -0.5264 21.0112298 105.7219137 20190810025832 ;
1 0.2825 -0.1645 0.0208 21.0112298 105.7219137 20190810025832 ;
1 0.2259 -0.1135 -0.3573 21.0112298 105.7219137 20190810025832 ;
1 0.1183 -0.1021 -0.4765 21.0112298 105.7219137 20190810025832 ;
1 0.0664 -0.3616 -0.3117 21.0112298 105.7219137 20190810025832 ;
1 0.2527 -0.0460 -0.7858 21.0112298 105.7219137 20190810025832 ;
1 0.2658 -0.2068 -0.6567 21.0112298 105.7219137 20190810025832 ;
1 -0.1507 -0.3493 -0.1723 21.0112298 105.7219137 20190810025832 ;
1 0.3611 -0.1325 -0.3606 21.0112298 105.7219137 20190810025832 ;
1 0.2336 -0.1237 -0.5028 21.0112298 105.7219137 20190810025832 ;
1 -0.1997 -0.2027 0.0726 21.0112298 105.7219137 20190810025832 ;
1 0.2278 -0.0360 -0.2384 21.0112298 105.7219137 20190810025832 ;
1 0.0420 -0.2648 -0.5083 21.0112298 105.7219137 20190810025832 ;
1 0.3681 -0.2269 -0.2753 21.0112298 105.7219137 20190810025832 ;
1 -0.0436 0.0107 -0.7757 21.0112298 105.7219137 20190810025832 ;
1 0.4603 -0.2361 -0.2015 21.0112298 105.7219137 20190810025832 ;
1 0.2298 -0.4561 0.7442 21.0112298 105.7219137 20190810025832 ;
1 0.1637 0.0207 0.3212 21.0112298 105.7219137 20190810025832 ;
1 0.1990 -0.1715 0.0603 21.0112298 105.7219137 20190810025832 ;
1 0.1763 -0.4356 0.4515 21.0112298 105.7219137 20190810025832 ;
1 0.7081 0.0172 -0.1212 21.0112298 105.7219137 20190810025832 ;
1 0.3182 -0.3304 0.3561 21.0112298 105.7219137 20190810025832 ;
1 0.3543 -0.1612 1.2578 21.0112298 105.7219137 20190810025832 ;
1 0.1095 -0.1467 0.8102 21.0112298 105.7219137 20190810025832 ;
1 0.4917 -0.0975 0.6940 21.0112298 105.7219137 20190810025832 ;
1 -0.3330 -0.1479 0.5845 21.0112298 105.7219137 20190810025832 ;
1 0.2585 -0.1010 0.2688 21.0112298 105.7219137 20190810025832 ;
1 0.0552 -0.0832 -0.0029 21.0112413 105.7216949 20190810025832 ;
1 0.1548 -0.1086 0.0074 21.0112413 105.7216949 20190810025832 ;
1 -0.2929 -0.1407 -0.0706 21.0112413 105.7216949 20190810025832 ;
1 0.3925 -0.0372 -0.1224 21.0112413 105.7216949 20190810025832 ;
1 -0.2093 -0.1886 -0.4407 21.0112413 105.7216949 20190810025832 ;
1 0.1254 -0.1562 -0.7052 21.0112413 105.7216949 20190810025832 ;
1 0.0999 -0.1690 -0.4323 21.0112413 105.7216949 20190810025832 ;
1 0.2882 -0.1227 -0.2669 21.0112413 105.7216949 20190810025832 ;
1 0.2116 -0.1259 -0.4295 21.0112413 105.7216949 20190810025832 ;
1 -0.1479 -0.2928 0.0623 21.0112413 105.7216949 20190810025832 ;
1 0.1543 -0.2049 0.2108 21.0112413 105.7216949 20190810025832 ;
1 0.2171 -0.1036 -0.0903 21.0112413 105.7216949 20190810025832 ;
1 0.0726 -0.1648 0.1350 21.0112413 105.7216949 20190810025832 ;
1 -0.0532 -0.2193 0.6158 21.0112413 105.7216949 20190810025832 ;
1 -0.0206 -0.1685 0.5253 21.0112413 105.7216949 20190810025833 ;
1 0.3043 -0.1676 0.8324 21.0112413 105.7216949 20190810025833 ;
1 0.1072 -0.0731 0.8768 21.0112413 105.7216949 20190810025833 ;
1 -0.4522 -0.3790 0.7076 21.0112413 105.7216949 20190810025833 ;
1 0.0858 -0.2202 0.8067 21.0112413 105.7216949 20190810025833 ;
1 0.2298 0.0887 0.5767 21.0112413 105.7216949 20190810025833 ;
1 -0.3914 -0.0419 0.4456 21.0112413 105.7216949 20190810025833 ;
1 0.1210 -0.1675 1.0071 21.0112413 105.7216949 20190810025833 ;
1 0.1157 -0.2216 0.5487 21.0112413 105.7216949 20190810025833 ;
1 0.3026 -0.0316 0.2448 21.0112413 105.7216949 20190810025833 ;
1 -0.4673 -0.1337 0.1986 21.0112413 105.7216949 20190810025833 ;
1 0.5826 0.0173 -0.0819 21.0112413 105.7216949 20190810025833 ;
1 0.0583 -0.1807 -0.3943 21.0112413 105.7216949 20190810025833 ;
1 -0.2415 -0.3520 -0.0762 21.0112413 105.7216949 20190810025833 ;
1 0.0612 0.1403 -0.6063 21.0112413 105.7216949 20190810025833 ;
1 0.5562 0.0808 -0.2775 21.0112413 105.7216949 20190810025833 ;
1 -0.2844 -0.2514 -0.0426 21.0112413 105.7216949 20190810025833 ;
1 -0.1799 -0.0037 -0.9452 21.0112413 105.7216949 20190810025833 ;
1 0.6706 0.0066 -0.8740 21.0112413 105.7216949 20190810025833 ;
1 -0.4264 -0.1978 0.2435 21.0112413 105.7216949 20190810025833 ;
1 0.1747 -0.0863 0.0495 21.0112413 105.7216949 20190810025833 ;
1 -0.0717 -0.1287 -0.7472 21.0112413 105.7216949 20190810025833 ;
1 0.1900 -0.0353 -0.5405 21.0112413 105.7216949 20190810025833 ;
1 -0.4794 -0.2991 -0.2256 21.0112413 105.7216949 20190810025833 ;
1 0.4508 0.0801 0.0545 21.0112413 105.7216949 20190810025833 ;
1 0.3047 0.0262 -0.3737 21.0112413 105.7216949 20190810025833 ;
1 -0.1477 -0.2196 0.0773 21.0112413 105.7216949 20190810025833 ;
1 -0.0054 -0.2401 0.4348 21.0112413 105.7216949 20190810025833 ;
1 0.0688 0.0192 -0.6360 21.0112413 105.7216949 20190810025833 ;
1 0.1294 -0.1037 -0.2937 21.0112413 105.7216949 20190810025833 ;
1 -0.1797 -0.2740 0.4871 21.0112413 105.7216949 20190810025833 ;
1 0.2504 0.0386 0.3566 21.0112413 105.7216949 20190810025833 ;
1 -0.1566 -0.0778 -0.0881 21.0112413 105.7216949 20190810025833 ;
1 0.1854 0.0169 -0.1237 21.0112548 105.7214808 20190810025833 ;
1 -0.7355 -0.2277 -0.1772 21.0112548 105.7214808 20190810025833 ;
1 -0.0485 -0.3530 0.7366 21.0112548 105.7214808 20190810025833 ;
1 0.0143 0.2668 -0.4938 21.0112548 105.7214808 20190810025833 ;
1 -0.7368 -0.1258 -0.3988 21.0112548 105.7214808 20190810025833 ;
1 -0.0188 -0.5436 0.8021 21.0112548 105.7214808 20190810025833 ;
1 -0.2199 0.2967 -0.6693 21.0112548 105.7214808 20190810025833 ;
1 -0.0138 -0.3032 -0.4220 21.0112548 105.7214808 20190810025833 ;
1 -0.3234 -0.3505 0.8008 21.0112548 105.7214808 20190810025833 ;
1 -0.2003 0.0058 0.0048 21.0112548 105.7214808 20190810025833 ;
1 0.2701 -0.1216 -0.2383 21.0112548 105.7214808 20190810025833 ;
1 -0.1808 -0.2343 0.5326 21.0112548 105.7214808 20190810025833 ;
1 -0.1681 -0.1223 0.5522 21.0112548 105.7214808 20190810025833 ;
1 0.2807 -0.0682 0.7531 21.0112548 105.7214808 20190810025833 ;
1 0.1804 -0.0604 0.5930 21.0112548 105.7214808 20190810025833 ;
1 -0.1257 0.0434 0.1693 21.0112548 105.7214808 20190810025833 ;
1 -0.1363 -0.2250 0.3392 21.0112548 105.7214808 20190810025833 ;
1 0.3177 0.0263 0.1443 21.0112548 105.7214808 20190810025833 ;
1 -0.3035 -0.1288 0.1154 21.0112548 105.7214808 20190810025833 ;
1 -0.1564 -0.0321 0.0571 21.0112548 105.7214808 20190810025834 ;
1 -0.1100 -0.0694 -0.1126 21.0112548 105.7214808 20190810025834 ;
1 -0.0678 -0.0077 -0.2821 21.0112548 105.7214808 20190810025834 ;
1 -0.2264 -0.0494 -0.5076 21.0112548 105.7214808 20190810025834 ;
1 -0.1963 -0.2008 -0.2268 21.0112548 105.7214808 20190810025834 ;
1 -0.2929 -0.0816 -0.2266 21.0112548 105.7214808 20190810025834 ;
1 -0.1903 -0.0849 -0.4946 21.0112548 105.7214808 20190810025834 ;
1 -0.2121 -0.0616 -0.6510 21.0112548 105.7214808 20190810025834 ;
1 -0.2682 -0.1756 -0.5685 21.0112548 105.7214808 20190810025834 ;
1 -0.0187 0.0369 -0.9086 21.0112548 105.7214808 20190810025834 ;
1 0.0655 -0.1335 -0.3781 21.0112548 105.7214808 20190810025834 ;
1 0.0689 0.0671 -0.0859 21.0112548 105.7214808 20190810025834 ;
1 0.0032 -0.0621 -0.1667 21.0112548 105.7214808 20190810025834 ;
1 -0.2485 -0.2158 -0.4395 21.0112548 105.7214808 20190810025834 ;
1 -0.0127 -0.0720 -0.6826 21.0112548 105.7214808 20190810025834 ;
1 0.4395 -0.0104 -0.5774 21.0112548 105.7214808 20190810025834 ;
1 -0.0785 -0.1973 0.0014 21.0112548 105.7214808 20190810025834 ;
1 0.4789 0.0449 -0.1497 21.0112548 105.7214808 20190810025834 ;
1 -0.1354 0.0218 -0.3668 21.0112548 105.7214808 20190810025834 ;
1 0.1077 -0.1439 0.4315 21.0112548 105.7214808 20190810025834 ;
1 0.0307 0.0072 -0.0047 21.0112548 105.7214808 20190810025834 ;
1 0.3459 -0.1576 -0.0510 21.0112548 105.7214808 20190810025834 ;
1 -0.2765 -0.1977 0.3369 21.0112548 105.7214808 20190810025834 ;
1 -0.3742 -0.1341 0.1684 21.0112548 105.7214808 20190810025834 ;
1 0.2825 -0.0356 0.1696 21.0112548 105.7214808 20190810025834 ;
1 -0.4817 -0.1881 0.4757 21.0112548 105.7214808 20190810025834 ;
1 0.1516 -0.1559 0.7839 21.0112548 105.7214808 20190810025834 ;
1 -0.1763 -0.1643 0.9657 21.0112548 105.7214808 20190810025834 ;
1 -0.2840 -0.0939 0.9756 21.0112548 105.7214808 20190810025834 ;
1 0.2909 -0.0395 0.7311 21.0112548 105.7214808 20190810025834 ;
1 -0.2931 -0.2337 0.6885 21.0112667 105.7212659 20190810025834 ;
1 0.0057 0.1063 0.3333 21.0112667 105.7212659 20190810025834 ;
1 0.0616 -0.2968 0.6008 21.0112667 105.7212659 20190810025834 ;
1 -0.0462 0.0153 0.6966 21.0112667 105.7212659 20190810025834 ;
1 -0.1684 -0.0318 0.0379 21.0112667 105.7212659 20190810025834 ;
1 -0.0909 -0.1719 0.2768 21.0112667 105.7212659 20190810025834 ;
1 0.1208 -0.0340 0.2528 21.0112667 105.7212659 20190810025834 ;
1 -0.2181 -0.0798 -0.3393 21.0112667 105.7212659 20190810025834 ;
1 -0.5700 -0.2890 0.8233 21.0112667 105.7212659 20190810025834 ;
1 0.5071 0.0568 0.3420 21.0112667 105.7212659 20190810025834 ;
1 -0.0508 -0.0267 -0.3307 21.0112667 105.7212659 20190810025834 ;
1 -0.1201 -0.3669 0.3401 21.0112667 105.7212659 20190810025834 ;
1 -0.0229 0.1500 -0.5674 21.0112667 105.7212659 20190810025834 ;
1 0.2069 0.1363 -0.9323 21.0112667 105.7212659 20190810025834 ;
1 -0.3253 -0.1423 0.1330 21.0112667 105.7212659 20190810025834 ;
1 -0.0802 0.1382 0.5722 21.0112667 105.7212659 20190810025834 ;
1 1.0159 0.2588 -0.3828 21.0112667 105.7212659 20190810025834 ;
1 -0.0492 -0.1400 -0.2725 21.0112667 105.7212659 20190810025834 ;
1 0.0780 -0.0645 -0.6717 21.0112667 105.7212659 20190810025834 ;
1 -0.3640 -0.3363 -1.4302 21.0112667 105.7212659 20190810025834 ;
1 0.2883 -0.2155 -1.1058 21.0112667 105.7212659 20190810025835 ;
1 -0.5420 -0.0478 -0.4558 21.0112667 105.7212659 20190810025835 ;
1 0.1110 0.0336 0.1797 21.0112667 105.7212659 20190810025835 ;
1 -0.0474 -0.0171 -0.2143 21.0112667 105.7212659 20190810025835 ;
1 -0.3547 0.1264 -0.4160 21.0112667 105.7212659 20190810025835 ;
1 -0.2638 -0.0715 -0.0607 21.0112667 105.7212659 20190810025835 ;
1 -0.1826 -0.1024 0.2371 21.0112667 105.7212659 20190810025835 ;
1 0.0228 -0.0640 -0.1550 21.0112667 105.7212659 20190810025835 ;
1 -0.1329 0.0431 -1.1337 21.0112667 105.7212659 20190810025835 ;
1 -0.2657 -0.0429 -1.0048 21.0112667 105.7212659 20190810025835 ;
1 0.5367 0.0966 -0.3347 21.0112667 105.7212659 20190810025835 ;
1 -0.5010 -0.1597 -0.4807 21.0112667 105.7212659 20190810025835 ;
1 0.3964 0.2200 -0.5345 21.0112667 105.7212659 20190810025835 ;
1 0.1292 -0.2019 0.1876 21.0112667 105.7212659 20190810025835 ;
1 -0.3812 -0.0992 -0.1852 21.0112667 105.7212659 20190810025835 ;
1 0.3885 0.1088 -0.8942 21.0112667 105.7212659 20190810025835 ;
1 -0.2181 -0.0362 -0.0812 21.0112667 105.7212659 20190810025835 ;
1 0.1221 -0.2590 0.9579 21.0112667 105.7212659 20190810025835 ;
1 -0.2922 0.0052 -0.0148 21.0112667 105.7212659 20190810025835 ;
1 0.1292 0.2205 -0.2765 21.0112667 105.7212659 20190810025835 ;
1 0.2588 0.0478 0.4247 21.0112667 105.7212659 20190810025835 ;
1 -0.8193 -0.5517 1.2506 21.0112667 105.7212659 20190810025835 ;
1 -0.0955 0.1988 0.2378 21.0112667 105.7212659 20190810025835 ;
1 0.2151 0.0954 0.0177 21.0112667 105.7212659 20190810025835 ;
1 -0.4237 -0.4772 1.6040 21.0112667 105.7212659 20190810025835 ;
1 -0.2005 -0.0331 0.5609 21.0112667 105.7212659 20190810025835 ;
1 0.2861 0.0643 -0.5683 21.0112667 105.7212659 20190810025835 ;
1 -0.0767 -0.3874 1.0560 21.0112667 105.7212659 20190810025835 ;
1 -0.0837 0.0657 1.8810 21.0112667 105.7212659 20190810025835 ;
1 0.0728 0.2001 0.2003 21.0112667 105.7212659 20190810025835 ;
1 0.2275 -0.1453 0.6095 21.0112667 105.7212659 20190810025835 ;
1 0.2929 0.0416 0.9911 21.0112792 105.7210501 20190810025835 ;
1 -0.2192 -0.0711 0.4467 21.0112792 105.7210501 20190810025835 ;
1 0.4029 0.2530 -0.4516 21.0112792 105.7210501 20190810025835 ;
1 -0.0232 0.0022 -0.3042 21.0112792 105.7210501 20190810025835 ;
1 0.0352 -0.0937 0.3424 21.0112792 105.7210501 20190810025835 ;
1 0.0065 0.0421 -0.3212 21.0112792 105.7210501 20190810025835 ;
1 0.0173 0.2599 -0.6513 21.0112792 105.7210501 20190810025835 ;
1 -0.2679 0.1823 -0.6314 21.0112792 105.7210501 20190810025835 ;
1 -0.5904 -0.1590 -0.6207 21.0112792 105.7210501 20190810025835 ;
1 0.0885 -0.0967 -0.8723 21.0112792 105.7210501 20190810025835 ;
1 -0.2539 0.1975 -1.3707 21.0112792 105.7210501 20190810025835 ;
1 0.5232 0.2197 -0.8262 21.0112792 105.7210501 20190810025835 ;
1 -1.0321 -0.4974 -0.2663 21.0112792 105.7210501 20190810025835 ;
1 -0.1915 0.4501 -1.7119 21.0112792 105.7210501 20190810025835 ;
1 0.2524 -0.1901 -1.6852 21.0112792 105.7210501 20190810025835 ;
1 -0.2907 -0.1576 0.3952 21.0112792 105.7210501 20190810025835 ;
1 -0.3923 0.2348 -0.7028 21.0112792 105.7210501 20190810025835 ;
1 0.1891 0.0091 -1.6607 21.0112792 105.7210501 20190810025835 ;
1 -0.1779 -0.3679 0.4693 21.0112792 105.7210501 20190810025836 ;
1 -0.5487 0.1758 -0.1580 21.0112792 105.7210501 20190810025836 ;
1 0.2776 -0.0703 -0.1705 21.0112792 105.7210501 20190810025836 ;
1 -0.2660 -0.1010 0.5794 21.0112792 105.7210501 20190810025836 ;
1 -0.1468 -0.0793 0.5834 21.0112792 105.7210501 20190810025836 ;
1 -0.1094 -0.2515 0.8595 21.0112792 105.7210501 20190810025836 ;
1 0.1493 0.0654 1.2493 21.0112792 105.7210501 20190810025836 ;
1 0.0040 0.0934 0.5299 21.0112792 105.7210501 20190810025836 ;
1 -0.0965 -0.2417 1.1390 21.0112792 105.7210501 20190810025836 ;
1 0.3260 0.0142 1.1823 21.0112792 105.7210501 20190810025836 ;
1 -0.1102 0.0375 0.5524 21.0112792 105.7210501 20190810025836 ;
1 0.4386 0.3609 0.5228 21.0112792 105.7210501 20190810025836 ;
1 -0.0282 -0.1956 1.1119 21.0112792 105.7210501 20190810025836 ;
1 0.0264 0.3294 -0.3031 21.0112792 105.7210501 20190810025836 ;
1 -0.4610 -0.0922 -0.5818 21.0112792 105.7210501 20190810025836 ;
1 1.1034 0.0699 0.3346 21.0112792 105.7210501 20190810025836 ;
1 -0.5216 0.1245 -0.4002 21.0112792 105.7210501 20190810025836 ;
1 0.0319 0.0913 -1.2145 21.0112792 105.7210501 20190810025836 ;
1 0.3200 -0.2034 -0.5458 21.0112792 105.7210501 20190810025836 ;
1 -0.6394 0.2550 -0.4040 21.0112792 105.7210501 20190810025836 ;
1 0.3834 0.1311 -1.1533 21.0112792 105.7210501 20190810025836 ;
1 -0.3611 -0.3091 -0.1095 21.0112792 105.7210501 20190810025836 ;
1 0.1541 0.2447 0.1660 21.0112792 105.7210501 20190810025836 ;
1 0.0616 -0.0816 -0.4445 21.0112792 105.7210501 20190810025836 ;
1 -0.4924 -0.2050 -0.2724 21.0112792 105.7210501 20190810025836 ;
1 0.2227 0.0094 0.2960 21.0112792 105.7210501 20190810025836 ;
1 -0.1467 -0.0738 -0.1993 21.0112792 105.7210501 20190810025836 ;
1 -0.3962 -0.2488 0.5467 21.0112792 105.7210501 20190810025836 ;
1 0.0745 0.0087 0.7332 21.0112792 105.7210501 20190810025836 ;
1 -0.3112 -0.1004 0.9146 21.0112792 105.7210501 20190810025836 ;
1 0.0989 -0.0703 1.3700 21.0112876 105.7208418 20190810025836 ;
1 -0.2809 -0.1995 1.2861 21.0112876 105.7208418 20190810025836 ;
1 0.0995 0.0277 0.8308 21.0112876 105.7208418 20190810025836 ;
1 0.1538 -0.0583 0.9319 21.0112876 105.7208418 20190810025836 ;
1 -0.0875 -0.0548 1.0525 21.0112876 105.7208418 20190810025836 ;
1 0.3031 -0.0439 1.0157 21.0112876 105.7208418 20190810025836 ;
1 -0.1501 0.0317 0.6683 21.0112876 105.7208418 20190810025836 ;
1 0.6089 0.0524 0.7718 21.0112876 105.7208418 20190810025836 ;
1 -0.2386 -0.1028 0.7331 21.0112876 105.7208418 20190810025836 ;
1 0.3032 0.1666 0.0313 21.0112876 105.7208418 20190810025836 ;
1 -0.1671 -0.1555 -0.1621 21.0112876 105.7208418 20190810025836 ;
1 0.3551 0.1023 -0.0961 21.0112876 105.7208418 20190810025836 ;
1 -0.3135 -0.0378 -0.2888 21.0112876 105.7208418 20190810025836 ;
1 0.1931 0.1030 -0.1604 21.0112876 105.7208418 20190810025836 ;
1 -0.3826 -0.1345 -0.1095 21.0112876 105.7208418 20190810025836 ;
1 0.0566 -0.0236 -0.2922 21.0112876 105.7208418 20190810025836 ;
1 -0.0096 -0.1401 -0.4308 21.0112876 105.7208418 20190810025836 ;
1 0.0122 0.0047 -0.7162 21.0112876 105.7208418 20190810025836 ;
1 -0.1335 -0.2290 -0.4274 21.0112876 105.7208418 20190810025837 ;
1 -0.1007 -0.2608 0.3888 21.0112876 105.7208418 20190810025837 ;
1 -0.0757 0.0186 0.2120 21.0112876 105.7208418 20190810025837 ;
1 0.0279 -0.1079 0.2760 21.0112876 105.7208418 20190810025837 ;
1 -0.0526 -0.1418 0.6092 21.0112876 105.7208418 20190810025837 ;
1 0.2536 -0.1287 0.4807 21.0112876 105.7208418 20190810025837 ;
1 0.1570 0.0370 0.2064 21.0112876 105.7208418 20190810025837 ;
1 -0.1054 -0.0453 0.3696 21.0112876 105.7208418 20190810025837 ;
1 0.5404 -0.0767 1.0872 21.0112876 105.7208418 20190810025837 ;
1 -0.2449 -0.0621 0.4153 21.0112876 105.7208418 20190810025837 ;
1 0.2632 0.0920 0.1004 21.0112876 105.7208418 20190810025837 ;
1 0.1752 -0.1421 0.5070 21.0112876 105.7208418 20190810025837 ;
1 0.0871 -0.2395 0.3959 21.0112876 105.7208418 20190810025837 ;
1 0.0433 -0.0041 -0.4819 21.0112876 105.7208418 20190810025837 ;
1 0.2703 -0.1373 -0.0715 21.0112876 105.7208418 20190810025837 ;
1 0.0453 -0.1251 0.3728 21.0112876 105.7208418 20190810025837 ;
1 -0.1693 -0.0276 -0.1616 21.0112876 105.7208418 20190810025837 ;
1 0.1824 -0.0536 -0.3267 21.0112876 105.7208418 20190810025837 ;
1 -0.0784 -0.0143 0.1610 21.0112876 105.7208418 20190810025837 ;
1 -0.2709 -0.0744 0.0839 21.0112876 105.7208418 20190810025837 ;
1 0.0156 -0.0469 -0.1787 21.0112876 105.7208418 20190810025837 ;
1 0.1901 -0.0529 -0.4500 21.0112876 105.7208418 20190810025837 ;
1 0.0829 -0.1489 -0.0628 21.0112876 105.7208418 20190810025837 ;
1 -0.0033 -0.1472 -0.1542 21.0112876 105.7208418 20190810025837 ;
1 0.1662 -0.2305 -0.0005 21.0112876 105.7208418 20190810025837 ;
1 0.0575 -0.1003 0.0583 21.0112876 105.7208418 20190810025837 ;
1 -0.1428 -0.1883 -0.0657 21.0112876 105.7208418 20190810025837 ;
1 0.3678 -0.1101 0.2445 21.0112876 105.7208418 20190810025837 ;
1 0.2615 -0.2967 0.9878 21.0112876 105.7208418 20190810025837 ;
1 0.2963 0.1889 0.7094 21.0112876 105.7208418 20190810025837 ;
1 0.1952 -0.2063 0.8723 21.0112876 105.7208418 20190810025837 ;
1 0.1609 -0.1338 0.9235 21.0112876 105.7208418 20190810025837 ;
1 -0.3241 -0.0230 -0.0281 21.0112876 105.7208418 20190810025837 ;
1 0.1637 -0.2669 -0.0016 21.0112876 105.7208418 20190810025837 ;
1 -0.0556 -0.0466 0.8050 21.0112876 105.7208418 20190810025837 ;
1 -0.1753 -0.0018 0.2060 21.0112983 105.7206257 20190810025837 ;
1 -0.0241 -0.2172 -0.1954 21.0112983 105.7206257 20190810025837 ;
1 -0.1611 -0.0912 -0.1020 21.0112983 105.7206257 20190810025837 ;
1 -0.1493 0.0005 -0.0808 21.0112983 105.7206257 20190810025837 ;
1 -0.1783 -0.2131 0.0393 21.0112983 105.7206257 20190810025837 ;
1 -0.0743 -0.1375 -0.0450 21.0112983 105.7206257 20190810025837 ;
1 -0.2687 -0.1243 -0.3166 21.0112983 105.7206257 20190810025837 ;
1 -0.1159 -0.0993 -0.2002 21.0112983 105.7206257 20190810025837 ;
1 -0.0317 -0.1153 0.0663 21.0112983 105.7206257 20190810025837 ;
1 -0.0065 -0.1949 0.3286 21.0112983 105.7206257 20190810025837 ;
1 -0.3761 -0.1288 0.1131 21.0112983 105.7206257 20190810025837 ;
1 -0.5757 -0.1024 -0.1134 21.0112983 105.7206257 20190810025837 ;
1 0.1126 0.0080 -0.2435 21.0112983 105.7206257 20190810025837 ;
1 -0.0415 -0.2039 -0.2184 21.0112983 105.7206257 20190810025838 ;
1 -0.3364 0.0253 -0.3613 21.0112983 105.7206257 20190810025838 ;
1 -0.3050 0.0000 0.1620 21.0112983 105.7206257 20190810025838 ;
1 -0.4533 0.1442 -0.0118 21.0112983 105.7206257 20190810025838 ;
1 -0.2375 -0.0918 -0.0194 21.0112983 105.7206257 20190810025838 ;
1 -0.6698 0.0840 -0.7460 21.0112983 105.7206257 20190810025838 ;
1 -0.3880 0.1047 -1.3305 21.0112983 105.7206257 20190810025838 ;
1 -0.1161 -0.0637 -0.7606 21.0112983 105.7206257 20190810025838 ;
1 -0.6580 0.0747 -0.8889 21.0112983 105.7206257 20190810025838 ;
1 -0.4250 0.0115 -1.3786 21.0112983 105.7206257 20190810025838 ;
1 -0.4978 0.1055 -1.0958 21.0112983 105.7206257 20190810025838 ;
1 -0.5831 0.0753 -0.8778 21.0112983 105.7206257 20190810025838 ;
1 -0.2261 0.1666 -1.7861 21.0112983 105.7206257 20190810025838 ;
1 -0.3742 -0.1824 -0.9853 21.0112983 105.7206257 20190810025838 ;
1 -0.3358 -0.2558 -0.8630 21.0112983 105.7206257 20190810025838 ;
1 -0.3206 -0.0326 -0.9772 21.0112983 105.7206257 20190810025838 ;
1 -0.4034 -0.2795 -0.4828 21.0112983 105.7206257 20190810025838 ;
1 -0.2624 -0.0213 -0.0023 21.0112983 105.7206257 20190810025838 ;
1 0.0064 0.0910 -0.5226 21.0112983 105.7206257 20190810025838 ;
1 -0.6144 -0.2314 0.6639 21.0112983 105.7206257 20190810025838 ;
1 -0.1113 -0.0454 0.5922 21.0112983 105.7206257 20190810025838 ;
1 -0.1428 -0.2892 0.6098 21.0112983 105.7206257 20190810025838 ;
1 -0.2169 -0.0558 1.1640 21.0112983 105.7206257 20190810025838 ;
1 -0.4755 -0.0937 1.6394 21.0112983 105.7206257 20190810025838 ;
1 -0.2925 -0.1315 0.8531 21.0112983 105.7206257 20190810025838 ;
1 0.0930 -0.0144 1.3630 21.0112983 105.7206257 20190810025838 ;
1 -0.7823 -0.4444 1.3561 21.0112983 105.7206257 20190810025838 ;
1 0.4812 0.1135 1.3226 21.0112983 105.7206257 20190810025838 ;
1 -0.2897 0.0095 1.0268 21.0112983 105.7206257 20190810025838 ;
1 -0.9672 -0.2773 1.2068 21.0112983 105.7206257 20190810025838 ;
1 0.1629 0.1999 0.2870 21.0112983 105.7206257 20190810025838 ;
1 -0.2102 -0.1173 0.1273 21.0112983 105.7206257 20190810025838 ;
1 -0.2768 -0.2103 0.6485 21.0112983 105.7206257 20190810025838 ;
1 -0.6803 0.2191 -0.5995 21.0112983 105.7206257 20190810025838 ;
1 -0.3564 -0.1620 -0.4984 21.0112983 105.7206257 20190810025838 ;
1 -0.5521 0.0391 -0.5837 21.0113065 105.7204143 20190810025838 ;
1 -0.4296 0.0346 -0.8869 21.0113065 105.7204143 20190810025838 ;
1 -0.5386 0.0155 -1.0196 21.0113065 105.7204143 20190810025838 ;
1 -0.3355 -0.1263 -0.5514 21.0113065 105.7204143 20190810025838 ;
1 -0.6198 0.1410 -1.2368 21.0113065 105.7204143 20190810025838 ;
1 -0.3116 -0.0179 -1.0518 21.0113065 105.7204143 20190810025838 ;
1 -0.4156 0.0302 -0.7947 21.0113065 105.7204143 20190810025838 ;
1 -0.5861 -0.0805 -1.1275 21.0113065 105.7204143 20190810025838 ;
1 -0.2544 -0.0451 -1.2576 21.0113065 105.7204143 20190810025838 ;
1 -0.3528 0.1527 -1.0379 21.0113065 105.7204143 20190810025838 ;
1 -0.0848 -0.0381 -0.5923 21.0113065 105.7204143 20190810025838 ;
1 -0.4555 -0.0863 -0.5635 21.0113065 105.7204143 20190810025838 ;
1 -0.2774 -0.0646 -0.7255 21.0113065 105.7204143 20190810025838 ;
1 -0.2472 0.0289 -0.5433 21.0113065 105.7204143 20190810025838 ;
1 -0.1343 -0.0312 -0.2563 21.0113065 105.7204143 20190810025838 ;
1 -0.2564 -0.0637 -0.1793 21.0113065 105.7204143 20190810025838 ;
1 -0.0023 -0.0668 -0.0367 21.0113065 105.7204143 20190810025838 ;
1 -0.0802 0.0255 0.1113 21.0113065 105.7204143 20190810025839 ;
1 -0.3243 0.0415 0.1015 21.0113065 105.7204143 20190810025839 ;
1 0.0444 -0.0673 0.1990 21.0113065 105.7204143 20190810025839 ;
1 -0.0486 0.0753 -0.0229 21.0113065 105.7204143 20190810025839 ;
1 -0.2743 0.0019 -0.0135 21.0113065 105.7204143 20190810025839 ;
1 -0.0689 -0.0932 0.4991 21.0113065 105.7204143 20190810025839 ;
1 -0.0857 0.0191 0.5177 21.0113065 105.7204143 20190810025839 ;
1 -0.2481 0.0747 -0.0985 21.0113065 105.7204143 20190810025839 ;
1 -0.1723 0.0012 -0.2951 21.0113065 105.7204143 20190810025839 ;
1 -0.2259 -0.0976 0.1505 21.0113065 105.7204143 20190810025839 ;
1 -0.3106 0.0412 0.0094 21.0113065 105.7204143 20190810025839 ;
1 -0.2290 -0.0310 -0.1177 21.0113065 105.7204143 20190810025839 ;
1 -0.4137 0.0346 0.1230 21.0113065 105.7204143 20190810025839 ;
1 -0.8969 -0.0232 -0.2482 21.0113065 105.7204143 20190810025839 ;
1 0.4408 -0.1027 -0.3720 21.0113065 105.7204143 20190810025839 ;
1 -0.6370 -0.0438 -0.2158 21.0113065 105.7204143 20190810025839 ;
1 -0.3245 0.0886 -0.0234 21.0113065 105.7204143 20190810025839 ;
1 -0.5565 -0.1320 0.0539 21.0113065 105.7204143 20190810025839 ;
1 -0.0810 -0.1763 0.6763 21.0113065 105.7204143 20190810025839 ;
1 -0.4880 0.1112 -0.0474 21.0113065 105.7204143 20190810025839 ;
1 -0.1134 -0.0345 -0.0604 21.0113065 105.7204143 20190810025839 ;
1 0.0810 -0.1324 0.7100 21.0113065 105.7204143 20190810025839 ;
1 -0.3669 0.1043 0.3228 21.0113065 105.7204143 20190810025839 ;
1 -0.0713 -0.0882 0.4247 21.0113065 105.7204143 20190810025839 ;
1 -0.1055 0.0675 0.5852 21.0113065 105.7204143 20190810025839 ;
1 0.4402 0.0291 0.7848 21.0113065 105.7204143 20190810025839 ;
1 -0.1303 -0.0956 0.5770 21.0113065 105.7204143 20190810025839 ;
1 0.0523 0.0021 0.5088 21.0113065 105.7204143 20190810025839 ;
1 0.3277 0.0022 0.3092 21.0113065 105.7204143 20190810025839 ;
1 0.2284 -0.0681 0.6055 21.0113065 105.7204143 20190810025839 ;
1 0.2028 -0.0309 0.4111 21.0113065 105.7204143 20190810025839 ;
1 0.0053 -0.0119 0.2397 21.0113065 105.7204143 20190810025839 ;
1 0.0860 0.0746 0.1794 21.0113105 105.7202013 20190810025839 ;
1 0.1325 0.0783 0.4882 21.0113105 105.7202013 20190810025839 ;
1 -0.1983 -0.0984 0.2541 21.0113105 105.7202013 20190810025839 ;
1 0.0717 0.1643 -0.1937 21.0113105 105.7202013 20190810025839 ;
1 -0.0838 0.0155 0.0565 21.0113105 105.7202013 20190810025839 ;
1 -0.6223 -0.1262 -0.0360 21.0113105 105.7202013 20190810025839 ;
1 0.0185 0.1547 -0.5386 21.0113105 105.7202013 20190810025839 ;
1 -0.1751 -0.0651 -0.7775 21.0113105 105.7202013 20190810025839 ;
1 -0.0972 -0.0368 -0.4591 21.0113105 105.7202013 20190810025839 ;
1 -0.3933 -0.0978 -0.3417 21.0113105 105.7202013 20190810025839 ;
1 0.0928 0.1396 -0.5584 21.0113105 105.7202013 20190810025839 ;
1 -0.3154 -0.1233 -0.4058 21.0113105 105.7202013 20190810025839 ;
1 -0.2416 -0.0329 -0.1014 21.0113105 105.7202013 20190810025839 ;
1 -0.2268 0.0674 -0.7431 21.0113105 105.7202013 20190810025839 ;
1 0.2170 0.0723 -0.7542 21.0113105 105.7202013 20190810025839 ;
1 -0.2137 -0.1310 0.0661 21.0113105 105.7202013 20190810025839 ;
1 -0.0605 0.0952 -0.2551 21.0113105 105.7202013 20190810025839 ;
1 0.0576 -0.0024 -0.4403 21.0113105 105.7202013 20190810025840 ;
1 -0.2595 0.0020 -0.2570 21.0113105 105.7202013 20190810025840 ;
1 -0.2101 0.1148 -0.6516 21.0113105 105.7202013 20190810025840 ;
1 -0.0031 -0.0590 -0.6636 21.0113105 105.7202013 20190810025840 ;
1 0.0940 -0.0174 -0.3436 21.0113105 105.7202013 20190810025840 ;
1 -0.1627 0.1263 -0.4548 21.0113105 105.7202013 20190810025840 ;
1 -0.2333 -0.0442 -0.0065 21.0113105 105.7202013 20190810025840 ;
1 -0.0323 -0.1268 -0.1101 21.0113105 105.7202013 20190810025840 ;
1 -0.0378 -0.0445 -0.6403 21.0113105 105.7202013 20190810025840 ;
1 -0.1769 -0.0523 -0.5052 21.0113105 105.7202013 20190810025840 ;
1 -0.0628 -0.1401 0.1882 21.0113105 105.7202013 20190810025840 ;
1 -0.1765 -0.1533 0.3114 21.0113105 105.7202013 20190810025840 ;
1 -0.2080 0.0733 -0.0840 21.0113105 105.7202013 20190810025840 ;
1 -0.0897 -0.1946 0.4535 21.0113105 105.7202013 20190810025840 ;
1 -0.2915 -0.1699 1.2901 21.0113105 105.7202013 20190810025840 ;
1 0.0593 -0.1497 1.3835 21.0113105 105.7202013 20190810025840 ;
1 -0.3924 -0.2509 1.1600 21.0113105 105.7202013 20190810025840 ;
1 -0.1916 -0.0876 1.2581 21.0113105 105.7202013 20190810025840 ;
1 0.0426 -0.2676 1.2387 21.0113105 105.7202013 20190810025840 ;
1 0.0062 -0.3181 1.4022 21.0113105 105.7202013 20190810025840 ;
1 0.2292 0.1030 1.2231 21.0113105 105.7202013 20190810025840 ;
1 -0.1327 -0.1413 1.6066 21.0113105 105.7202013 20190810025840 ;
1 0.0392 0.0222 1.5197 21.0113105 105.7202013 20190810025840 ;
1 -0.1456 -0.0100 0.8781 21.0113105 105.7202013 20190810025840 ;
1 0.0139 0.0604 0.3574 21.0113105 105.7202013 20190810025840 ;
1 -0.0284 0.1065 0.5077 21.0113105 105.7202013 20190810025840 ;
1 -0.1516 0.0770 -0.0153 21.0113105 105.7202013 20190810025840 ;
1 0.1965 0.0001 -0.5971 21.0113105 105.7202013 20190810025840 ;
1 -0.3278 -0.0987 -0.5187 21.0113105 105.7202013 20190810025840 ;
1 0.0802 0.1794 -0.8254 21.0113105 105.7202013 20190810025840 ;
1 -0.0390 -0.0147 -1.0260 21.0113092 105.7199894 20190810025840 ;
1 -0.2188 -0.1663 -0.5874 21.0113092 105.7199894 20190810025840 ;
1 -0.2073 0.0162 -0.8922 21.0113092 105.7199894 20190810025840 ;
1 -0.0373 0.0876 -1.4974 21.0113092 105.7199894 20190810025840 ;
1 -0.3179 -0.1180 -0.8127 21.0113092 105.7199894 20190810025840 ;
1 -0.4033 -0.2260 -0.4545 21.0113092 105.7199894 20190810025840 ;
1 0.2260 0.0798 -1.0944 21.0113092 105.7199894 20190810025840 ;
1 -0.2893 -0.0134 -0.5221 21.0113092 105.7199894 20190810025840 ;
1 -0.2891 0.0314 -0.4625 21.0113092 105.7199894 20190810025840 ;
1 -0.5714 -0.3719 -0.4546 21.0113092 105.7199894 20190810025840 ;
1 0.0739 -0.2013 -0.3041 21.0113092 105.7199894 20190810025840 ;
1 -0.7504 0.0134 -0.1207 21.0113092 105.7199894 20190810025840 ;
1 -0.2261 -0.0817 0.3210 21.0113092 105.7199894 20190810025840 ;
1 -0.0455 -0.2195 0.3258 21.0113092 105.7199894 20190810025840 ;
1 -0.2568 -0.0044 -0.4394 21.0113092 105.7199894 20190810025840 ;
1 -0.3013 -0.1592 0.2194 21.0113092 105.7199894 20190810025840 ;
1 0.0905 -0.0364 1.0429 21.0113092 105.7199894 20190810025840 ;
1 -0.1892 0.0416 0.6975 21.0113092 105.7199894 20190810025840 ;
1 -0.0203 -0.1534 0.5924 21.0113092 105.7199894 20190810025840 ;
1 0.1293 0.0066 0.2692 21.0113092 105.7199894 20190810025841 ;
1 -0.2394 0.0904 -0.2359 21.0113092 105.7199894 20190810025841 ;
1 -0.0876 -0.0859 0.0828 21.0113092 105.7199894 20190810025841 ;
1 0.0362 0.0734 -0.2029 21.0113092 105.7199894 20190810025841 ;
1 -0.1937 -0.0869 -0.1970 21.0113092 105.7199894 20190810025841 ;
1 0.3127 0.0278 0.1945 21.0113092 105.7199894 20190810025841 ;
1 -0.1763 0.1432 -0.5960 21.0113092 105.7199894 20190810025841 ;
1 -0.3268 -0.0224 -0.5953 21.0113092 105.7199894 20190810025841 ;
1 -0.1053 -0.2754 -0.2883 21.0113092 105.7199894 20190810025841 ;
1 -0.4725 0.1393 -0.8592 21.0113092 105.7199894 20190810025841 ;
1 0.0159 -0.0491 -0.7970 21.0113092 105.7199894 20190810025841 ;
1 0.0530 -0.1706 -0.2555 21.0113092 105.7199894 20190810025841 ;
1 0.1379 0.0853 -0.5480 21.0113092 105.7199894 20190810025841 ;
1 0.2016 0.2771 -1.1519 21.0113092 105.7199894 20190810025841 ;
1 -0.1817 -0.1173 -0.6418 21.0113092 105.7199894 20190810025841 ;
1 -0.0101 -0.1147 0.1101 21.0113092 105.7199894 20190810025841 ;
1 -0.3652 0.0879 -0.2607 21.0113092 105.7199894 20190810025841 ;
1 0.1744 0.2590 -0.5269 21.0113092 105.7199894 20190810025841 ;
1 -0.1526 -0.1351 0.1893 21.0113092 105.7199894 20190810025841 ;
1 0.2112 -0.0959 -0.2373 21.0113092 105.7199894 20190810025841 ;
1 0.1770 0.1081 -1.0896 21.0113092 105.7199894 20190810025841 ;
1 -0.2546 0.0046 -0.3866 21.0113092 105.7199894 20190810025841 ;
1 0.0727 -0.0982 0.6151 21.0113092 105.7199894 20190810025841 ;
1 -0.7802 -0.0333 -0.0388 21.0113092 105.7199894 20190810025841 ;
1 -0.0348 -0.0131 0.0636 21.0113092 105.7199894 20190810025841 ;
1 0.3355 0.2121 0.2348 21.0113092 105.7199894 20190810025841 ;
1 0.2453 0.2870 -0.2556 21.0113092 105.7199894 20190810025841 ;
1 0.0984 -0.5941 1.2102 21.0113092 105.7199894 20190810025841 ;
1 0.4720 0.2197 -0.1483 21.0113092 105.7199894 20190810025841 ;
1 -0.5269 0.0254 -0.4660 21.0113092 105.7199894 20190810025841 ;
1 0.1640 -0.2111 1.0921 21.0113092 105.7199894 20190810025841 ;
1 0.2330 -0.0820 0.2522 21.0113092 105.7199894 20190810025841 ;
1 0.4629 0.3724 -1.0485 21.0113092 105.7199894 20190810025841 ;
1 0.4945 -0.3093 1.4878 21.0113068 105.7197784 20190810025841 ;
1 -0.1113 0.1343 1.3111 21.0113068 105.7197784 20190810025841 ;
1 0.1689 -0.1550 0.4192 21.0113068 105.7197784 20190810025841 ;
1 -0.2145 -0.0128 -0.0600 21.0113068 105.7197784 20190810025841 ;
1 0.3212 0.1776 -0.3294 21.0113068 105.7197784 20190810025841 ;
1 0.0456 -0.3937 0.5269 21.0113068 105.7197784 20190810025841 ;
1 0.5525 0.1574 0.6094 21.0113068 105.7197784 20190810025841 ;
1 0.2088 0.2328 0.0811 21.0113068 105.7197784 20190810025841 ;
1 0.0754 -0.1298 0.9513 21.0113068 105.7197784 20190810025841 ;
1 0.3288 -0.1168 0.5773 21.0113068 105.7197784 20190810025841 ;
1 0.0251 0.0584 -0.5186 21.0113068 105.7197784 20190810025841 ;
1 1.1338 -0.0597 0.4592 21.0113068 105.7197784 20190810025841 ;
1 0.6119 0.0616 0.9604 21.0113068 105.7197784 20190810025841 ;
1 -0.0066 0.2193 -0.4951 21.0113068 105.7197784 20190810025841 ;
1 -0.2729 -0.1584 -0.1200 21.0113068 105.7197784 20190810025841 ;
1 -0.0496 -0.0435 1.0346 21.0113068 105.7197784 20190810025841 ;
1 0.4726 0.0995 0.4150 21.0113068 105.7197784 20190810025841 ;
1 0.8945 0.3610 0.0894 21.0113068 105.7197784 20190810025842 ;
1 0.1385 -0.3099 0.6812 21.0113068 105.7197784 20190810025842 ;
1 0.2952 -0.0096 -0.7107 21.0113068 105.7197784 20190810025842 ;
1 -0.0679 0.0377 -1.1848 21.0113068 105.7197784 20190810025842 ;
1 0.1594 -0.0435 1.0374 21.0113068 105.7197784 20190810025842 ;
1 0.0382 0.0632 0.5171 21.0113068 105.7197784 20190810025842 ;
1 0.6974 -0.1579 -0.4385 21.0113068 105.7197784 20190810025842 ;
1 0.5516 0.2234 -0.4383 21.0113068 105.7197784 20190810025842 ;
1 0.1347 0.0580 -0.3224 21.0113068 105.7197784 20190810025842 ;
1 0.3273 -0.0309 -0.4588 21.0113068 105.7197784 20190810025842 ;
1 0.6171 0.0696 -0.5258 21.0113068 105.7197784 20190810025842 ;
1 -0.2881 -0.2409 -0.1960 21.0113068 105.7197784 20190810025842 ;
1 -0.0141 0.1680 0.0007 21.0113068 105.7197784 20190810025842 ;
1 0.4225 0.2639 -0.9216 21.0113068 105.7197784 20190810025842 ;
1 -0.2940 -0.1188 -0.6302 21.0113068 105.7197784 20190810025842 ;
1 0.4644 -0.0381 0.0540 21.0113068 105.7197784 20190810025842 ;
1 0.3621 -0.1313 -0.0905 21.0113068 105.7197784 20190810025842 ;
1 -0.0929 -0.1152 0.3795 21.0113068 105.7197784 20190810025842 ;
1 0.2541 -0.0138 0.1073 21.0113068 105.7197784 20190810025842 ;
1 0.3074 0.0033 -0.8245 21.0113068 105.7197784 20190810025842 ;
1 0.5849 -0.0506 -0.5429 21.0113068 105.7197784 20190810025842 ;
1 0.0163 -0.0192 0.6251 21.0113068 105.7197784 20190810025842 ;
1 0.7943 0.1183 0.9248 21.0113068 105.7197784 20190810025842 ;
1 0.0482 -0.0602 1.0225 21.0113068 105.7197784 20190810025842 ;
1 0.1729 0.0948 0.8201 21.0113068 105.7197784 20190810025842 ;
1 -0.1196 0.0079 -0.2160 21.0113068 105.7197784 20190810025842 ;
1 0.5734 0.1163 -0.4473 21.0113068 105.7197784 20190810025842 ;
1 -0.6540 -0.0759 -0.8218 21.0113068 105.7197784 20190810025842 ;
1 -0.0610 0.1171 -0.5750 21.0113068 105.7197784 20190810025842 ;
1 0.3290 -0.1102 0.0779 21.0113068 105.7197784 20190810025842 ;
1 -0.0988 0.1555 -0.0236 21.0113068 105.7197784 20190810025842 ;
1 -0.2085 0.1087 -0.7442 21.0113049 105.7195751 20190810025842 ;
1 -0.4543 -0.2305 -0.5337 21.0113049 105.7195751 20190810025842 ;
1 0.0229 -0.1411 -0.4245 21.0113049 105.7195751 20190810025842 ;
1 -0.2034 -0.0011 -1.1569 21.0113049 105.7195751 20190810025842 ;
1 -0.0945 -0.0093 -0.5394 21.0113049 105.7195751 20190810025842 ;
1 -0.1317 -0.0487 0.0657 21.0113049 105.7195751 20190810025842 ;
1 0.0579 -0.1270 -0.0581 21.0113049 105.7195751 20190810025842 ;
1 -0.5152 -0.0183 -0.3056 21.0113049 105.7195751 20190810025842 ;
1 -0.0005 0.1851 -0.1696 21.0113049 105.7195751 20190810025842 ;
1 0.0506 -0.0489 0.2861 21.0113049 105.7195751 20190810025842 ;
1 -0.5128 -0.2509 0.3037 21.0113049 105.7195751 20190810025842 ;
1 0.3465 0.1731 -0.4028 21.0113049 105.7195751 20190810025842 ;
1 -0.4418 0.0007 -0.3919 21.0113049 105.7195751 20190810025842 ;
1 0.0500 -0.0285 0.3962 21.0113049 105.7195751 20190810025842 ;
1 0.1514 -0.0637 -0.1230 21.0113049 105.7195751 20190810025842 ;
1 -0.1559 -0.0362 -0.4355 21.0113049 105.7195751 20190810025842 ;
1 0.2982 -0.0784 0.6487 21.0113049 105.7195751 20190810025842 ;
1 -0.0646 -0.0515 0.4411 21.0113049 105.7195751 20190810025842 ;
1 0.0864 0.0661 -0.3336 21.0113049 105.7195751 20190810025843 ;
1 -0.0251 -0.1434 -0.0921 21.0113049 105.7195751 20190810025843 ;
1 0.1175 -0.0682 0.4870 21.0113049 105.7195751 20190810025843 ;
1 -0.1595 -0.0315 0.7361 21.0113049 105.7195751 20190810025843 ;
1 0.4073 0.0067 0.8906 21.0113049 105.7195751 20190810025843 ;
1 -0.4008 -0.0573 0.4271 21.0113049 105.7195751 20190810025843 ;
1 -0.0656 -0.2496 0.3479 21.0113049 105.7195751 20190810025843 ;
1 0.1377 0.0846 0.0365 21.0113049 105.7195751 20190810025843 ;
1 -0.2510 -0.2238 0.2050 21.0113049 105.7195751 20190810025843 ;
1 -0.1830 -0.2528 1.1204 21.0113049 105.7195751 20190810025843 ;
1 -0.0946 0.0584 0.5993 21.0113049 105.7195751 20190810025843 ;
1 0.1040 0.1773 -0.1017 21.0113049 105.7195751 20190810025843 ;
1 -0.7647 -0.3958 1.0220 21.0113049 105.7195751 20190810025843 ;
1 -0.2369 0.1320 0.4655 21.0113049 105.7195751 20190810025843 ;
1 0.0465 0.6154 -1.9071 21.0113049 105.7195751 20190810025843 ;
1 0.4939 -0.7620 0.9877 21.0113049 105.7195751 20190810025843 ;
1 -0.4411 0.2145 0.6483 21.0113049 105.7195751 20190810025843 ;
1 0.1512 0.5851 -1.7175 21.0113049 105.7195751 20190810025843 ;
1 0.1344 -0.2486 -0.7808 21.0113049 105.7195751 20190810025843 ;
1 -0.2072 -0.3031 0.7876 21.0113049 105.7195751 20190810025843 ;
1 0.2577 0.2151 -1.6450 21.0113049 105.7195751 20190810025843 ;
1 0.2879 -0.2349 -1.3961 21.0113049 105.7195751 20190810025843 ;
1 0.5384 -0.0318 1.0254 21.0113049 105.7195751 20190810025843 ;
1 0.5010 0.1770 -1.0454 21.0113049 105.7195751 20190810025843 ;
1 -0.3621 -0.2699 -1.5010 21.0113049 105.7195751 20190810025843 ;
1 0.8579 0.1231 0.4226 21.0113049 105.7195751 20190810025843 ;
1 -0.2087 -0.2673 0.7514 21.0113049 105.7195751 20190810025843 ;
1 -0.0330 0.1550 -0.0064 21.0113049 105.7195751 20190810025843 ;
1 0.1492 -0.2488 0.1357 21.0113049 105.7195751 20190810025843 ;
1 -0.0214 0.0497 -0.7052 21.0113049 105.7195751 20190810025843 ;
1 0.3398 -0.0665 -0.3089 21.0113049 105.7195751 20190810025843 ;
1 -0.2006 -0.1192 -0.4365 21.0113049 105.7195751 20190810025843 ;
1 -0.0098 -0.2189 -0.1470 21.0113049 105.7195751 20190810025843 ;
1 -0.1107 -0.0340 -0.3184 21.0112939 105.7193596 20190810025843 ;
1 0.4007 -0.1272 0.0079 21.0112939 105.7193596 20190810025843 ;
1 -0.6622 -0.4197 0.1982 21.0112939 105.7193596 20190810025843 ;
1 0.3303 0.0589 -0.0815 21.0112939 105.7193596 20190810025843 ;
1 0.2811 -0.1663 -0.3980 21.0112939 105.7193596 20190810025843 ;
1 -0.3269 -0.3138 0.5702 21.0112939 105.7193596 20190810025843 ;
1 0.0662 -0.0963 0.8193 21.0112939 105.7193596 20190810025843 ;
1 0.2726 0.0247 0.2038 21.0112939 105.7193596 20190810025843 ;
1 -0.0498 -0.1810 0.8652 21.0112939 105.7193596 20190810025843 ;
1 0.0875 -0.0052 0.7760 21.0112939 105.7193596 20190810025843 ;
1 0.2459 0.0096 -0.1246 21.0112939 105.7193596 20190810025843 ;
1 -0.1006 -0.0554 0.0025 21.0112939 105.7193596 20190810025843 ;
1 -0.0267 0.0877 -0.0689 21.0112939 105.7193596 20190810025843 ;
1 0.3401 -0.0264 -0.3651 21.0112939 105.7193596 20190810025843 ;
1 0.2784 -0.2004 -0.2044 21.0112939 105.7193596 20190810025843 ;
1 0.0349 -0.1311 -0.4507 21.0112939 105.7193596 20190810025843 ;
1 0.2801 0.0502 -0.8675 21.0112939 105.7193596 20190810025844 ;
1 0.2893 -0.3434 -0.4463 21.0112939 105.7193596 20190810025844 ;
1 0.1400 -0.2183 -0.2400 21.0112939 105.7193596 20190810025844 ;
1 0.2961 -0.0941 -0.3885 21.0112939 105.7193596 20190810025844 ;
1 0.1542 -0.0970 -0.4754 21.0112939 105.7193596 20190810025844 ;
1 0.2216 -0.1555 0.2190 21.0112939 105.7193596 20190810025844 ;
1 0.2497 -0.2087 0.4598 21.0112939 105.7193596 20190810025844 ;
1 0.0769 -0.0969 0.2495 21.0112939 105.7193596 20190810025844 ;
1 0.2738 -0.3558 1.0868 21.0112939 105.7193596 20190810025844 ;
1 -0.0663 -0.2695 1.4590 21.0112939 105.7193596 20190810025844 ;
1 0.3876 0.0381 0.6199 21.0112939 105.7193596 20190810025844 ;
1 0.1809 -0.4101 1.1386 21.0112939 105.7193596 20190810025844 ;
1 -0.0983 -0.1034 1.1540 21.0112939 105.7193596 20190810025844 ;
1 0.0554 0.2840 -0.2844 21.0112939 105.7193596 20190810025844 ;
1 0.4985 -0.2805 0.7699 21.0112939 105.7193596 20190810025844 ;
1 -0.1627 0.0070 0.7921 21.0112939 105.7193596 20190810025844 ;
1 0.5336 0.2838 -0.6636 21.0112939 105.7193596 20190810025844 ;
1 0.2239 -0.3036 -0.2112 21.0112939 105.7193596 20190810025844 ;
1 0.1364 -0.1428 -0.0770 21.0112939 105.7193596 20190810025844 ;
1 0.3060 0.1661 -1.6091 21.0112939 105.7193596 20190810025844 ;
1 0.1042 -0.2079 -1.4771 21.0112939 105.7193596 20190810025844 ;
1 0.1760 0.0403 -0.4897 21.0112939 105.7193596 20190810025844 ;
1 0.1030 0.0566 -1.1277 21.0112939 105.7193596 20190810025844 ;
1 0.3493 -0.1561 -1.0305 21.0112939 105.7193596 20190810025844 ;
1 0.1433 -0.2213 -0.0520 21.0112939 105.7193596 20190810025844 ;
1 0.2311 -0.1417 0.0286 21.0112939 105.7193596 20190810025844 ;
1 -0.1221 -0.0741 -1.3079 21.0112939 105.7193596 20190810025844 ;
1 0.0500 -0.1937 -1.4843 21.0112939 105.7193596 20190810025844 ;
1 0.1630 -0.0675 -0.7956 21.0112939 105.7193596 20190810025844 ;
1 0.6269 0.0579 0.0072 21.0112939 105.7193596 20190810025844 ;
1 -0.1654 -0.0159 0.4313 21.0112939 105.7193596 20190810025844 ;
1 0.2197 -0.0385 1.1898 21.0112939 105.7193596 20190810025844 ;
1 -0.2115 -0.0238 0.2346 21.0112924 105.7191533 20190810025844 ;
1 -0.0774 -0.1379 -0.5821 21.0112924 105.7191533 20190810025844 ;
1 0.1765 -0.0961 -0.3248 21.0112924 105.7191533 20190810025844 ;
1 0.2789 -0.0293 -0.3284 21.0112924 105.7191533 20190810025844 ;
1 0.2277 -0.2784 0.4672 21.0112924 105.7191533 20190810025844 ;
1 -0.0316 -0.0170 0.2793 21.0112924 105.7191533 20190810025844 ;
1 0.1639 -0.0531 0.0067 21.0112924 105.7191533 20190810025844 ;
1 0.3710 -0.1151 0.2436 21.0112924 105.7191533 20190810025844 ;
1 0.1726 -0.3029 0.9649 21.0112924 105.7191533 20190810025844 ;
1 0.2890 -0.0634 0.6167 21.0112924 105.7191533 20190810025844 ;
1 -0.0905 -0.1504 0.4907 21.0112924 105.7191533 20190810025844 ;
1 0.2686 -0.0781 0.4112 21.0112924 105.7191533 20190810025844 ;
1 0.6080 0.0073 0.4491 21.0112924 105.7191533 20190810025844 ;
1 -0.1418 -0.1193 0.2129 21.0112924 105.7191533 20190810025844 ;
1 0.3831 -0.1776 0.7618 21.0112924 105.7191533 20190810025844 ;
1 0.4496 -0.0662 0.7661 21.0112924 105.7191533 20190810025844 ;
1 0.1173 0.0042 0.5659 21.0112924 105.7191533 20190810025845 ;
1 -0.0923 -0.0807 -0.7066 21.0112924 105.7191533 20190810025845 ;
1 0.6438 -0.3189 0.4791 21.0112924 105.7191533 20190810025845 ;
1 0.1391 -0.0109 0.3374 21.0112924 105.7191533 20190810025845 ;
1 -0.0754 -0.1076 0.1011 21.0112924 105.7191533 20190810025845 ;
1 0.2540 -0.2754 0.6196 21.0112924 105.7191533 20190810025845 ;
1 0.1757 -0.0820 0.5203 21.0112924 105.7191533 20190810025845 ;
1 0.3241 -0.1287 -0.3482 21.0112924 105.7191533 20190810025845 ;
1 -0.1702 -0.3338 0.4350 21.0112924 105.7191533 20190810025845 ;
1 0.4668 0.0597 0.4049 21.0112924 105.7191533 20190810025845 ;
1 -0.0981 -0.0543 0.0015 21.0112924 105.7191533 20190810025845 ;
1 0.1870 -0.2362 0.2518 21.0112924 105.7191533 20190810025845 ;
1 0.0911 -0.1462 0.4764 21.0112924 105.7191533 20190810025845 ;
1 0.3084 -0.2620 0.9292 21.0112924 105.7191533 20190810025845 ;
1 -0.2837 -0.0750 0.3497 21.0112924 105.7191533 20190810025845 ;
1 -0.5119 -0.1168 -0.8080 21.0112924 105.7191533 20190810025845 ;
1 0.9215 -0.4835 0.1426 21.0112924 105.7191533 20190810025845 ;
1 -0.0825 0.0199 -0.3517 21.0112924 105.7191533 20190810025845 ;
1 0.5648 0.1807 -0.7730 21.0112924 105.7191533 20190810025845 ;
1 -0.0077 -0.2841 0.4344 21.0112924 105.7191533 20190810025845 ;
1 0.3835 -0.1092 0.3458 21.0112924 105.7191533 20190810025845 ;
1 -0.8031 -0.0089 -0.7469 21.0112924 105.7191533 20190810025845 ;
1 0.5460 0.0604 -0.6437 21.0112924 105.7191533 20190810025845 ;
1 0.8215 -0.3668 -0.1867 21.0112924 105.7191533 20190810025845 ;
1 0.0200 -0.1377 -0.7272 21.0112924 105.7191533 20190810025845 ;
1 0.4858 -0.2399 -1.5588 21.0112924 105.7191533 20190810025845 ;
1 0.8346 -0.1551 -1.6357 21.0112924 105.7191533 20190810025845 ;
1 0.1858 -0.2525 0.0897 21.0112924 105.7191533 20190810025845 ;
1 0.2319 -0.2054 0.2208 21.0112924 105.7191533 20190810025845 ;
1 0.2468 -0.1249 -0.6061 21.0112924 105.7191533 20190810025845 ;
1 0.4848 -0.2847 -0.0538 21.0112924 105.7191533 20190810025845 ;
1 0.1595 -0.0774 0.3684 21.0112924 105.7191533 20190810025845 ;
1 0.3633 -0.1555 -0.5402 21.0112924 105.7191533 20190810025845 ;
1 0.5064 -0.3336 -0.2838 21.0112924 105.7191533 20190810025845 ;
1 0.2062 -0.4118 0.9323 21.0112852 105.7189426 20190810025845 ;
1 -0.1516 0.1174 0.5033 21.0112852 105.7189426 20190810025845 ;
1 -0.2713 0.0285 0.0862 21.0112852 105.7189426 20190810025845 ;
1 0.1896 -0.2336 -0.0192 21.0112852 105.7189426 20190810025845 ;
1 -0.4322 -0.0479 -0.7583 21.0112852 105.7189426 20190810025845 ;
1 -0.0883 -0.1752 -0.1788 21.0112852 105.7189426 20190810025845 ;
1 0.0269 -0.3437 0.6396 21.0112852 105.7189426 20190810025845 ;
1 -0.4518 -0.0207 -0.4802 21.0112852 105.7189426 20190810025845 ;
1 -0.1388 -0.2376 -0.5138 21.0112852 105.7189426 20190810025845 ;
1 -0.1927 -0.4036 -0.5513 21.0112852 105.7189426 20190810025845 ;
1 -0.1789 -0.1918 -0.7959 21.0112852 105.7189426 20190810025845 ;
1 -0.0932 -0.1396 -0.7786 21.0112852 105.7189426 20190810025845 ;
1 -0.1614 -0.5826 1.2561 21.0112852 105.7189426 20190810025845 ;
1 -0.0890 0.0195 0.1565 21.0112852 105.7189426 20190810025845 ;
1 -0.2385 -0.3493 -0.0219 21.0112852 105.7189426 20190810025845 ;
1 -0.0078 -0.1827 0.5565 21.0112852 105.7189426 20190810025845 ;
1 0.1139 -0.0655 -0.0003 21.0112852 105.7189426 20190810025845 ;
1 0.1697 -0.2515 0.1839 21.0112852 105.7189426 20190810025845 ;
1 -0.0813 -0.1906 0.8738 21.0112852 105.7189426 20190810025846 ;
1 0.0894 -0.2106 0.5802 21.0112852 105.7189426 20190810025846 ;
1 0.2670 -0.1570 0.4145 21.0112852 105.7189426 20190810025846 ;
1 -0.2245 -0.0638 0.0477 21.0112852 105.7189426 20190810025846 ;
1 0.1519 -0.0089 -0.4974 21.0112852 105.7189426 20190810025846 ;
1 0.0785 -0.2614 -0.4450 21.0112852 105.7189426 20190810025846 ;
1 0.0396 -0.2178 -0.1389 21.0112852 105.7189426 20190810025846 ;
1 -0.2437 -0.1578 -0.1568 21.0112852 105.7189426 20190810025846 ;
1 -0.1442 0.0502 -0.5311 21.0112852 105.7189426 20190810025846 ;
1 0.0535 -0.3533 -0.4045 21.0112852 105.7189426 20190810025846 ;
1 -0.5638 -0.2989 -0.9209 21.0112852 105.7189426 20190810025846 ;
1 0.1050 -0.1117 -1.3313 21.0112852 105.7189426 20190810025846 ;
1 0.1744 -0.1170 -0.6137 21.0112852 105.7189426 20190810025846 ;
1 -0.3809 -0.2388 -0.0695 21.0112852 105.7189426 20190810025846 ;
1 -0.2697 -0.0128 -0.6624 21.0112852 105.7189426 20190810025846 ;
1 -0.2846 0.1066 -0.7679 21.0112852 105.7189426 20190810025846 ;
1 -0.0878 -0.2197 -0.0024 21.0112852 105.7189426 20190810025846 ;
1 -0.4345 0.1162 -0.8264 21.0112852 105.7189426 20190810025846 ;
1 0.3845 0.0332 -0.9314 21.0112852 105.7189426 20190810025846 ;
1 -0.2858 -0.1799 -0.4520 21.0112852 105.7189426 20190810025846 ;
1 0.0632 0.0763 -0.3101 21.0112852 105.7189426 20190810025846 ;
1 -0.5335 -0.1915 -0.4207 21.0112852 105.7189426 20190810025846 ;
1 0.2748 0.0753 -0.0651 21.0112852 105.7189426 20190810025846 ;
1 -0.3307 -0.1153 -0.4611 21.0112852 105.7189426 20190810025846 ;
1 -0.0613 -0.2639 0.2495 21.0112852 105.7189426 20190810025846 ;
1 0.2234 -0.1426 0.4818 21.0112852 105.7189426 20190810025846 ;
1 0.0028 0.0468 0.0762 21.0112852 105.7189426 20190810025846 ;
1 -0.1852 -0.2981 0.5828 21.0112852 105.7189426 20190810025846 ;
1 -0.0173 -0.2829 1.2131 21.0112852 105.7189426 20190810025846 ;
1 -0.0219 0.1880 0.4800 21.0112767 105.7187359 20190810025846 ;
1 -0.2608 -0.1823 0.7454 21.0112767 105.7187359 20190810025846 ;
1 0.1362 -0.2849 1.9893 21.0112767 105.7187359 20190810025846 ;
1 0.3415 0.2069 1.3028 21.0112767 105.7187359 20190810025846 ;
1 -0.2135 -0.0283 0.6410 21.0112767 105.7187359 20190810025846 ;
1 0.0156 0.1046 0.5474 21.0112767 105.7187359 20190810025846 ;
1 0.3338 0.1483 0.0645 21.0112767 105.7187359 20190810025846 ;
1 0.2507 0.0893 0.1199 21.0112767 105.7187359 20190810025846 ;
1 0.1118 -0.1428 0.3789 21.0112767 105.7187359 20190810025846 ;
1 -0.3123 0.1347 -0.1531 21.0112767 105.7187359 20190810025846 ;
1 0.5525 0.3138 -0.5961 21.0112767 105.7187359 20190810025846 ;
1 -0.4873 -0.5429 0.1698 21.0112767 105.7187359 20190810025846 ;
1 0.0960 0.0305 -0.4023 21.0112767 105.7187359 20190810025846 ;
1 0.4768 0.2510 -1.0507 21.0112767 105.7187359 20190810025846 ;
1 0.1325 -0.1025 -0.1699 21.0112767 105.7187359 20190810025846 ;
1 -0.6444 -0.2402 0.0802 21.0112767 105.7187359 20190810025846 ;
1 0.4453 0.0306 -0.5545 21.0112767 105.7187359 20190810025846 ;
1 -0.0247 -0.2972 0.6306 21.0112767 105.7187359 20190810025846 ;
1 -0.1657 0.0694 1.0385 21.0112767 105.7187359 20190810025846 ;
1 -0.1774 -0.1011 0.6535 21.0112767 105.7187359 20190810025847 ;
1 0.4055 -0.3034 0.7114 21.0112767 105.7187359 20190810025847 ;
1 0.2097 -0.0266 0.1197 21.0112767 105.7187359 20190810025847 ;
1 0.0305 0.1777 0.3007 21.0112767 105.7187359 20190810025847 ;
1 0.1623 -0.3240 2.4386 21.0112767 105.7187359 20190810025847 ;
1 0.0744 0.1015 1.4367 21.0112767 105.7187359 20190810025847 ;
1 -0.1074 0.1259 0.1603 21.0112767 105.7187359 20190810025847 ;
1 0.2738 -0.1244 1.1366 21.0112767 105.7187359 20190810025847 ;
1 0.3525 0.4418 0.6833 21.0112767 105.7187359 20190810025847 ;
1 0.0558 -0.0620 0.1656 21.0112767 105.7187359 20190810025847 ;
1 -0.1214 -0.0320 -0.0943 21.0112767 105.7187359 20190810025847 ;
1 0.2017 0.0473 -0.3321 21.0112767 105.7187359 20190810025847 ;
1 -0.2110 0.1428 -0.5676 21.0112767 105.7187359 20190810025847 ;
1 -0.1122 0.1422 -0.4980 21.0112767 105.7187359 20190810025847 ;
1 0.2400 0.1099 -1.1450 21.0112767 105.7187359 20190810025847 ;
1 -0.1551 0.0412 -0.8888 21.0112767 105.7187359 20190810025847 ;
1 -0.1023 0.1367 -0.9758 21.0112767 105.7187359 20190810025847 ;
1 0.1649 0.1310 -1.5165 21.0112767 105.7187359 20190810025847 ;
1 -0.0430 0.1473 -1.4458 21.0112767 105.7187359 20190810025847 ;
1 0.2393 0.0875 -1.3683 21.0112767 105.7187359 20190810025847 ;
1 -0.1628 0.1354 -1.5236 21.0112767 105.7187359 20190810025847 ;
1 0.0071 0.1610 -1.4909 21.0112767 105.7187359 20190810025847 ;
1 0.1921 0.1454 -1.5610 21.0112767 105.7187359 20190810025847 ;
1 -0.3621 0.0686 -1.6945 21.0112767 105.7187359 20190810025847 ;
1 0.0135 -0.0281 -1.1681 21.0112767 105.7187359 20190810025847 ;
1 0.1465 -0.0341 -0.6474 21.0112767 105.7187359 20190810025847 ;
1 0.2273 0.1909 -0.6714 21.0112767 105.7187359 20190810025847 ;
1 -0.3461 0.0704 -1.1583 21.0112767 105.7187359 20190810025847 ;
1 -0.1486 -0.2470 -0.1975 21.0112767 105.7187359 20190810025847 ;
1 -0.1101 -0.0459 0.0635 21.0112767 105.7187359 20190810025847 ;
1 -0.1497 0.1412 -0.2445 21.0112767 105.7187359 20190810025847 ;
1 -0.0450 -0.1450 0.9375 21.0112767 105.7187359 20190810025847 ;
1 -0.2769 0.0133 1.4517 21.0112698 105.7185387 20190810025847 ;
1 0.0718 0.1998 0.7515 21.0112698 105.7185387 20190810025847 ;
1 -0.0602 -0.1177 0.8280 21.0112698 105.7185387 20190810025847 ;
1 -0.3768 -0.0351 1.7206 21.0112698 105.7185387 20190810025847 ;
1 0.0860 0.2640 0.4804 21.0112698 105.7185387 20190810025847 ;
1 0.0204 -0.0638 0.6617 21.0112698 105.7185387 20190810025847 ;
1 0.1806 0.0942 1.2240 21.0112698 105.7185387 20190810025847 ;
1 -0.2090 0.0624 0.6098 21.0112698 105.7185387 20190810025847 ;
1 0.1769 0.0750 0.5466 21.0112698 105.7185387 20190810025847 ;
1 0.4429 0.1234 0.5025 21.0112698 105.7185387 20190810025847 ;
1 -0.0715 0.0435 -0.0682 21.0112698 105.7185387 20190810025847 ;
1 0.0105 -0.2358 0.3024 21.0112698 105.7185387 20190810025847 ;
1 0.1817 0.0295 0.3360 21.0112698 105.7185387 20190810025847 ;
1 -0.0981 0.2809 -0.1606 21.0112698 105.7185387 20190810025847 ;
1 0.2720 -0.1304 0.6354 21.0112698 105.7185387 20190810025847 ;
1 -0.0722 -0.0755 0.7318 21.0112698 105.7185387 20190810025847 ;
1 0.2821 0.2419 0.0389 21.0112698 105.7185387 20190810025847 ;
1 0.0118 -0.0358 0.2875 21.0112698 105.7185387 20190810025847 ;
1 0.2410 0.0176 1.5283 21.0112698 105.7185387 20190810025848 ;
1 -0.1941 0.0458 0.6731 21.0112698 105.7185387 20190810025848 ;
1 0.1024 0.0765 -0.5058 21.0112698 105.7185387 20190810025848 ;
1 -0.0041 -0.2063 0.7633 21.0112698 105.7185387 20190810025848 ;
1 0.1352 0.0517 0.8828 21.0112698 105.7185387 20190810025848 ;
1 -0.0620 -0.1764 0.8271 21.0112698 105.7185387 20190810025848 ;
1 0.1955 -0.2426 1.4771 21.0112698 105.7185387 20190810025848 ;
1 -0.0154 0.0371 1.1241 21.0112698 105.7185387 20190810025848 ;
1 -0.0694 -0.2046 0.5417 21.0112698 105.7185387 20190810025848 ;
1 -0.1779 -0.2220 0.9348 21.0112698 105.7185387 20190810025848 ;
1 0.0545 0.0273 1.1149 21.0112698 105.7185387 20190810025848 ;
1 -0.0606 -0.0909 1.2530 21.0112698 105.7185387 20190810025848 ;
1 -0.0271 -0.0784 1.9130 21.0112698 105.7185387 20190810025848 ;
1 0.1167 0.0533 1.3977 21.0112698 105.7185387 20190810025848 ;
1 0.2768 -0.0536 0.9282 21.0112698 105.7185387 20190810025848 ;
1 -0.0854 -0.0020 0.2422 21.0112698 105.7185387 20190810025848 ;
1 -0.0318 0.1226 -0.3125 21.0112698 105.7185387 20190810025848 ;
1 0.3185 0.2739 -0.8387 21.0112698 105.7185387 20190810025848 ;
1 0.0750 0.2864 -1.1729 21.0112698 105.7185387 20190810025848 ;
1 0.0036 -0.6463 1.5898 21.0112698 105.7185387 20190810025848 ;
1 -0.1239 0.9794 -1.5936 21.0112698 105.7185387 20190810025848 ;
1 0.1505 0.3376 -2.6888 21.0112698 105.7185387 20190810025848 ;
1 0.1560 -0.6900 -0.5521 21.0112698 105.7185387 20190810025848 ;
1 -0.3869 0.3740 -1.7164 21.0112698 105.7185387 20190810025848 ;
1 0.3239 0.6683 -4.2407 21.0112698 105.7185387 20190810025848 ;
1 0.1440 -0.3060 -1.5365 21.0112698 105.7185387 20190810025848 ;
1 -0.4298 -0.2716 0.1137 21.0112698 105.7185387 20190810025848 ;
1 -0.7167 0.4709 -3.9728 21.0112698 105.7185387 20190810025848 ;
1 0.7877 -0.2929 -2.8755 21.0112698 105.7185387 20190810025848 ;
1 0.0096 0.4536 -1.2824 21.0112698 105.7185387 20190810025848 ;
1 -0.5768 -0.0339 -2.1950 21.0112698 105.7185387 20190810025848 ;
1 0.2410 -0.1952 -2.1076 21.0112614 105.718342 20190810025848 ;
1 0.0092 0.3403 -1.8341 21.0112614 105.718342 20190810025848 ;
1 0.0840 -0.0164 -0.9430 21.0112614 105.718342 20190810025848 ;
1 -0.1800 0.2450 -0.6200 21.0112614 105.718342 20190810025848 ;
1 -0.0980 0.1885 -0.9737 21.0112614 105.718342 20190810025848 ;
1 0.2270 0.1468 -1.0400 21.0112614 105.718342 20190810025848 ;
1 -0.3157 0.1414 -0.3805 21.0112614 105.718342 20190810025848 ;
1 -0.2298 0.1202 -0.5045 21.0112614 105.718342 20190810025848 ;
1 0.1222 0.3059 -0.8296 21.0112614 105.718342 20190810025848 ;
1 -0.1587 0.1367 -0.4318 21.0112614 105.718342 20190810025848 ;
1 -0.0122 0.0550 -0.1315 21.0112614 105.718342 20190810025848 ;
1 -0.3586 0.1837 -0.6634 21.0112614 105.718342 20190810025848 ;
1 0.1611 0.2169 -0.6881 21.0112614 105.718342 20190810025848 ;
1 -0.2094 0.0878 -0.4176 21.0112614 105.718342 20190810025848 ;
1 0.0741 0.1181 0.0006 21.0112614 105.718342 20190810025848 ;
1 0.0431 0.1590 -0.1928 21.0112614 105.718342 20190810025848 ;
1 -0.0079 0.1133 0.2816 21.0112614 105.718342 20190810025848 ;
1 -0.0359 0.3121 -0.1491 21.0112614 105.718342 20190810025848 ;
1 -0.0557 0.2362 -0.1738 21.0112614 105.718342 20190810025848 ;
1 0.1713 1.5767 -3.6614 21.0112614 105.718342 20190810025848 ;
1 0.7060 -1.0951 1.0624 21.0112614 105.718342 20190810025849 ;
1 -0.1386 0.1076 1.6970 21.0112614 105.718342 20190810025849 ;
1 -0.7499 2.1038 -2.9212 21.0112614 105.718342 20190810025849 ;
1 0.5835 -0.2132 -1.7689 21.0112614 105.718342 20190810025849 ;
1 0.0863 -0.8254 1.5784 21.0112614 105.718342 20190810025849 ;
1 -1.2435 0.8894 -3.6977 21.0112614 105.718342 20190810025849 ;
1 1.9477 1.2118 -4.4748 21.0112614 105.718342 20190810025849 ;
1 -1.2350 -0.9002 2.1732 21.0112614 105.718342 20190810025849 ;
1 -0.5458 0.5214 0.4702 21.0112614 105.718342 20190810025849 ;
1 -0.2882 0.2971 -3.2870 21.0112614 105.718342 20190810025849 ;
1 0.3655 -0.0202 -1.9007 21.0112614 105.718342 20190810025849 ;
1 0.0245 0.5776 1.0247 21.0112614 105.718342 20190810025849 ;
1 -0.9031 -0.2190 0.0565 21.0112614 105.718342 20190810025849 ;
1 0.2877 -0.0086 -0.0710 21.0112614 105.718342 20190810025849 ;
1 0.7344 0.1620 1.2862 21.0112614 105.718342 20190810025849 ;
1 -0.4022 -0.1113 2.0837 21.0112614 105.718342 20190810025849 ;
1 -0.5655 0.1237 2.0615 21.0112614 105.718342 20190810025849 ;
1 0.6376 0.0265 1.8047 21.0112614 105.718342 20190810025849 ;
1 0.3159 -0.2202 2.7638 21.0112614 105.718342 20190810025849 ;
1 -0.3449 0.0078 3.3796 21.0112614 105.718342 20190810025849 ;
1 0.2620 0.1631 3.0354 21.0112614 105.718342 20190810025849 ;
1 0.0933 0.1215 3.3695 21.0112614 105.718342 20190810025849 ;
1 -0.1317 0.1309 3.1969 21.0112614 105.718342 20190810025849 ;
1 -0.3220 0.1095 2.7201 21.0112614 105.718342 20190810025849 ;
1 0.0721 0.3115 2.7577 21.0112614 105.718342 20190810025849 ;
1 -0.1846 0.2942 2.3564 21.0112614 105.718342 20190810025849 ;
1 0.0161 0.3469 1.4343 21.0112614 105.718342 20190810025849 ;
1 -0.2704 0.1528 1.1009 21.0112614 105.718342 20190810025849 ;
1 -0.0497 0.2766 0.3304 21.0112614 105.718342 20190810025849 ;
1 -0.0063 0.3339 -0.6046 21.0112522 105.7181366 20190810025849 ;
1 -0.1944 0.0922 -0.5987 21.0112522 105.7181366 20190810025849 ;
1 0.1318 0.2939 -0.3664 21.0112522 105.7181366 20190810025849 ;
1 -0.2387 0.4106 -1.3653 21.0112522 105.7181366 20190810025849 ;
1 0.0138 0.0305 -0.9567 21.0112522 105.7181366 20190810025849 ;
1 0.1846 0.1837 -0.9266 21.0112522 105.7181366 20190810025849 ;
1 -0.1195 0.2216 -1.4005 21.0112522 105.7181366 20190810025849 ;
1 0.0688 0.2303 -1.4866 21.0112522 105.7181366 20190810025849 ;
1 0.0862 0.1075 -1.4026 21.0112522 105.7181366 20190810025849 ;
1 0.2616 0.0397 -1.3279 21.0112522 105.7181366 20190810025849 ;
1 -0.1712 -0.0123 -1.3033 21.0112522 105.7181366 20190810025849 ;
1 0.1829 0.2036 -1.0270 21.0112522 105.7181366 20190810025849 ;
1 -0.2091 0.0912 -0.5976 21.0112522 105.7181366 20190810025849 ;
1 -0.0041 -0.0737 -0.2141 21.0112522 105.7181366 20190810025849 ;
1 -0.0285 -0.0373 -0.2297 21.0112522 105.7181366 20190810025849 ;
1 0.1479 0.0302 -0.2571 21.0112522 105.7181366 20190810025849 ;
1 0.1554 0.0849 -0.0147 21.0112522 105.7181366 20190810025849 ;
1 -0.0972 0.0087 0.4451 21.0112522 105.7181366 20190810025849 ;
1 -0.0020 -0.0609 0.9126 21.0112522 105.7181366 20190810025849 ;
1 -0.1675 -0.0811 0.8059 21.0112522 105.7181366 20190810025850 ;
1 0.1529 -0.0730 1.1095 21.0112522 105.7181366 20190810025850 ;
1 -0.0036 0.0631 0.8320 21.0112522 105.7181366 20190810025850 ;
1 0.2337 -0.0813 0.9099 21.0112522 105.7181366 20190810025850 ;
1 0.1649 -0.0646 0.9165 21.0112522 105.7181366 20190810025850 ;
1 0.1120 -0.0249 0.7383 21.0112522 105.7181366 20190810025850 ;
1 0.0074 -0.0288 0.7708 21.0112522 105.7181366 20190810025850 ;
1 0.2043 0.0239 0.9068 21.0112522 105.7181366 20190810025850 ;
1 0.0534 -0.2189 0.6086 21.0112522 105.7181366 20190810025850 ;
1 0.0924 -0.2607 0.1917 21.0112522 105.7181366 20190810025850 ;
1 -0.2089 -0.1306 0.0983 21.0112522 105.7181366 20190810025850 ;
1 -0.0132 0.0767 -0.1846 21.0112522 105.7181366 20190810025850 ;
1 -0.0556 0.0151 -0.2147 21.0112522 105.7181366 20190810025850 ;
1 -0.0871 -0.0743 -0.1235 21.0112522 105.7181366 20190810025850 ;
1 -0.0914 0.0618 -0.1950 21.0112522 105.7181366 20190810025850 ;
1 -0.0178 0.0757 -0.2690 21.0112522 105.7181366 20190810025850 ;
1 -0.2106 -0.0477 -0.4139 21.0112522 105.7181366 20190810025850 ;
1 -0.3021 -0.0747 -0.4440 21.0112522 105.7181366 20190810025850 ;
1 -0.0227 -0.0157 -0.7176 21.0112522 105.7181366 20190810025850 ;
1 0.0513 0.0928 -0.8243 21.0112522 105.7181366 20190810025850 ;
1 0.1451 -0.0812 -0.3577 21.0112522 105.7181366 20190810025850 ;
1 0.1377 0.0936 -0.5112 21.0112522 105.7181366 20190810025850 ;
1 -0.1304 0.2249 -1.2058 21.0112522 105.7181366 20190810025850 ;
1 -0.0537 -0.4255 0.0249 21.0112522 105.7181366 20190810025850 ;
1 0.1007 0.2634 -0.4387 21.0112522 105.7181366 20190810025850 ;
1 -0.0095 0.1596 -1.0005 21.0112522 105.7181366 20190810025850 ;
1 0.7418 -0.0419 -0.3892 21.0112522 105.7181366 20190810025850 ;
1 -0.0989 -0.2507 0.0505 21.0112522 105.7181366 20190810025850 ;
1 0.3923 0.2601 -1.4040 21.0112522 105.7181366 20190810025850 ;
1 -0.0939 -0.1131 -1.3772 21.0112522 105.7181366 20190810025850 ;
1 0.3387 -0.2210 0.8624 21.0112522 105.7181366 20190810025850 ;
1 0.0405 0.0917 -0.1048 21.0112441 105.7179403 20190810025850 ;
1 0.2425 -0.1275 -0.2790 21.0112441 105.7179403 20190810025850 ;
1 0.6161 -0.0030 0.4808 21.0112441 105.7179403 20190810025850 ;
1 -0.1016 -0.0772 0.1331 21.0112441 105.7179403 20190810025850 ;
1 0.2201 -0.0352 -0.0257 21.0112441 105.7179403 20190810025850 ;
1 -0.0866 -0.2321 0.5302 21.0112441 105.7179403 20190810025850 ;
1 0.4986 -0.1126 0.8696 21.0112441 105.7179403 20190810025850 ;
1 -0.2533 -0.1270 0.8088 21.0112441 105.7179403 20190810025850 ;
1 0.1659 -0.1405 1.0736 21.0112441 105.7179403 20190810025850 ;
1 -0.0593 -0.1511 1.0034 21.0112441 105.7179403 20190810025850 ;
1 0.1524 -0.2008 0.8522 21.0112441 105.7179403 20190810025850 ;
1 -0.0727 -0.1625 1.0016 21.0112441 105.7179403 20190810025850 ;
1 0.3441 0.1498 0.7553 21.0112441 105.7179403 20190810025850 ;
1 -0.0544 -0.3035 1.0296 21.0112441 105.7179403 20190810025850 ;
1 0.5040 0.0626 0.6610 21.0112441 105.7179403 20190810025850 ;
1 0.0274 0.0147 0.3235 21.0112441 105.7179403 20190810025850 ;
1 0.1935 -0.1571 1.6454 21.0112441 105.7179403 20190810025850 ;
1 0.0424 -0.1173 0.5737 21.0112441 105.7179403 20190810025851 ;
1 -0.0946 0.0497 -0.9851 21.0112441 105.7179403 20190810025851 ;
1 0.4894 0.1430 -0.6164 21.0112441 105.7179403 20190810025851 ;
