1 -0.0808 0.2656 0.1910 21.0011943 105.6132167 20190810120214 
1 0.3130 0.1614 -0.1152 21.0011943 105.6132167 20190810120214 
1 0.1016 -0.0385 -0.1611 21.0011943 105.6132167 20190810120214 
1 0.0089 0.0737 -0.1452 21.0011943 105.6132167 20190810120214 
1 -0.0458 -0.0204 -0.1190 21.0011943 105.6132167 20190810120214 
1 0.1661 0.3637 0.1578 21.0011943 105.6132167 20190810120214 
1 0.3289 -0.1370 -0.2902 21.0011943 105.6132167 20190810120214 
1 0.0091 0.3071 0.0180 21.0011943 105.6132167 20190810120214 
1 0.0734 -0.1699 -0.0231 21.0011943 105.6132167 20190810120214 
1 -0.0044 0.1113 0.2711 21.0011943 105.6132167 20190810120214 
1 0.1378 0.1984 -0.3329 21.0011943 105.6132167 20190810120214 
1 0.2421 0.0249 -0.1747 21.0011943 105.6132167 20190810120214 
1 0.0127 -0.2454 0.2276 21.0011943 105.6132167 20190810120214 
1 -0.0528 0.4407 0.4105 21.0011943 105.6132167 20190810120214 
1 0.2224 -0.0223 -0.5395 21.0011943 105.6132167 20190810120214 
1 -0.0475 -0.0269 0.1721 21.0011943 105.6132167 20190810120214 
1 -0.0994 -0.2020 -0.1634 21.0011943 105.6132167 20190810120214 
1 -0.0063 0.2296 0.0412 21.0011943 105.6132167 20190810120214 
1 0.0522 0.2268 0.3900 21.0011943 105.6132167 20190810120214 
1 0.2017 -0.0266 -0.1291 21.0011943 105.6132167 20190810120214 
1 -0.0751 0.1046 0.0520 21.0011943 105.6132167 20190810120214 
1 0.0441 -0.1117 -0.2376 21.0011943 105.6132167 20190810120214 
1 0.0903 0.0901 0.3679 21.0011943 105.6132167 20190810120214 
1 0.1447 0.2118 -0.1895 21.0011943 105.6132167 20190810120215 
1 0.0239 0.0737 -0.1165 21.0011943 105.6132167 20190810120215 
1 -0.0138 0.0559 0.2626 21.0011943 105.6132167 20190810120215 
1 0.1668 0.3423 0.0923 21.0011943 105.6132167 20190810120215 
1 -0.0237 0.1168 -0.2089 21.0011943 105.6132167 20190810120215 
1 0.0292 0.1209 -0.0782 21.0011943 105.6132167 20190810120215 
1 0.0497 0.0615 -0.1118 21.0011943 105.6132167 20190810120215 
1 0.0947 0.1115 0.0430 21.0011943 105.6132167 20190810120215 
1 0.1153 0.1759 -0.0526 21.0011943 105.6132167 20190810120215 
1 0.0546 0.0414 -0.1928 21.0011943 105.6132167 20190810120215 
1 -0.0242 0.1512 0.0422 21.0011943 105.6132167 20190810120215 
1 0.0679 0.2293 0.1092 21.0011943 105.6132167 20190810120215 
1 0.1855 0.0627 -0.3196 21.0011943 105.6132167 20190810120215 
1 -0.0478 0.0848 0.1383 21.0011943 105.6132167 20190810120215 
1 0.0222 0.2945 -0.0613 21.0011943 105.6132167 20190810120215 
1 0.1319 -0.1188 -0.3981 21.0011943 105.6132167 20190810120215 
1 0.0198 0.1288 0.0481 21.0011943 105.6132167 20190810120215 
1 0.1446 -0.1566 -0.4658 21.0011943 105.6132167 20190810120215 
1 -0.1023 0.1980 0.0540 21.0011966 105.6133599 20190810120215 
1 0.2420 -0.1383 -0.0867 21.0011966 105.6133599 20190810120215 
1 0.0930 0.2284 -0.1463 21.0011966 105.6133599 20190810120215 
1 0.0942 -0.3456 -0.4105 21.0011966 105.6133599 20190810120215 
1 -0.0499 0.4257 0.2343 21.0011966 105.6133599 20190810120215 
1 0.0088 -0.2349 -0.3210 21.0011966 105.6133599 20190810120215 
1 0.0699 0.2959 -0.0498 21.0011966 105.6133599 20190810120215 
1 0.1294 -0.3096 -0.4228 21.0011966 105.6133599 20190810120215 
1 0.0339 0.0110 -0.2259 21.0011966 105.6133599 20190810120215 
1 -0.0477 0.0851 -0.0994 21.0011966 105.6133599 20190810120215 
1 0.1555 0.1855 -0.4305 21.0011966 105.6133599 20190810120215 
1 0.1513 -0.0107 -0.1670 21.0011966 105.6133599 20190810120215 
1 0.0406 0.1201 0.1384 21.0011966 105.6133599 20190810120215 
1 -0.0540 0.2458 0.2886 21.0011966 105.6133599 20190810120215 
1 0.1447 0.2572 -0.0024 21.0011966 105.6133599 20190810120215 
1 -0.0408 0.2109 0.0490 21.0011966 105.6133599 20190810120215 
1 0.1741 0.0269 -0.4015 21.0011966 105.6133599 20190810120215 
1 -0.0610 0.2396 -0.1751 21.0011966 105.6133599 20190810120215 
1 -0.0775 0.1428 0.2255 21.0011966 105.6133599 20190810120215 
1 0.2530 0.1604 -0.1379 21.0011966 105.6133599 20190810120215 
1 0.0667 0.3255 0.0717 21.0011966 105.6133599 20190810120215 
1 -0.1258 0.3145 0.2821 21.0011966 105.6133599 20190810120215 
1 0.1166 -0.0031 0.0196 21.0011966 105.6133599 20190810120215 
1 0.0069 0.5657 0.1725 21.0011966 105.6133599 20190810120215 
1 -0.0576 0.1521 0.0866 21.0011966 105.6133599 20190810120215 
1 -0.0786 -0.0262 0.0223 21.0011966 105.6133599 20190810120215 
1 -0.1890 0.0921 0.1015 21.0011966 105.6133599 20190810120215 
1 -0.0517 0.1107 -0.1692 21.0011966 105.6133599 20190810120215 
1 0.2895 0.0719 -0.2643 21.0011966 105.6133599 20190810120215 
1 -0.0295 -0.0360 0.0491 21.0011966 105.6133599 20190810120215 
1 -0.0127 0.2530 0.0246 21.0011966 105.6133599 20190810120215 
1 0.1138 -0.2143 -0.5044 21.0011966 105.6133599 20190810120216 
1 0.0623 0.1017 -0.1232 21.0011966 105.6133599 20190810120216 
1 0.2244 -0.2444 -0.3023 21.0011966 105.6133599 20190810120216 
1 -0.0278 -0.1282 -0.1149 21.0011966 105.6133599 20190810120216 
1 0.2014 0.0054 -0.1083 21.0011966 105.6133599 20190810120216 
1 0.0752 0.0925 -0.2785 21.0011966 105.6133599 20190810120216 
1 0.0492 -0.0066 0.0017 21.0011966 105.6133599 20190810120216 
1 -0.0116 -0.0404 0.0929 21.0011966 105.6133599 20190810120216 
1 0.2448 -0.0090 -0.4411 21.0011966 105.6133599 20190810120216 
1 0.0961 -0.2789 -0.3057 21.0011966 105.6133599 20190810120216 
1 0.0743 0.1101 -0.3688 21.0011966 105.6133599 20190810120216 
1 0.2056 -0.0598 -0.7300 21.0011966 105.6133599 20190810120216 
1 0.0030 0.1141 -0.7016 21.0011966 105.6133599 20190810120216 
1 0.0002 0.0192 -0.0808 21.0011966 105.6133599 20190810120216 
1 0.1836 0.4563 0.1217 21.0011966 105.6133599 20190810120216 
1 0.0746 -0.0303 -0.0213 21.0011966 105.6133599 20190810120216 
1 0.2649 0.1486 -0.6912 21.0011966 105.6133599 20190810120216 
1 -0.0817 0.0698 -0.5961 21.0011966 105.6133599 20190810120216 
1 -0.0098 0.3115 -0.3420 21.0011966 105.6133599 20190810120216 
1 0.3176 0.0523 -0.2473 21.0011966 105.6133599 20190810120216 
1 -0.1284 0.2618 0.0477 21.0011939 105.6135145 20190810120216 
1 0.2024 0.0627 -0.3120 21.0011939 105.6135145 20190810120216 
1 0.0297 0.2165 -0.2396 21.0011939 105.6135145 20190810120216 
1 0.1747 -0.0832 -0.2978 21.0011939 105.6135145 20190810120216 
1 0.1699 0.4526 -0.2545 21.0011939 105.6135145 20190810120216 
1 0.2341 -0.2579 -0.6961 21.0011939 105.6135145 20190810120216 
1 0.1486 0.1818 0.2887 21.0011939 105.6135145 20190810120216 
1 0.1610 -0.2189 -0.1034 21.0011939 105.6135145 20190810120216 
1 0.0523 0.3415 0.3166 21.0011939 105.6135145 20190810120216 
1 0.2117 -0.1620 -0.1645 21.0011939 105.6135145 20190810120216 
1 0.2087 0.1172 -0.2719 21.0011939 105.6135145 20190810120216 
1 -0.0285 -0.0725 -0.2408 21.0011939 105.6135145 20190810120216 
1 0.0264 0.2336 -0.3764 21.0011939 105.6135145 20190810120216 
1 0.2634 -0.1425 -0.4244 21.0011939 105.6135145 20190810120216 
1 0.1861 -0.1814 -0.4687 21.0011939 105.6135145 20190810120216 
1 -0.0503 0.0699 0.0246 21.0011939 105.6135145 20190810120216 
1 0.2099 -0.2023 -0.3174 21.0011939 105.6135145 20190810120216 
1 -0.0365 0.0469 0.2866 21.0011939 105.6135145 20190810120216 
1 0.1750 0.0773 0.3489 21.0011939 105.6135145 20190810120216 
1 -0.0816 -0.1235 0.3484 21.0011939 105.6135145 20190810120216 
1 0.1414 -0.2528 0.4423 21.0011939 105.6135145 20190810120216 
1 0.2204 0.1011 0.2483 21.0011939 105.6135145 20190810120216 
1 -0.0409 -0.1493 -0.1703 21.0011939 105.6135145 20190810120216 
1 0.0849 -0.1445 0.3154 21.0011939 105.6135145 20190810120216 
1 0.0218 -0.1018 0.5808 21.0011939 105.6135145 20190810120216 
1 0.1347 -0.1642 0.5330 21.0011939 105.6135145 20190810120216 
1 -0.0481 0.0629 0.8653 21.0011939 105.6135145 20190810120216 
1 -0.1236 -0.0810 0.2368 21.0011939 105.6135145 20190810120216 
1 0.1814 0.0437 0.2339 21.0011939 105.6135145 20190810120217 
1 0.0080 -0.0879 0.3909 21.0011939 105.6135145 20190810120217 
1 0.0660 -0.3052 0.4270 21.0011939 105.6135145 20190810120217 
1 0.1814 -0.0533 0.2627 21.0011939 105.6135145 20190810120217 
1 0.1024 -0.1408 0.4710 21.0011939 105.6135145 20190810120217 
1 -0.1256 0.1423 0.4377 21.0011939 105.6135145 20190810120217 
1 0.1488 0.1567 0.3525 21.0011939 105.6135145 20190810120217 
1 0.0767 0.2932 0.3373 21.0011939 105.6135145 20190810120217 
1 0.0712 -0.0234 0.2361 21.0011939 105.6135145 20190810120217 
1 0.1040 0.1717 -0.1626 21.0011939 105.6135145 20190810120217 
1 -0.0013 -0.0191 -0.2304 21.0011939 105.6135145 20190810120217 
1 0.2424 -0.3571 -0.2611 21.0011939 105.6135145 20190810120217 
1 -0.0092 0.1324 0.0124 21.0011939 105.6135145 20190810120217 
1 0.0239 0.1065 0.1304 21.0011939 105.6135145 20190810120217 
1 0.0758 0.1926 0.1985 21.0011939 105.6135145 20190810120217 
1 0.1776 0.0387 -0.1076 21.0011939 105.6135145 20190810120217 
1 0.0592 -0.0058 -0.1768 21.0011939 105.6135145 20190810120217 
1 0.0270 -0.0533 -0.3510 21.0011939 105.6135145 20190810120217 
1 0.0558 -0.1785 -0.3833 21.0011939 105.6135145 20190810120217 
1 0.1773 -0.0845 -0.1675 21.0011939 105.6135145 20190810120217 
1 0.1006 -0.1203 -0.2345 21.0011939 105.6135145 20190810120217 
1 -0.0075 -0.1230 -0.0190 21.0011969 105.6136604 20190810120217 
1 -0.0716 0.0330 0.2271 21.0011969 105.6136604 20190810120217 
1 0.1729 0.0124 -0.2052 21.0011969 105.6136604 20190810120217 
1 0.2111 -0.3164 -0.2450 21.0011969 105.6136604 20190810120217 
1 0.0052 -0.3055 -0.2860 21.0011969 105.6136604 20190810120217 
1 0.1567 -0.3072 -0.3547 21.0011969 105.6136604 20190810120217 
1 0.1155 -0.3452 -0.3505 21.0011969 105.6136604 20190810120217 
1 0.2187 -0.2817 -0.2462 21.0011969 105.6136604 20190810120217 
1 -0.0271 -0.1442 0.2819 21.0011969 105.6136604 20190810120217 
1 0.1389 -0.2358 0.2020 21.0011969 105.6136604 20190810120217 
1 0.2539 -0.1423 -0.0674 21.0011969 105.6136604 20190810120217 
1 0.1465 -0.1997 -0.6182 21.0011969 105.6136604 20190810120217 
1 -0.0440 -0.2859 -0.5896 21.0011969 105.6136604 20190810120217 
1 0.2205 -0.3790 -0.7634 21.0011969 105.6136604 20190810120217 
1 0.0309 -0.1926 -0.3822 21.0011969 105.6136604 20190810120217 
1 0.0927 -0.0636 -0.5139 21.0011969 105.6136604 20190810120217 
1 0.0138 -0.2387 0.0087 21.0011969 105.6136604 20190810120217 
1 0.1434 -0.1114 0.1976 21.0011969 105.6136604 20190810120217 
1 0.1255 -0.0742 0.0164 21.0011969 105.6136604 20190810120217 
1 -0.0598 -0.0438 -0.0931 21.0011969 105.6136604 20190810120217 
1 -0.0845 -0.1099 -0.3458 21.0011969 105.6136604 20190810120217 
1 0.0810 -0.1227 -0.1251 21.0011969 105.6136604 20190810120217 
1 0.0125 -0.2428 0.2845 21.0011969 105.6136604 20190810120217 
1 -0.2141 0.2063 0.9976 21.0011969 105.6136604 20190810120217 
1 0.0700 0.1757 0.7260 21.0011969 105.6136604 20190810120217 
1 0.0431 -0.0381 0.5091 21.0011969 105.6136604 20190810120217 
1 0.0270 -0.0997 0.5517 21.0011969 105.6136604 20190810120217 
1 -0.1628 0.0736 0.8422 21.0011969 105.6136604 20190810120218 
1 0.1414 0.1313 0.6391 21.0011969 105.6136604 20190810120218 
1 0.3506 -0.3564 0.3237 21.0011969 105.6136604 20190810120218 
1 0.0863 -0.4504 0.4910 21.0011969 105.6136604 20190810120218 
1 0.0474 -0.0304 0.3933 21.0011969 105.6136604 20190810120218 
1 0.1440 -0.3064 0.2108 21.0011969 105.6136604 20190810120218 
1 0.1964 -0.4063 0.5207 21.0011969 105.6136604 20190810120218 
1 0.0638 -0.1128 0.0058 21.0011969 105.6136604 20190810120218 
1 0.0894 -0.0499 -0.6311 21.0011969 105.6136604 20190810120218 
1 0.0932 -0.0829 -0.4735 21.0011969 105.6136604 20190810120218 
1 0.1223 -0.4301 -0.6177 21.0011969 105.6136604 20190810120218 
1 0.2344 -0.1720 -1.0186 21.0011969 105.6136604 20190810120218 
1 0.1054 -0.6368 -0.9374 21.0011969 105.6136604 20190810120218 
1 0.1055 -0.4951 -0.7131 21.0011969 105.6136604 20190810120218 
1 -0.1348 -0.3831 -0.8244 21.0011969 105.6136604 20190810120218 
1 -0.0011 -0.1164 -0.1266 21.0011969 105.6136604 20190810120218 
1 0.1814 -0.2737 -0.0945 21.0011969 105.6136604 20190810120218 
1 0.0251 -0.0392 -0.0305 21.0011969 105.6136604 20190810120218 
1 -0.0345 0.1779 -0.2848 21.0011969 105.6136604 20190810120218 
1 0.0566 -0.2205 -0.7407 21.0011969 105.6136604 20190810120218 
1 0.0416 -0.0449 -0.3373 21.0011969 105.6136604 20190810120218 
1 -0.0188 -0.2495 0.2577 21.0011969 105.6136604 20190810120218 
1 0.1100 0.1734 0.3404 21.0012052 105.6138047 20190810120218 
1 -0.0221 -0.1124 0.3450 21.0012052 105.6138047 20190810120218 
1 0.0243 -0.1570 0.6615 21.0012052 105.6138047 20190810120218 
1 -0.1589 0.1581 0.9773 21.0012052 105.6138047 20190810120218 
1 0.2251 0.1614 0.6113 21.0012052 105.6138047 20190810120218 
1 0.0779 0.3512 0.7812 21.0012052 105.6138047 20190810120218 
1 0.0283 0.0576 0.2477 21.0012052 105.6138047 20190810120218 
1 -0.0451 0.2087 0.3290 21.0012052 105.6138047 20190810120218 
1 0.1295 -0.1552 0.2914 21.0012052 105.6138047 20190810120218 
1 0.0764 0.2543 0.3480 21.0012052 105.6138047 20190810120218 
1 0.1096 -0.0469 -0.0188 21.0012052 105.6138047 20190810120218 
1 -0.0231 -0.0343 0.0972 21.0012052 105.6138047 20190810120218 
1 0.1336 -0.5158 -0.0970 21.0012052 105.6138047 20190810120218 
1 0.0665 0.0444 -0.1898 21.0012052 105.6138047 20190810120218 
1 0.0666 -0.1906 -0.2441 21.0012052 105.6138047 20190810120218 
1 0.1199 -0.1603 0.1918 21.0012052 105.6138047 20190810120218 
1 0.1391 0.0199 -0.1242 21.0012052 105.6138047 20190810120218 
1 0.1205 -0.2121 -0.4265 21.0012052 105.6138047 20190810120218 
1 -0.0432 -0.0738 -0.1290 21.0012052 105.6138047 20190810120218 
1 0.0851 -0.4180 -0.4945 21.0012052 105.6138047 20190810120218 
1 0.0638 -0.0015 -0.5683 21.0012052 105.6138047 20190810120218 
1 -0.0201 -0.4060 -0.1758 21.0012052 105.6138047 20190810120218 
1 0.0201 0.0460 0.1259 21.0012052 105.6138047 20190810120218 
1 0.0637 0.1065 0.0318 21.0012052 105.6138047 20190810120218 
1 0.1560 -0.0446 0.0697 21.0012052 105.6138047 20190810120218 
1 0.1267 -0.1967 -0.2041 21.0012052 105.6138047 20190810120218 
1 0.0180 -0.0933 -0.2173 21.0012052 105.6138047 20190810120218 
1 0.0918 -0.1300 0.0448 21.0012052 105.6138047 20190810120218 
1 0.1098 -0.1487 0.0541 21.0012052 105.6138047 20190810120218 
1 0.1086 -0.0144 0.1641 21.0012052 105.6138047 20190810120219 
1 0.0370 0.1733 0.2172 21.0012052 105.6138047 20190810120219 
1 0.0028 -0.0774 0.0394 21.0012052 105.6138047 20190810120219 
1 -0.0297 0.1752 0.2638 21.0012052 105.6138047 20190810120219 
1 0.0692 0.2661 0.0876 21.0012052 105.6138047 20190810120219 
1 0.0517 0.0354 -0.0337 21.0012052 105.6138047 20190810120219 
1 0.0197 0.1840 0.0937 21.0012052 105.6138047 20190810120219 
1 -0.0154 0.0424 -0.0102 21.0012052 105.6138047 20190810120219 
1 0.0818 0.0828 0.0719 21.0012052 105.6138047 20190810120219 
1 -0.0259 -0.0443 0.2738 21.0012052 105.6138047 20190810120219 
1 0.0818 0.3087 0.2927 21.0012052 105.6138047 20190810120219 
1 0.0111 0.2296 0.1785 21.0012052 105.6138047 20190810120219 
1 -0.0422 0.1946 0.1798 21.0012052 105.6138047 20190810120219 
1 0.0733 0.2334 0.2068 21.0012052 105.6138047 20190810120219 
1 0.0872 0.3794 0.0884 21.0012052 105.6138047 20190810120219 
1 0.0034 0.2435 0.1940 21.0012052 105.6138047 20190810120219 
1 0.0882 -0.0240 0.1387 21.0012052 105.6138047 20190810120219 
1 -0.0692 0.3984 0.1594 21.0012052 105.6138047 20190810120219 
1 0.1465 -0.0296 -0.2023 21.0012052 105.6138047 20190810120219 
1 0.0773 -0.0608 0.0251 21.0012052 105.6138047 20190810120219 
1 0.0470 0.0714 -0.3806 21.0012052 105.6138047 20190810120219 
1 0.0318 0.0436 -0.2292 21.0012052 105.6138047 20190810120219 
1 0.0679 -0.2072 -0.0462 21.0012044 105.6139505 20190810120219 
1 -0.0139 0.0225 0.0338 21.0012044 105.6139505 20190810120219 
1 0.1029 0.0508 0.0046 21.0012044 105.6139505 20190810120219 
1 0.0682 0.0330 0.1992 21.0012044 105.6139505 20190810120219 
1 0.0551 -0.1434 0.0533 21.0012044 105.6139505 20190810120219 
1 -0.0130 0.0475 -0.0028 21.0012044 105.6139505 20190810120219 
1 0.0460 -0.0787 -0.3344 21.0012044 105.6139505 20190810120219 
1 0.1756 -0.2515 -0.3181 21.0012044 105.6139505 20190810120219 
1 -0.0550 -0.0172 0.0126 21.0012044 105.6139505 20190810120219 
1 -0.0031 -0.1746 -0.1070 21.0012044 105.6139505 20190810120219 
1 -0.0964 0.0513 0.2169 21.0012044 105.6139505 20190810120219 
1 0.2090 0.0643 -0.2564 21.0012044 105.6139505 20190810120219 
1 -0.1431 0.1523 -0.1300 21.0012044 105.6139505 20190810120219 
1 -0.1589 0.1080 0.4179 21.0012044 105.6139505 20190810120219 
1 0.1518 0.0593 -0.0083 21.0012044 105.6139505 20190810120219 
1 0.2612 -0.0027 -0.4185 21.0012044 105.6139505 20190810120219 
1 -0.1427 0.0426 0.1333 21.0012044 105.6139505 20190810120219 
1 0.0446 0.0170 0.0856 21.0012044 105.6139505 20190810120219 
1 0.0161 -0.0132 0.2290 21.0012044 105.6139505 20190810120219 
1 0.1602 0.4018 0.1110 21.0012044 105.6139505 20190810120219 
1 0.0471 -0.2447 -0.1217 21.0012044 105.6139505 20190810120219 
1 -0.1221 0.3911 0.4420 21.0012044 105.6139505 20190810120219 
1 0.0839 0.0383 -0.0395 21.0012044 105.6139505 20190810120219 
1 0.2537 0.1500 -0.4064 21.0012044 105.6139505 20190810120219 
1 -0.0040 -0.2057 0.0251 21.0012044 105.6139505 20190810120219 
1 0.0456 0.0720 -0.1559 21.0012044 105.6139505 20190810120219 
1 0.0756 -0.1752 -0.3080 21.0012044 105.6139505 20190810120220 
1 0.0939 -0.3181 -0.1630 21.0012044 105.6139505 20190810120220 
1 0.0093 -0.1858 -0.0798 21.0012044 105.6139505 20190810120220 
1 0.0838 -0.0475 -0.2620 21.0012044 105.6139505 20190810120220 
1 0.0837 0.0338 -0.0565 21.0012044 105.6139505 20190810120220 
1 0.0361 -0.2368 -0.4247 21.0012044 105.6139505 20190810120220 
1 0.0079 0.0138 -0.2916 21.0012044 105.6139505 20190810120220 
1 0.0949 -0.2497 -0.2257 21.0012044 105.6139505 20190810120220 
1 0.0205 0.1578 0.1857 21.0012044 105.6139505 20190810120220 
1 0.0563 -0.2275 -0.1385 21.0012044 105.6139505 20190810120220 
1 0.0055 0.0240 0.2797 21.0012044 105.6139505 20190810120220 
1 0.0236 -0.2925 0.1622 21.0012044 105.6139505 20190810120220 
1 0.0119 0.0733 0.1322 21.0012044 105.6139505 20190810120220 
1 0.0769 0.0480 -0.3014 21.0012044 105.6139505 20190810120220 
1 -0.0964 -0.2299 0.0811 21.0012044 105.6139505 20190810120220 
1 -0.0550 0.2478 0.3766 21.0012044 105.6139505 20190810120220 
1 0.3303 -0.2071 -0.2012 21.0012044 105.6139505 20190810120220 
1 -0.0320 0.3831 0.2866 21.0012044 105.6139505 20190810120220 
1 -0.0674 -0.2124 0.2121 21.0012044 105.6139505 20190810120220 
1 -0.0163 0.0919 0.5372 21.0012044 105.6139505 20190810120220 
1 0.2686 -0.1775 0.0592 21.0012044 105.6139505 20190810120220 
1 0.0157 0.2099 -0.0893 21.0012044 105.6139505 20190810120220 
1 0.0635 -0.0649 -0.2406 21.0012044 105.6139505 20190810120220 
1 0.0111 0.1234 0.0345 21.0012044 105.6139505 20190810120220 
1 0.1544 0.1543 -0.1711 21.0012081 105.6141048 20190810120220 
1 0.1265 -0.0028 -0.2190 21.0012081 105.6141048 20190810120220 
1 0.1118 -0.1807 -0.0631 21.0012081 105.6141048 20190810120220 
1 -0.0547 0.0193 0.1049 21.0012081 105.6141048 20190810120220 
1 0.0290 0.1225 -0.5571 21.0012081 105.6141048 20190810120220 
1 0.2340 0.0416 -0.5467 21.0012081 105.6141048 20190810120220 
1 -0.0097 -0.0367 -0.1865 21.0012081 105.6141048 20190810120220 
1 -0.0542 -0.0489 -0.1436 21.0012081 105.6141048 20190810120220 
1 0.1010 0.0196 -0.2446 21.0012081 105.6141048 20190810120220 
1 0.0904 -0.1089 -0.2292 21.0012081 105.6141048 20190810120220 
1 0.0457 -0.1091 -0.3005 21.0012081 105.6141048 20190810120220 
1 0.0063 0.1271 0.1090 21.0012081 105.6141048 20190810120220 
1 0.0388 0.3298 0.1114 21.0012081 105.6141048 20190810120220 
1 0.1009 0.0825 -0.1948 21.0012081 105.6141048 20190810120220 
1 0.0730 -0.2286 -0.4479 21.0012081 105.6141048 20190810120220 
1 -0.1050 -0.2267 0.0967 21.0012081 105.6141048 20190810120220 
1 0.0816 -0.2356 0.3506 21.0012081 105.6141048 20190810120220 
1 0.2044 -0.1113 0.1945 21.0012081 105.6141048 20190810120220 
1 0.1765 0.1936 -0.1227 21.0012081 105.6141048 20190810120220 
1 -0.0423 -0.0026 0.1771 21.0012081 105.6141048 20190810120220 
1 0.2273 0.1675 -0.0271 21.0012081 105.6141048 20190810120220 
1 0.1315 0.0090 -0.1965 21.0012081 105.6141048 20190810120220 
1 0.1021 -0.0863 -0.1559 21.0012081 105.6141048 20190810120220 
1 0.0801 0.0404 0.0654 21.0012081 105.6141048 20190810120220 
1 0.0090 0.0023 -0.3116 21.0012081 105.6141048 20190810120220 
1 0.0224 0.1369 -0.2206 21.0012081 105.6141048 20190810120220 
1 0.0230 0.1727 -0.4182 21.0012081 105.6141048 20190810120221 
1 -0.0095 -0.0011 -0.0253 21.0012081 105.6141048 20190810120221 
1 0.0862 0.0331 -0.1218 21.0012081 105.6141048 20190810120221 
1 0.0415 -0.0700 -0.5286 21.0012081 105.6141048 20190810120221 
1 -0.0773 -0.2156 -0.1158 21.0012081 105.6141048 20190810120221 
1 -0.0374 0.2084 0.5141 21.0012081 105.6141048 20190810120221 
1 0.1244 -0.0060 0.0737 21.0012081 105.6141048 20190810120221 
1 0.2612 -0.1150 0.1628 21.0012081 105.6141048 20190810120221 
1 -0.0734 0.0758 0.4406 21.0012081 105.6141048 20190810120221 
1 0.0539 -0.0328 0.0151 21.0012081 105.6141048 20190810120221 
1 0.0884 -0.2176 0.2333 21.0012081 105.6141048 20190810120221 
1 0.1976 -0.0510 0.4678 21.0012081 105.6141048 20190810120221 
1 0.0106 -0.0128 -0.1065 21.0012081 105.6141048 20190810120221 
1 -0.0204 -0.0877 0.1156 21.0012081 105.6141048 20190810120221 
1 0.1641 -0.2348 0.1001 21.0012081 105.6141048 20190810120221 
1 0.1371 0.1392 -0.6136 21.0012081 105.6141048 20190810120221 
1 -0.0810 0.0205 -0.3053 21.0012081 105.6141048 20190810120221 
1 0.1106 -0.2095 0.0528 21.0012081 105.6141048 20190810120221 
1 0.0540 -0.0772 -0.1485 21.0012081 105.6141048 20190810120221 
1 0.0564 -0.0274 0.0632 21.0012081 105.6141048 20190810120221 
1 0.0453 -0.0109 -0.1937 21.0012081 105.6141048 20190810120221 
1 0.0643 -0.0920 -0.4024 21.0012073 105.6142508 20190810120221 
1 -0.0630 -0.0877 -0.0662 21.0012073 105.6142508 20190810120221 
1 0.0469 0.0221 0.0884 21.0012073 105.6142508 20190810120221 
1 -0.0346 0.1745 0.1577 21.0012073 105.6142508 20190810120221 
1 0.2004 -0.2604 -0.3554 21.0012073 105.6142508 20190810120221 
1 -0.0581 -0.1164 0.2258 21.0012073 105.6142508 20190810120221 
1 -0.0299 -0.2131 0.1420 21.0012073 105.6142508 20190810120221 
1 -0.0332 -0.2651 0.6128 21.0012073 105.6142508 20190810120221 
1 0.2242 -0.1361 0.0306 21.0012073 105.6142508 20190810120221 
1 -0.0619 0.1115 0.2545 21.0012073 105.6142508 20190810120221 
1 0.1256 -0.2565 -0.0370 21.0012073 105.6142508 20190810120221 
1 0.0490 0.1407 0.2256 21.0012073 105.6142508 20190810120221 
1 0.1141 -0.0450 -0.4204 21.0012073 105.6142508 20190810120221 
1 -0.0226 -0.2058 0.4070 21.0012073 105.6142508 20190810120221 
1 0.0806 -0.3651 0.2827 21.0012073 105.6142508 20190810120221 
1 -0.2264 0.1241 0.7906 21.0012073 105.6142508 20190810120221 
1 -0.1164 0.1436 0.5919 21.0012073 105.6142508 20190810120221 
1 0.0912 -0.0018 0.4449 21.0012073 105.6142508 20190810120221 
1 -0.2277 0.2390 0.4122 21.0012073 105.6142508 20190810120221 
1 -0.1219 -0.0376 0.0369 21.0012073 105.6142508 20190810120221 
1 -0.0178 -0.2358 0.1205 21.0012073 105.6142508 20190810120221 
1 -0.0234 -0.1627 0.4636 21.0012073 105.6142508 20190810120221 
1 -0.0161 0.4324 0.5740 21.0012073 105.6142508 20190810120221 
1 -0.0465 -0.0733 0.9421 21.0012073 105.6142508 20190810120221 
1 0.2227 0.4771 0.9343 21.0012073 105.6142508 20190810120221 
1 0.0945 -0.0199 0.5852 21.0012073 105.6142508 20190810120221 
1 -0.0540 0.0228 0.6197 21.0012073 105.6142508 20190810120221 
1 0.0961 -0.3571 0.4026 21.0012073 105.6142508 20190810120222 
1 0.2507 0.0135 -0.3826 21.0012073 105.6142508 20190810120222 
1 0.0543 -0.1111 -0.6513 21.0012073 105.6142508 20190810120222 
1 0.0098 0.0423 -0.1983 21.0012073 105.6142508 20190810120222 
1 0.0596 -0.2448 -0.4107 21.0012073 105.6142508 20190810120222 
1 0.1666 0.1678 -0.7258 21.0012073 105.6142508 20190810120222 
1 0.0548 -0.3334 -0.5656 21.0012073 105.6142508 20190810120222 
1 0.1342 0.0482 -0.7332 21.0012073 105.6142508 20190810120222 
1 0.0880 -0.5224 -1.2168 21.0012073 105.6142508 20190810120222 
1 -0.0457 0.1923 -0.4962 21.0012073 105.6142508 20190810120222 
1 0.1620 0.0434 -1.1457 21.0012073 105.6142508 20190810120222 
1 0.0499 -0.1806 -1.0600 21.0012073 105.6142508 20190810120222 
1 -0.0954 -0.2249 -0.2599 21.0012073 105.6142508 20190810120222 
1 0.1266 0.1001 -0.6511 21.0012073 105.6142508 20190810120222 
1 0.0460 0.0160 -0.5273 21.0012073 105.6142508 20190810120222 
1 -0.0809 -0.2455 -0.3651 21.0012073 105.6142508 20190810120222 
1 -0.0386 -0.1360 -0.3154 21.0012073 105.6142508 20190810120222 
1 -0.0356 -0.2014 -0.0523 21.0012073 105.6142508 20190810120222 
1 -0.1286 0.4091 0.6334 21.0012073 105.6142508 20190810120222 
1 0.0657 -0.6720 0.3121 21.0012073 105.6142508 20190810120222 
1 -0.0763 0.3048 0.7052 21.0012073 105.6142508 20190810120222 
1 -0.1051 0.0334 -0.1379 21.0012073 105.6142508 20190810120222 
1 -0.0584 0.2883 0.5990 21.0012208 105.6143997 20190810120222 
1 -0.1676 -0.1029 1.0918 21.0012208 105.6143997 20190810120222 
1 0.1049 -0.0158 0.9753 21.0012208 105.6143997 20190810120222 
1 -0.0235 -0.1212 0.4851 21.0012208 105.6143997 20190810120222 
1 -0.0825 0.1423 0.8932 21.0012208 105.6143997 20190810120222 
1 0.0020 -0.2251 0.4548 21.0012208 105.6143997 20190810120222 
1 0.0539 0.0711 0.7254 21.0012208 105.6143997 20190810120222 
1 0.0789 0.1754 0.2505 21.0012208 105.6143997 20190810120222 
1 -0.1545 0.3678 0.6784 21.0012208 105.6143997 20190810120222 
1 0.2440 -0.1317 0.1154 21.0012208 105.6143997 20190810120222 
1 -0.0233 0.0560 0.4095 21.0012208 105.6143997 20190810120222 
1 0.0501 -0.1711 -0.1767 21.0012208 105.6143997 20190810120222 
1 0.0980 0.0471 -0.2373 21.0012208 105.6143997 20190810120222 
1 0.0783 -0.3036 -0.3693 21.0012208 105.6143997 20190810120222 
1 0.0327 0.2632 -0.2287 21.0012208 105.6143997 20190810120222 
1 -0.0274 -0.1416 -0.3964 21.0012208 105.6143997 20190810120222 
1 0.0839 0.1647 0.0438 21.0012208 105.6143997 20190810120222 
1 0.0492 -0.0655 -0.5024 21.0012208 105.6143997 20190810120222 
1 0.0406 -0.2939 -0.5254 21.0012208 105.6143997 20190810120222 
1 -0.1568 0.3171 -0.2183 21.0012208 105.6143997 20190810120222 
1 0.1086 -0.5122 -0.9235 21.0012208 105.6143997 20190810120222 
1 -0.1392 0.5267 0.4467 21.0012208 105.6143997 20190810120222 
1 0.2702 -0.4753 -0.4547 21.0012208 105.6143997 20190810120222 
1 -0.1075 0.7330 0.4973 21.0012208 105.6143997 20190810120222 
1 -0.0407 -0.2194 -0.2070 21.0012208 105.6143997 20190810120222 
1 0.0571 0.2534 0.1053 21.0012208 105.6143997 20190810120222 
1 0.0750 -0.1106 0.0180 21.0012208 105.6143997 20190810120222 
1 0.0872 -0.0516 -0.1542 21.0012208 105.6143997 20190810120222 
1 -0.0969 0.0026 0.2416 21.0012208 105.6143997 20190810120222 
1 0.0032 0.1827 -0.0603 21.0012208 105.6143997 20190810120222 
1 0.1772 -0.3800 -0.1594 21.0012208 105.6143997 20190810120223 
1 -0.1922 0.3531 0.2280 21.0012208 105.6143997 20190810120223 
1 0.0488 0.0822 -0.1618 21.0012208 105.6143997 20190810120223 
1 0.0251 0.0386 -0.1854 21.0012208 105.6143997 20190810120223 
1 0.0692 -0.2245 0.0039 21.0012208 105.6143997 20190810120223 
1 0.1650 -0.0918 -0.3866 21.0012208 105.6143997 20190810120223 
1 -0.0666 -0.1767 -0.3653 21.0012208 105.6143997 20190810120223 
1 0.0415 0.0009 -0.2246 21.0012208 105.6143997 20190810120223 
1 -0.0789 0.0592 -0.0243 21.0012208 105.6143997 20190810120223 
1 0.0232 0.0745 0.0195 21.0012208 105.6143997 20190810120223 
1 0.2044 0.0098 -0.2139 21.0012208 105.6143997 20190810120223 
1 0.0205 0.1998 -0.4514 21.0012208 105.6143997 20190810120223 
1 0.0654 -0.2486 -0.6068 21.0012208 105.6143997 20190810120223 
1 0.1090 -0.1324 -0.3793 21.0012208 105.6143997 20190810120223 
1 0.1075 -0.3109 -0.2094 21.0012208 105.6143997 20190810120223 
1 0.0049 -0.0023 0.0085 21.0012208 105.6143997 20190810120223 
1 0.0811 -0.1977 0.0060 21.0012208 105.6143997 20190810120223 
1 0.0013 0.1501 0.0882 21.0012208 105.6143997 20190810120223 
1 0.1119 0.0305 -0.1242 21.0012208 105.6143997 20190810120223 
1 0.0544 -0.1938 -0.1355 21.0012208 105.6143997 20190810120223 
1 0.0690 0.1107 -0.0626 21.0012263 105.6145556 20190810120223 
1 0.1470 -0.1689 -0.2945 21.0012263 105.6145556 20190810120223 
1 0.0759 -0.0390 0.1869 21.0012263 105.6145556 20190810120223 
1 0.0360 -0.0850 -0.0759 21.0012263 105.6145556 20190810120223 
1 -0.0617 0.1626 0.0419 21.0012263 105.6145556 20190810120223 
1 0.1493 -0.1193 -0.1912 21.0012263 105.6145556 20190810120223 
1 0.0771 0.0566 -0.0616 21.0012263 105.6145556 20190810120223 
1 -0.0208 -0.0252 -0.0368 21.0012263 105.6145556 20190810120223 
1 0.0775 -0.1639 0.0538 21.0012263 105.6145556 20190810120223 
1 0.0467 0.0292 -0.0418 21.0012263 105.6145556 20190810120223 
1 0.0202 0.1490 -0.0302 21.0012263 105.6145556 20190810120223 
1 -0.0191 -0.1629 -0.1074 21.0012263 105.6145556 20190810120223 
1 -0.0380 0.0556 0.3361 21.0012263 105.6145556 20190810120223 
1 0.0164 0.1694 -0.0382 21.0012263 105.6145556 20190810120223 
1 0.0285 0.1465 0.0799 21.0012263 105.6145556 20190810120223 
1 0.0765 -0.0636 0.2134 21.0012263 105.6145556 20190810120223 
1 0.1165 0.1053 -0.3313 21.0012263 105.6145556 20190810120223 
1 -0.1471 0.1864 -0.2693 21.0012263 105.6145556 20190810120223 
1 -0.1151 0.2424 0.4520 21.0012263 105.6145556 20190810120223 
1 0.2324 -0.0873 0.1519 21.0012263 105.6145556 20190810120223 
1 0.1288 -0.1116 0.1617 21.0012263 105.6145556 20190810120223 
1 -0.1829 0.1212 0.1598 21.0012263 105.6145556 20190810120223 
1 -0.0751 0.1222 0.3251 21.0012263 105.6145556 20190810120223 
1 0.0692 -0.2816 -0.0580 21.0012263 105.6145556 20190810120223 
1 0.1578 0.2146 -0.1794 21.0012263 105.6145556 20190810120223 
1 -0.0505 0.1065 0.1086 21.0012263 105.6145556 20190810120223 
1 -0.2495 0.0467 1.0875 21.0012263 105.6145556 20190810120223 
1 0.2417 0.0539 0.3587 21.0012263 105.6145556 20190810120223 
1 0.2130 0.2793 -0.1798 21.0012263 105.6145556 20190810120223 
1 -0.1531 -0.2897 0.2011 21.0012263 105.6145556 20190810120223 
1 -0.0658 0.2406 0.4654 21.0012263 105.6145556 20190810120224 
1 0.1496 -0.3124 -0.1961 21.0012263 105.6145556 20190810120224 
1 0.2277 0.0161 0.0607 21.0012263 105.6145556 20190810120224 
1 -0.1689 -0.0905 -0.0323 21.0012263 105.6145556 20190810120224 
1 -0.0595 0.1109 0.3906 21.0012263 105.6145556 20190810120224 
1 0.1465 -0.0342 0.0802 21.0012263 105.6145556 20190810120224 
1 0.1341 0.0108 -0.1685 21.0012263 105.6145556 20190810120224 
1 -0.0561 0.1352 -0.2008 21.0012263 105.6145556 20190810120224 
1 0.0514 -0.1666 -0.3600 21.0012263 105.6145556 20190810120224 
1 -0.0455 0.1016 -0.0844 21.0012263 105.6145556 20190810120224 
1 0.0049 0.2893 -0.1136 21.0012263 105.6145556 20190810120224 
1 0.0992 0.0767 -0.1721 21.0012263 105.6145556 20190810120224 
1 -0.0440 -0.0325 0.2151 21.0012263 105.6145556 20190810120224 
1 0.0061 0.3162 0.1247 21.0012263 105.6145556 20190810120224 
1 0.0067 0.0775 0.0604 21.0012263 105.6145556 20190810120224 
1 -0.0033 0.2346 0.1539 21.0012263 105.6145556 20190810120224 
1 0.0854 0.1620 0.0585 21.0012263 105.6145556 20190810120224 
1 -0.0927 0.3572 0.1428 21.0012263 105.6145556 20190810120224 
1 -0.0115 0.2514 0.3873 21.0012263 105.6145556 20190810120224 
1 0.1763 -0.0069 -0.0168 21.0012263 105.6145556 20190810120224 
1 0.1145 0.0877 -0.0829 21.001237 105.6147119 20190810120224 
1 -0.1310 0.2901 0.1135 21.001237 105.6147119 20190810120224 
1 0.0036 0.1379 0.2577 21.001237 105.6147119 20190810120224 
1 0.0500 -0.2394 0.0175 21.001237 105.6147119 20190810120224 
1 0.0459 0.4290 0.3468 21.001237 105.6147119 20190810120224 
1 -0.0182 -0.1256 -0.1734 21.001237 105.6147119 20190810120224 
1 -0.0479 -0.1255 0.2472 21.001237 105.6147119 20190810120224 
1 0.1078 -0.1386 -0.2851 21.001237 105.6147119 20190810120224 
1 0.0734 0.1394 -0.5849 21.001237 105.6147119 20190810120224 
1 -0.1450 0.0186 -0.2716 21.001237 105.6147119 20190810120224 
1 0.0430 -0.1173 0.1425 21.001237 105.6147119 20190810120224 
1 0.0903 0.0736 -0.1197 21.001237 105.6147119 20190810120224 
1 0.0169 -0.0708 -0.1803 21.001237 105.6147119 20190810120224 
1 0.0282 -0.1746 -0.3217 21.001237 105.6147119 20190810120224 
1 -0.1900 0.0458 -0.0132 21.001237 105.6147119 20190810120224 
1 0.2261 -0.1766 -0.4674 21.001237 105.6147119 20190810120224 
1 0.0468 0.0380 0.1103 21.001237 105.6147119 20190810120224 
1 0.0537 -0.0872 -0.3313 21.001237 105.6147119 20190810120224 
1 -0.0168 0.0601 -0.1032 21.001237 105.6147119 20190810120224 
1 0.0141 -0.2265 -0.3426 21.001237 105.6147119 20190810120224 
1 0.1561 -0.1135 -0.5010 21.001237 105.6147119 20190810120224 
1 -0.1272 0.1955 -0.1302 21.001237 105.6147119 20190810120224 
1 -0.0162 -0.3553 -0.0829 21.001237 105.6147119 20190810120224 
1 0.0770 0.2466 -0.0213 21.001237 105.6147119 20190810120224 
1 -0.0044 0.0257 -0.1371 21.001237 105.6147119 20190810120224 
1 -0.0703 0.4800 0.1507 21.001237 105.6147119 20190810120224 
1 0.1400 -0.5094 -0.1009 21.001237 105.6147119 20190810120224 
1 0.0022 0.3523 0.0900 21.001237 105.6147119 20190810120224 
1 0.0604 0.0634 -0.4932 21.001237 105.6147119 20190810120224 
1 0.0924 0.1279 -0.1481 21.001237 105.6147119 20190810120225 
1 -0.1373 -0.1979 0.6698 21.001237 105.6147119 20190810120225 
1 0.0820 0.3818 0.4229 21.001237 105.6147119 20190810120225 
1 0.0485 0.0372 -0.1776 21.001237 105.6147119 20190810120225 
1 -0.0357 0.1626 0.5246 21.001237 105.6147119 20190810120225 
1 0.0410 0.0344 -0.0161 21.001237 105.6147119 20190810120225 
1 0.0381 -0.1422 -0.2274 21.001237 105.6147119 20190810120225 
1 -0.0144 0.1532 -0.0673 21.001237 105.6147119 20190810120225 
1 0.1944 -0.2322 -0.8977 21.001237 105.6147119 20190810120225 
1 -0.3216 -0.0507 0.6387 21.001237 105.6147119 20190810120225 
1 -0.1283 0.1251 0.7427 21.001237 105.6147119 20190810120225 
1 0.2601 0.2885 -0.2809 21.001237 105.6147119 20190810120225 
1 0.0073 0.0147 0.0020 21.001237 105.6147119 20190810120225 
1 -0.0550 -0.0215 0.2896 21.001237 105.6147119 20190810120225 
1 -0.1505 -0.0222 0.1017 21.001237 105.6147119 20190810120225 
1 0.1200 -0.2936 -0.2578 21.001237 105.6147119 20190810120225 
1 0.1866 0.2382 0.1119 21.001237 105.6147119 20190810120225 
1 -0.2388 -0.2358 0.5343 21.001237 105.6147119 20190810120225 
1 -0.0311 0.3850 1.0576 21.001237 105.6147119 20190810120225 
1 0.1635 0.1346 0.1537 21.001237 105.6147119 20190810120225 
1 0.0383 0.1725 -0.1700 21.001237 105.6147119 20190810120225 
1 -0.0805 0.1272 0.3237 21.001234 105.6148768 20190810120225 
1 -0.0272 -0.1747 0.1203 21.001234 105.6148768 20190810120225 
1 0.0559 0.2317 -0.0156 21.001234 105.6148768 20190810120225 
1 -0.0038 -0.1805 0.1446 21.001234 105.6148768 20190810120225 
1 0.0414 -0.0153 0.1016 21.001234 105.6148768 20190810120225 
1 -0.0157 -0.1252 0.0499 21.001234 105.6148768 20190810120225 
1 -0.0043 0.0926 -0.1195 21.001234 105.6148768 20190810120225 
1 0.0006 -0.1162 -0.0569 21.001234 105.6148768 20190810120225 
1 0.0657 0.0077 0.2614 21.001234 105.6148768 20190810120225 
1 0.1503 -0.0567 -0.2216 21.001234 105.6148768 20190810120225 
1 -0.0314 0.0388 -0.3574 21.001234 105.6148768 20190810120225 
1 0.0183 0.0092 -0.3216 21.001234 105.6148768 20190810120225 
1 0.0136 -0.0349 -0.3419 21.001234 105.6148768 20190810120225 
1 0.0133 -0.0098 0.0619 21.001234 105.6148768 20190810120225 
1 -0.0039 0.3081 -0.2122 21.001234 105.6148768 20190810120225 
1 0.0975 0.0462 -0.3140 21.001234 105.6148768 20190810120225 
1 0.0023 -0.0235 -0.0807 21.001234 105.6148768 20190810120225 
1 -0.0152 0.3177 -0.2063 21.001234 105.6148768 20190810120225 
1 -0.0244 0.0021 -0.3701 21.001234 105.6148768 20190810120225 
1 -0.0402 0.1441 -0.1086 21.001234 105.6148768 20190810120225 
1 0.0450 0.1285 -0.4700 21.001234 105.6148768 20190810120225 
1 -0.0377 0.3157 -0.0548 21.001234 105.6148768 20190810120225 
1 -0.0453 0.0411 -0.0266 21.001234 105.6148768 20190810120225 
1 -0.0283 0.3629 0.1151 21.001234 105.6148768 20190810120225 
1 -0.0722 0.0076 0.0838 21.001234 105.6148768 20190810120225 
1 0.0333 0.1373 0.2391 21.001234 105.6148768 20190810120225 
1 -0.0536 0.1292 0.2831 21.001234 105.6148768 20190810120225 
1 -0.1421 0.0419 0.4056 21.001234 105.6148768 20190810120226 
1 -0.0042 0.2822 0.4872 21.001234 105.6148768 20190810120226 
1 -0.0284 0.2174 0.2870 21.001234 105.6148768 20190810120226 
1 -0.0770 0.0670 0.2442 21.001234 105.6148768 20190810120226 
1 -0.0957 0.0528 0.5625 21.001234 105.6148768 20190810120226 
1 -0.1146 0.1132 0.5779 21.001234 105.6148768 20190810120226 
1 0.1241 -0.2100 0.1352 21.001234 105.6148768 20190810120226 
1 -0.0758 0.2423 0.5518 21.001234 105.6148768 20190810120226 
1 -0.0792 -0.1529 0.2566 21.001234 105.6148768 20190810120226 
1 -0.0584 0.0355 0.5611 21.001234 105.6148768 20190810120226 
1 0.0832 -0.0857 0.3421 21.001234 105.6148768 20190810120226 
1 0.0471 0.0926 -0.0819 21.001234 105.6148768 20190810120226 
1 -0.1036 -0.1229 -0.1696 21.001234 105.6148768 20190810120226 
1 -0.0913 0.1161 0.0112 21.001234 105.6148768 20190810120226 
1 -0.0299 -0.0772 -0.3270 21.001234 105.6148768 20190810120226 
1 0.0024 -0.0254 -0.1206 21.001234 105.6148768 20190810120226 
1 -0.0541 0.1392 -0.0622 21.001234 105.6148768 20190810120226 
1 -0.0625 -0.1014 0.0478 21.001234 105.6148768 20190810120226 
1 -0.1288 0.0538 -0.0990 21.001234 105.6148768 20190810120226 
1 -0.0083 -0.1406 -0.3439 21.001234 105.6148768 20190810120226 
1 -0.1926 0.1914 -0.1367 21.001234 105.6148768 20190810120226 
1 -0.0947 -0.0797 0.1034 21.001234 105.6148768 20190810120226 
1 -0.1128 0.0451 0.2153 21.001234 105.6148768 20190810120226 
1 -0.1357 -0.0482 0.2094 21.001241 105.6150391 20190810120226 
1 -0.0903 0.2230 0.2112 21.001241 105.6150391 20190810120226 
1 -0.0733 0.0746 0.0725 21.001241 105.6150391 20190810120226 
1 -0.1470 -0.1269 0.1946 21.001241 105.6150391 20190810120226 
1 -0.1307 0.1006 0.4913 21.001241 105.6150391 20190810120226 
1 -0.0704 -0.2403 0.2076 21.001241 105.6150391 20190810120226 
1 -0.0326 -0.3226 0.2712 21.001241 105.6150391 20190810120226 
1 -0.0738 -0.1633 -0.0678 21.001241 105.6150391 20190810120226 
1 -0.1522 -0.1449 0.2655 21.001241 105.6150391 20190810120226 
1 -0.0073 -0.2107 0.1884 21.001241 105.6150391 20190810120226 
1 -0.1167 -0.0373 0.1358 21.001241 105.6150391 20190810120226 
1 -0.1092 0.0234 0.0687 21.001241 105.6150391 20190810120226 
1 -0.0984 -0.2328 -0.1364 21.001241 105.6150391 20190810120226 
1 -0.1605 -0.0925 -0.3804 21.001241 105.6150391 20190810120226 
1 -0.0675 -0.1135 -0.6391 21.001241 105.6150391 20190810120226 
1 -0.0620 -0.3412 -0.6423 21.001241 105.6150391 20190810120226 
1 -0.0268 -0.2982 -0.6068 21.001241 105.6150391 20190810120226 
1 -0.0447 0.0474 -0.6958 21.001241 105.6150391 20190810120226 
1 0.0535 -0.4295 -0.7433 21.001241 105.6150391 20190810120226 
1 -0.1013 0.1348 -0.2873 21.001241 105.6150391 20190810120226 
1 -0.0279 -0.3326 -0.5842 21.001241 105.6150391 20190810120226 
1 -0.0703 0.0291 -0.4832 21.001241 105.6150391 20190810120226 
1 0.0096 -0.3359 -0.7227 21.001241 105.6150391 20190810120226 
1 -0.1115 0.0094 -0.8054 21.001241 105.6150391 20190810120226 
1 -0.1180 -0.5182 -0.9408 21.001241 105.6150391 20190810120226 
1 -0.1692 0.1220 -0.3290 21.001241 105.6150391 20190810120226 
1 0.0337 -0.2426 -0.9748 21.001241 105.6150391 20190810120226 
1 -0.1557 -0.3173 -0.6000 21.001241 105.6150391 20190810120226 
1 -0.2183 -0.3763 -0.1448 21.001241 105.6150391 20190810120226 
1 -0.0211 -0.1696 -0.2006 21.001241 105.6150391 20190810120227 
1 -0.0650 -0.2737 -0.0585 21.001241 105.6150391 20190810120227 
1 -0.1886 0.1751 0.4539 21.001241 105.6150391 20190810120227 
1 -0.0498 -0.4580 -0.0009 21.001241 105.6150391 20190810120227 
1 -0.0600 0.0125 0.4265 21.001241 105.6150391 20190810120227 
1 -0.1209 -0.1633 0.2232 21.001241 105.6150391 20190810120227 
1 -0.1732 -0.1672 0.4103 21.001241 105.6150391 20190810120227 
1 -0.2321 -0.1036 0.8376 21.001241 105.6150391 20190810120227 
1 -0.1224 0.0125 0.4833 21.001241 105.6150391 20190810120227 
1 -0.0553 0.0913 -0.0411 21.001241 105.6150391 20190810120227 
1 -0.2992 -0.3992 0.5224 21.001241 105.6150391 20190810120227 
1 -0.1427 -0.2373 0.2618 21.001241 105.6150391 20190810120227 
1 -0.0378 -0.4994 -0.1847 21.001241 105.6150391 20190810120227 
1 -0.0732 -0.2194 0.1422 21.001241 105.6150391 20190810120227 
1 -0.1428 -0.2804 0.1819 21.001241 105.6150391 20190810120227 
1 -0.3182 0.0344 0.5941 21.001241 105.6150391 20190810120227 
1 0.0446 -0.1655 0.6291 21.001241 105.6150391 20190810120227 
1 0.0951 -0.2351 -0.3644 21.001241 105.6150391 20190810120227 
1 -0.1766 -0.2175 -0.3244 21.001241 105.6150391 20190810120227 
1 -0.2219 -0.1564 -0.2654 21.001241 105.6150391 20190810120227 
1 -0.0417 -0.5600 -0.4982 21.0012516 105.6152063 20190810120227 
1 -0.2366 -0.1043 -0.0608 21.0012516 105.6152063 20190810120227 
1 0.0023 -0.2284 -0.5920 21.0012516 105.6152063 20190810120227 
1 -0.1751 -0.2420 -0.3781 21.0012516 105.6152063 20190810120227 
1 -0.3104 -0.3494 0.0791 21.0012516 105.6152063 20190810120227 
1 0.1195 -0.6164 -1.0216 21.0012516 105.6152063 20190810120227 
1 -0.1606 0.0849 -0.4767 21.0012516 105.6152063 20190810120227 
1 -0.1332 -0.5409 -0.8205 21.0012516 105.6152063 20190810120227 
1 -0.2721 -0.2789 -0.3797 21.0012516 105.6152063 20190810120227 
1 -0.4183 -0.2567 -0.1520 21.0012516 105.6152063 20190810120227 
1 0.0817 -0.0011 -0.3836 21.0012516 105.6152063 20190810120227 
1 -0.2707 0.0716 -0.3389 21.0012516 105.6152063 20190810120227 
1 -0.1189 0.0013 -0.0301 21.0012516 105.6152063 20190810120227 
1 -0.0997 0.1028 -0.6624 21.0012516 105.6152063 20190810120227 
1 -0.2586 -0.0444 -0.4761 21.0012516 105.6152063 20190810120227 
1 -0.0998 -0.0017 -0.2908 21.0012516 105.6152063 20190810120227 
1 -0.2734 -0.2290 -0.0145 21.0012516 105.6152063 20190810120227 
1 -0.4300 0.1232 0.6627 21.0012516 105.6152063 20190810120227 
1 -0.1227 -0.0107 0.2052 21.0012516 105.6152063 20190810120227 
1 -0.4623 0.1560 0.7295 21.0012516 105.6152063 20190810120227 
1 -0.4071 0.3329 0.8947 21.0012516 105.6152063 20190810120227 
1 -0.2241 0.0335 0.3762 21.0012516 105.6152063 20190810120227 
1 -0.3581 -0.0367 0.6502 21.0012516 105.6152063 20190810120227 
1 -0.0958 0.1712 0.7406 21.0012516 105.6152063 20190810120227 
1 -0.1573 -0.2815 1.0776 21.0012516 105.6152063 20190810120227 
1 -0.2389 -0.2506 1.3280 21.0012516 105.6152063 20190810120227 
1 -0.1185 -0.2039 0.5487 21.0012516 105.6152063 20190810120227 
1 -0.1958 -0.2740 0.4094 21.0012516 105.6152063 20190810120228 
1 -0.2811 -0.2308 0.6500 21.0012516 105.6152063 20190810120228 
1 -0.0658 -0.2628 -0.5129 21.0012516 105.6152063 20190810120228 
1 -0.3487 -0.1459 0.0269 21.0012516 105.6152063 20190810120228 
1 -0.1903 -0.1839 -0.0268 21.0012516 105.6152063 20190810120228 
1 -0.1480 -0.1442 -0.1636 21.0012516 105.6152063 20190810120228 
1 -0.0512 -0.0029 -0.4353 21.0012516 105.6152063 20190810120228 
1 -0.1560 0.0484 -0.4527 21.0012516 105.6152063 20190810120228 
1 -0.3122 0.0142 -0.3960 21.0012516 105.6152063 20190810120228 
1 -0.1687 -0.1702 -0.4546 21.0012516 105.6152063 20190810120228 
1 -0.1750 -0.0836 -0.3456 21.0012516 105.6152063 20190810120228 
1 -0.1359 -0.0309 -0.4717 21.0012516 105.6152063 20190810120228 
1 -0.2688 -0.3017 -0.5839 21.0012516 105.6152063 20190810120228 
1 -0.2054 0.2729 -0.2921 21.0012516 105.6152063 20190810120228 
1 -0.2278 -0.1012 -0.4062 21.0012516 105.6152063 20190810120228 
1 -0.1127 0.1450 0.0466 21.0012516 105.6152063 20190810120228 
1 -0.2420 -0.1295 -0.3154 21.0012516 105.6152063 20190810120228 
1 -0.3236 0.1153 -0.3416 21.0012516 105.6152063 20190810120228 
1 -0.2643 -0.2786 -0.0384 21.0012516 105.6152063 20190810120228 
1 -0.2895 0.0185 -0.0177 21.0012516 105.6152063 20190810120228 
1 -0.1851 0.1196 -0.1781 21.0012516 105.6152063 20190810120228 
1 -0.3002 -0.0828 -0.1063 21.0012516 105.6152063 20190810120228 
1 -0.2759 0.0436 0.2402 21.0012539 105.6153721 20190810120228 
1 -0.3776 0.0325 0.3287 21.0012539 105.6153721 20190810120228 
1 -0.2231 -0.0818 0.1864 21.0012539 105.6153721 20190810120228 
1 -0.1814 -0.0041 0.0382 21.0012539 105.6153721 20190810120228 
1 -0.2249 -0.0088 0.0792 21.0012539 105.6153721 20190810120228 
1 -0.3638 0.0605 0.2080 21.0012539 105.6153721 20190810120228 
1 -0.2623 -0.1990 0.5444 21.0012539 105.6153721 20190810120228 
1 -0.1769 0.1081 0.4624 21.0012539 105.6153721 20190810120228 
1 -0.1265 -0.1064 -0.1302 21.0012539 105.6153721 20190810120228 
1 -0.2505 0.0797 0.1805 21.0012539 105.6153721 20190810120228 
1 -0.2818 -0.2893 0.2416 21.0012539 105.6153721 20190810120228 
1 -0.0826 0.1478 -0.2148 21.0012539 105.6153721 20190810120228 
1 -0.0701 -0.0502 0.0281 21.0012539 105.6153721 20190810120228 
1 -0.0712 0.0094 -0.0728 21.0012539 105.6153721 20190810120228 
1 -0.1006 -0.2299 -0.0355 21.0012539 105.6153721 20190810120228 
1 -0.1469 0.0474 0.0070 21.0012539 105.6153721 20190810120228 
1 -0.1030 0.1015 -0.2151 21.0012539 105.6153721 20190810120228 
1 -0.0904 -0.0538 -0.2945 21.0012539 105.6153721 20190810120228 
1 0.0065 0.0146 -0.0756 21.0012539 105.6153721 20190810120228 
1 -0.1713 -0.1207 -0.1704 21.0012539 105.6153721 20190810120228 
1 -0.2332 0.1187 0.1008 21.0012539 105.6153721 20190810120228 
1 0.0070 0.0306 -0.4102 21.0012539 105.6153721 20190810120228 
1 -0.1069 -0.0523 -0.2295 21.0012539 105.6153721 20190810120228 
1 -0.2287 0.1269 0.0415 21.0012539 105.6153721 20190810120228 
1 -0.1628 0.0794 0.1575 21.0012539 105.6153721 20190810120228 
1 -0.0683 0.1013 0.0784 21.0012539 105.6153721 20190810120228 
1 -0.0408 0.0787 -0.0661 21.0012539 105.6153721 20190810120228 
1 -0.1221 0.0410 0.0534 21.0012539 105.6153721 20190810120229 
1 -0.2761 0.1738 0.3747 21.0012539 105.6153721 20190810120229 
1 -0.0324 0.0566 -0.2825 21.0012539 105.6153721 20190810120229 
1 -0.1251 0.1824 0.2471 21.0012539 105.6153721 20190810120229 
1 -0.1651 0.0311 0.3114 21.0012539 105.6153721 20190810120229 
1 -0.2221 0.2212 0.4995 21.0012539 105.6153721 20190810120229 
1 -0.0880 0.0676 0.2622 21.0012539 105.6153721 20190810120229 
1 -0.1115 0.2097 0.2155 21.0012539 105.6153721 20190810120229 
1 -0.2723 0.2619 0.3042 21.0012539 105.6153721 20190810120229 
1 -0.0797 -0.0120 0.3023 21.0012539 105.6153721 20190810120229 
1 -0.1027 0.1185 0.2720 21.0012539 105.6153721 20190810120229 
1 -0.2140 0.2210 0.4051 21.0012539 105.6153721 20190810120229 
1 -0.1405 0.1791 0.4289 21.0012539 105.6153721 20190810120229 
1 -0.0988 0.1088 0.3812 21.0012539 105.6153721 20190810120229 
1 -0.1045 0.1497 0.2232 21.0012539 105.6153721 20190810120229 
1 -0.1268 0.3380 0.1941 21.0012539 105.6153721 20190810120229 
1 -0.1837 0.0533 0.1665 21.0012539 105.6153721 20190810120229 
1 0.0390 0.2046 0.1561 21.0012539 105.6153721 20190810120229 
1 0.0013 0.1274 -0.0343 21.0012539 105.6153721 20190810120229 
1 -0.1272 0.1923 0.3114 21.0012539 105.6153721 20190810120229 
1 0.0342 0.0832 -0.1542 21.0012539 105.6153721 20190810120229 
1 -0.0682 0.0543 -0.0601 21.0012539 105.6153721 20190810120229 
1 -0.1262 0.1160 0.1647 21.0012524 105.6155348 20190810120229 
1 -0.0729 0.1686 0.0044 21.0012524 105.6155348 20190810120229 
1 -0.0971 0.0773 -0.0570 21.0012524 105.6155348 20190810120229 
1 -0.1200 0.2248 -0.0328 21.0012524 105.6155348 20190810120229 
1 -0.0478 -0.0313 -0.5868 21.0012524 105.6155348 20190810120229 
1 -0.1757 0.1092 0.1849 21.0012524 105.6155348 20190810120229 
1 -0.0475 -0.1275 -0.3672 21.0012524 105.6155348 20190810120229 
1 -0.1215 0.3362 -0.1915 21.0012524 105.6155348 20190810120229 
1 -0.1389 -0.0526 -0.1518 21.0012524 105.6155348 20190810120229 
1 -0.0358 0.2677 0.2093 21.0012524 105.6155348 20190810120229 
1 -0.1396 0.0252 -0.1515 21.0012524 105.6155348 20190810120229 
1 -0.0725 0.1676 0.1599 21.0012524 105.6155348 20190810120229 
1 -0.1293 -0.0620 0.0204 21.0012524 105.6155348 20190810120229 
1 -0.1953 0.1721 0.4298 21.0012524 105.6155348 20190810120229 
1 -0.1004 0.0422 0.1257 21.0012524 105.6155348 20190810120229 
1 -0.1173 0.2327 0.2986 21.0012524 105.6155348 20190810120229 
1 -0.1963 0.2175 0.3714 21.0012524 105.6155348 20190810120229 
1 0.1408 0.0740 0.2502 21.0012524 105.6155348 20190810120229 
1 -0.0632 0.0315 0.3022 21.0012524 105.6155348 20190810120229 
1 -0.1685 0.1804 0.1648 21.0012524 105.6155348 20190810120229 
1 -0.1102 0.1240 0.1173 21.0012524 105.6155348 20190810120229 
1 0.0173 0.1175 0.3314 21.0012524 105.6155348 20190810120229 
1 -0.1627 0.0230 0.1368 21.0012524 105.6155348 20190810120229 
1 -0.0773 0.1698 0.3634 21.0012524 105.6155348 20190810120229 
1 0.1435 -0.1854 -0.0006 21.0012524 105.6155348 20190810120229 
1 -0.0008 -0.0847 -0.1221 21.0012524 105.6155348 20190810120229 
1 -0.1921 0.2061 -0.2416 21.0012524 105.6155348 20190810120229 
1 -0.0166 0.0484 -0.1885 21.0012524 105.6155348 20190810120229 
1 0.0535 -0.2100 -0.4443 21.0012524 105.6155348 20190810120229 
1 -0.1565 0.2255 -0.1852 21.0012524 105.6155348 20190810120230 
1 -0.0184 -0.0988 -0.3666 21.0012524 105.6155348 20190810120230 
1 -0.0013 -0.1815 -0.0814 21.0012524 105.6155348 20190810120230 
1 0.0487 -0.0113 -0.6511 21.0012524 105.6155348 20190810120230 
1 -0.1110 0.1812 -0.5610 21.0012524 105.6155348 20190810120230 
1 -0.0670 -0.0625 -0.1285 21.0012524 105.6155348 20190810120230 
1 0.0148 -0.0979 -0.3017 21.0012524 105.6155348 20190810120230 
1 -0.1347 0.0298 -0.5779 21.0012524 105.6155348 20190810120230 
1 -0.0153 0.1274 -0.4384 21.0012524 105.6155348 20190810120230 
1 -0.2208 0.0559 -0.2206 21.0012524 105.6155348 20190810120230 
1 -0.1240 0.1087 -0.0503 21.0012524 105.6155348 20190810120230 
1 -0.0235 0.1659 -0.0929 21.0012524 105.6155348 20190810120230 
1 -0.0417 0.0369 0.0069 21.0012524 105.6155348 20190810120230 
1 -0.2221 0.0200 0.3141 21.0012524 105.6155348 20190810120230 
1 -0.0088 0.0642 -0.0080 21.0012524 105.6155348 20190810120230 
1 -0.2433 0.0803 0.3772 21.0012524 105.6155348 20190810120230 
1 -0.0794 0.0502 0.4108 21.0012524 105.6155348 20190810120230 
1 -0.0661 0.1045 0.3661 21.0012524 105.6155348 20190810120230 
1 -0.0633 0.1286 0.4307 21.0012524 105.6155348 20190810120230 
1 -0.1257 -0.0918 0.2617 21.0012524 105.6155348 20190810120230 
1 -0.0391 -0.0266 0.3446 21.0012572 105.6156944 20190810120230 
1 -0.0347 0.0693 0.4077 21.0012572 105.6156944 20190810120230 
1 0.0056 -0.0051 0.0583 21.0012572 105.6156944 20190810120230 
1 -0.0849 0.0885 0.2253 21.0012572 105.6156944 20190810120230 
1 -0.1529 -0.2691 0.3773 21.0012572 105.6156944 20190810120230 
1 0.0495 0.1649 -0.1439 21.0012572 105.6156944 20190810120230 
1 0.1247 -0.2049 -0.7603 21.0012572 105.6156944 20190810120230 
1 -0.2562 -0.1309 0.1769 21.0012572 105.6156944 20190810120230 
1 -0.0715 0.3361 -0.0998 21.0012572 105.6156944 20190810120230 
1 0.1131 -0.3900 -0.6663 21.0012572 105.6156944 20190810120230 
1 0.0057 0.1319 0.2104 21.0012572 105.6156944 20190810120230 
1 -0.1139 -0.1682 -0.6443 21.0012572 105.6156944 20190810120230 
1 -0.0207 0.0977 -0.2572 21.0012572 105.6156944 20190810120230 
1 -0.1416 -0.1696 -0.0259 21.0012572 105.6156944 20190810120230 
1 0.2469 0.1555 -0.9631 21.0012572 105.6156944 20190810120230 
1 -0.2230 -0.2379 -0.1987 21.0012572 105.6156944 20190810120230 
1 -0.1428 -0.0178 0.4104 21.0012572 105.6156944 20190810120230 
1 0.2317 0.0784 -0.6743 21.0012572 105.6156944 20190810120230 
1 -0.0752 -0.0791 -0.1752 21.0012572 105.6156944 20190810120230 
1 -0.0508 -0.0657 0.1842 21.0012572 105.6156944 20190810120230 
1 -0.0349 -0.0630 -0.0822 21.0012572 105.6156944 20190810120230 
1 -0.1552 0.2867 0.1776 21.0012572 105.6156944 20190810120230 
1 0.1767 0.0132 -0.0908 21.0012572 105.6156944 20190810120230 
1 0.0627 -0.0584 -0.6534 21.0012572 105.6156944 20190810120230 
1 -0.1703 -0.2886 0.3393 21.0012572 105.6156944 20190810120230 
1 -0.1141 0.4969 0.1511 21.0012572 105.6156944 20190810120230 
1 0.2122 -0.1794 -0.5287 21.0012572 105.6156944 20190810120230 
1 -0.0730 0.1293 0.4100 21.0012572 105.6156944 20190810120230 
1 -0.0597 -0.0822 -0.3552 21.0012572 105.6156944 20190810120230 
1 -0.1331 0.3447 0.2862 21.0012572 105.6156944 20190810120230 
1 0.1701 -0.0819 0.1989 21.0012572 105.6156944 20190810120231 
1 0.0667 0.0017 -0.6219 21.0012572 105.6156944 20190810120231 
1 -0.0883 0.1632 -0.3413 21.0012572 105.6156944 20190810120231 
1 0.1096 -0.4608 -0.3221 21.0012572 105.6156944 20190810120231 
1 0.0044 0.2354 -0.0148 21.0012572 105.6156944 20190810120231 
1 -0.0043 -0.1776 -0.2221 21.0012572 105.6156944 20190810120231 
1 0.2825 -0.1059 -0.5768 21.0012572 105.6156944 20190810120231 
1 -0.1615 -0.1853 -0.0226 21.0012572 105.6156944 20190810120231 
1 0.0054 0.2925 -0.4775 21.0012572 105.6156944 20190810120231 
1 0.0922 -0.4318 -0.4875 21.0012572 105.6156944 20190810120231 
1 0.0866 0.1696 -0.0255 21.0012572 105.6156944 20190810120231 
1 0.0964 -0.3082 -0.7380 21.0012572 105.6156944 20190810120231 
1 -0.1809 0.0913 0.2578 21.0012572 105.6156944 20190810120231 
1 0.2394 -0.2375 -0.5648 21.0012572 105.6156944 20190810120231 
1 -0.1777 -0.3020 -0.3436 21.0012572 105.6156944 20190810120231 
1 -0.1843 0.7399 0.5930 21.0012572 105.6156944 20190810120231 
1 0.3701 -0.8096 -1.0440 21.0012572 105.6156944 20190810120231 
1 -0.2801 0.2925 1.1859 21.0012572 105.6156944 20190810120231 
1 0.0174 -0.0882 -0.1060 21.0012572 105.6156944 20190810120231 
1 -0.0806 0.1560 0.2611 21.0012572 105.6156944 20190810120231 
1 0.0616 0.0263 0.4192 21.0012626 105.6158548 20190810120231 
1 0.0014 -0.2222 -0.0588 21.0012626 105.6158548 20190810120231 
1 0.0126 0.3409 0.6630 21.0012626 105.6158548 20190810120231 
1 -0.1265 -0.1874 1.0739 21.0012626 105.6158548 20190810120231 
1 0.3599 0.1860 -0.0889 21.0012626 105.6158548 20190810120231 
1 -0.0849 0.1267 0.3403 21.0012626 105.6158548 20190810120231 
1 0.0591 -0.2980 0.2671 21.0012626 105.6158548 20190810120231 
1 -0.0697 0.5068 0.5003 21.0012626 105.6158548 20190810120231 
1 0.1116 -0.3744 -0.3083 21.0012626 105.6158548 20190810120231 
1 0.2223 0.3104 0.4920 21.0012626 105.6158548 20190810120231 
1 -0.0256 -0.2642 -0.1617 21.0012626 105.6158548 20190810120231 
1 0.0166 0.0771 0.0356 21.0012626 105.6158548 20190810120231 
1 0.0941 -0.2185 -0.2093 21.0012626 105.6158548 20190810120231 
1 0.1085 0.0663 -0.5077 21.0012626 105.6158548 20190810120231 
1 0.1680 0.1627 -0.4664 21.0012626 105.6158548 20190810120231 
1 0.0746 -0.3560 -0.3721 21.0012626 105.6158548 20190810120231 
1 0.0195 0.2598 0.2180 21.0012626 105.6158548 20190810120231 
1 0.2189 -0.1192 -0.9458 21.0012626 105.6158548 20190810120231 
1 0.0108 -0.3362 -0.3610 21.0012626 105.6158548 20190810120231 
1 -0.1127 0.1097 0.0036 21.0012626 105.6158548 20190810120231 
1 0.2070 -0.0461 -0.5934 21.0012626 105.6158548 20190810120231 
1 0.1136 -0.3100 -0.2093 21.0012626 105.6158548 20190810120231 
1 -0.1502 0.0215 -0.2324 21.0012626 105.6158548 20190810120231 
1 0.0625 0.4082 -1.0723 21.0012626 105.6158548 20190810120231 
1 -0.1018 -0.5773 0.4897 21.0012626 105.6158548 20190810120231 
1 0.0446 0.2797 0.2521 21.0012626 105.6158548 20190810120231 
1 0.0871 -0.2371 -0.2073 21.0012626 105.6158548 20190810120231 
1 -0.2014 0.0146 0.7208 21.0012626 105.6158548 20190810120231 
1 0.2787 -0.2911 -0.3347 21.0012626 105.6158548 20190810120231 
1 -0.3251 0.3472 0.8945 21.0012626 105.6158548 20190810120232 
1 0.1474 -0.1560 0.3212 21.0012626 105.6158548 20190810120232 
1 -0.0377 0.1031 0.8915 21.0012626 105.6158548 20190810120232 
1 0.0029 0.2162 0.9525 21.0012626 105.6158548 20190810120232 
1 0.2249 -0.3657 0.0232 21.0012626 105.6158548 20190810120232 
1 -0.2285 0.1708 1.0740 21.0012626 105.6158548 20190810120232 
1 -0.0509 0.0880 0.5261 21.0012626 105.6158548 20190810120232 
1 0.3183 -0.1551 -0.3574 21.0012626 105.6158548 20190810120232 
1 -1.1858 -0.1358 2.9248 21.0012626 105.6158548 20190810120232 
1 -1.2106 0.7058 3.0812 21.0012626 105.6158548 20190810120232 
1 1.8919 -0.2605 -1.9331 21.0012626 105.6158548 20190810120232 
1 -1.2248 -0.6267 2.9132 21.0012626 105.6158548 20190810120232 
1 -0.7142 0.2656 1.5594 21.0012626 105.6158548 20190810120232 
1 0.6183 0.1656 -0.9178 21.0012626 105.6158548 20190810120232 
1 0.4079 -0.9090 0.7638 21.0012626 105.6158548 20190810120232 
1 0.4095 0.2272 -0.4834 21.0012626 105.6158548 20190810120232 
1 -1.2239 0.7222 1.7931 21.0012626 105.6158548 20190810120232 
1 0.3780 -0.0006 3.2093 21.0012626 105.6158548 20190810120232 
1 2.0852 -0.7322 -0.6158 21.0012626 105.6158548 20190810120232 
1 -1.5520 -0.1794 0.8160 21.0012716 105.6160154 20190810120232 
1 0.1042 0.3995 0.3453 21.0012716 105.6160154 20190810120232 
1 1.5112 -0.7814 -2.5983 21.0012716 105.6160154 20190810120232 
1 -1.5273 0.8517 0.1231 21.0012716 105.6160154 20190810120232 
1 0.7843 -0.3917 -1.9209 21.0012716 105.6160154 20190810120232 
1 0.2226 0.3540 -1.8262 21.0012716 105.6160154 20190810120232 
1 -0.3956 -0.8108 -0.7131 21.0012716 105.6160154 20190810120232 
1 0.3326 0.2293 -2.1830 21.0012716 105.6160154 20190810120232 
1 -0.8775 -0.6017 -0.4008 21.0012716 105.6160154 20190810120232 
1 0.5727 -0.6850 -0.1025 21.0012716 105.6160154 20190810120232 
1 0.1150 0.8102 -1.2212 21.0012716 105.6160154 20190810120232 
1 -0.5579 0.0770 -1.3029 21.0012716 105.6160154 20190810120232 
1 -0.1625 -0.1658 0.4348 21.0012716 105.6160154 20190810120232 
1 0.0775 0.0375 -1.1017 21.0012716 105.6160154 20190810120232 
1 -0.2300 0.1355 0.3954 21.0012716 105.6160154 20190810120232 
1 -0.1407 -0.3470 1.2285 21.0012716 105.6160154 20190810120232 
1 -0.8489 -0.5799 2.5370 21.0012716 105.6160154 20190810120232 
1 -0.2896 0.9236 1.8363 21.0012716 105.6160154 20190810120232 
1 -0.0675 0.7575 0.0038 21.0012716 105.6160154 20190810120232 
1 -0.5820 0.0943 2.3332 21.0012716 105.6160154 20190810120232 
1 -0.4175 0.6037 2.5280 21.0012716 105.6160154 20190810120232 
1 0.2596 0.0921 0.8293 21.0012716 105.6160154 20190810120232 
1 0.5660 -0.2899 0.0697 21.0012716 105.6160154 20190810120232 
1 -0.6309 1.0172 2.2965 21.0012716 105.6160154 20190810120232 
1 0.1174 0.1069 0.1427 21.0012716 105.6160154 20190810120232 
1 0.8333 -0.9163 -1.1125 21.0012716 105.6160154 20190810120232 
1 0.9335 -0.4574 0.8276 21.0012716 105.6160154 20190810120232 
1 -0.2587 0.5263 1.3352 21.0012716 105.6160154 20190810120232 
1 1.0634 -1.4675 -2.9374 21.0012716 105.6160154 20190810120233 
1 0.1696 0.3591 -1.9492 21.0012716 105.6160154 20190810120233 
1 -0.0890 -0.1603 -1.1539 21.0012716 105.6160154 20190810120233 
1 -0.1775 1.2050 -1.6472 21.0012716 105.6160154 20190810120233 
1 0.7059 -1.8842 -3.9947 21.0012716 105.6160154 20190810120233 
1 0.1775 -0.5774 -7.0088 21.0012716 105.6160154 20190810120233 
1 -0.5332 0.5083 -5.8035 21.0012716 105.6160154 20190810120233 
1 0.1429 -0.7317 -0.4805 21.0012716 105.6160154 20190810120233 
1 -0.0290 -0.4082 -1.4529 21.0012716 105.6160154 20190810120233 
1 0.1137 0.0923 -3.0195 21.0012716 105.6160154 20190810120233 
1 0.1780 0.0231 -0.2636 21.0012716 105.6160154 20190810120233 
1 -0.5168 -0.0307 -0.0392 21.0012716 105.6160154 20190810120233 
1 0.0705 -0.5043 -1.6919 21.0012716 105.6160154 20190810120233 
1 0.1834 0.0858 -0.0262 21.0012716 105.6160154 20190810120233 
1 -0.2825 0.1058 0.8687 21.0012716 105.6160154 20190810120233 
1 0.1488 -0.0492 0.3477 21.0012716 105.6160154 20190810120233 
1 -0.0194 0.0234 0.7566 21.0012716 105.6160154 20190810120233 
1 -0.3010 0.0857 1.9990 21.0012716 105.6160154 20190810120233 
1 0.2597 -0.0160 1.3333 21.0012716 105.6160154 20190810120233 
1 -0.0088 0.2423 1.6309 21.0012716 105.6160154 20190810120233 
1 0.1712 -0.2151 1.8567 21.0012716 105.6160154 20190810120233 
1 0.0100 -0.0954 2.0246 21.0012761 105.6161756 20190810120233 
1 -0.0060 0.4985 1.2716 21.0012761 105.6161756 20190810120233 
1 0.2097 -0.2536 0.8838 21.0012761 105.6161756 20190810120233 
1 0.1135 -0.2608 1.3356 21.0012761 105.6161756 20190810120233 
1 0.3127 -0.0124 0.8386 21.0012761 105.6161756 20190810120233 
1 0.2466 -0.1348 0.1304 21.0012761 105.6161756 20190810120233 
1 0.2598 0.1533 -0.2915 21.0012761 105.6161756 20190810120233 
1 -0.0635 -0.5196 -0.2323 21.0012761 105.6161756 20190810120233 
1 0.2180 0.3719 0.1207 21.0012761 105.6161756 20190810120233 
1 0.5101 0.0535 -1.0370 21.0012761 105.6161756 20190810120233 
1 0.2504 -0.0822 -1.0138 21.0012761 105.6161756 20190810120233 
1 -0.0831 -0.2535 -0.5542 21.0012761 105.6161756 20190810120233 
1 0.2505 0.1174 -0.8581 21.0012761 105.6161756 20190810120233 
1 0.4531 0.0002 -1.2516 21.0012761 105.6161756 20190810120233 
1 0.3994 -0.3286 -1.4056 21.0012761 105.6161756 20190810120233 
1 -0.0440 -0.3818 -0.7420 21.0012761 105.6161756 20190810120233 
1 0.1418 0.5786 -0.6368 21.0012761 105.6161756 20190810120233 
1 0.3095 -0.4009 -1.2828 21.0012761 105.6161756 20190810120233 
1 0.0904 0.1209 -0.5222 21.0012761 105.6161756 20190810120233 
1 -0.8805 0.9960 0.7517 21.0012761 105.6161756 20190810120233 
1 0.4987 0.5346 -1.1727 21.0012761 105.6161756 20190810120233 
1 -0.0231 -0.5697 -0.0475 21.0012761 105.6161756 20190810120233 
1 0.4270 -1.1297 -0.6319 21.0012761 105.6161756 20190810120233 
1 0.1662 1.0898 -0.3564 21.0012761 105.6161756 20190810120233 
1 0.1796 -1.0577 -1.2298 21.0012761 105.6161756 20190810120233 
1 0.5141 -0.3673 0.1097 21.0012761 105.6161756 20190810120233 
1 0.4147 -0.2595 0.4948 21.0012761 105.6161756 20190810120233 
1 -0.8866 1.2630 3.0236 21.0012761 105.6161756 20190810120233 
1 0.9825 -0.2988 0.8352 21.0012761 105.6161756 20190810120233 
1 0.2320 -1.0119 1.1543 21.0012761 105.6161756 20190810120233 
1 0.3724 0.2974 -0.3851 21.0012761 105.6161756 20190810120234 
1 -0.1288 0.2266 -1.9768 21.0012761 105.6161756 20190810120234 
1 -0.0411 0.1682 -1.7165 21.0012761 105.6161756 20190810120234 
1 1.1122 -0.5895 -1.5850 21.0012761 105.6161756 20190810120234 
1 0.2037 -0.1099 -0.4040 21.0012761 105.6161756 20190810120234 
1 -1.1809 -0.2618 2.8233 21.0012761 105.6161756 20190810120234 
1 1.3979 -0.2095 -1.0206 21.0012761 105.6161756 20190810120234 
1 0.4305 -0.0672 -1.9773 21.0012761 105.6161756 20190810120234 
1 -1.5618 -0.2573 1.6806 21.0012761 105.6161756 20190810120234 
1 -0.2347 2.1455 1.7183 21.0012761 105.6161756 20190810120234 
1 1.1469 -0.6028 -1.7443 21.0012761 105.6161756 20190810120234 
1 0.0329 -0.6564 -0.5519 21.0012761 105.6161756 20190810120234 
1 -0.7888 0.7450 -0.1232 21.0012761 105.6161756 20190810120234 
1 -0.6358 0.7211 2.2860 21.0012761 105.6161756 20190810120234 
1 0.5614 -1.0411 1.7637 21.0012761 105.6161756 20190810120234 
1 0.4191 0.1288 1.0302 21.0012761 105.6161756 20190810120234 
1 -0.1796 0.1780 1.5514 21.0012761 105.6161756 20190810120234 
1 -0.2584 -0.3242 2.5950 21.0012761 105.6161756 20190810120234 
1 0.4732 0.0721 1.4239 21.0012761 105.6161756 20190810120234 
1 -0.1658 -0.3793 1.0620 21.0012761 105.6161756 20190810120234 
1 0.8064 0.1194 0.2892 21.0012761 105.6161756 20190810120234 
1 -0.2408 0.2626 2.3346 21.0012743 105.6163314 20190810120234 
1 0.0784 -0.1860 0.6281 21.0012743 105.6163314 20190810120234 
1 0.3002 0.1693 -0.0587 21.0012743 105.6163314 20190810120234 
1 0.1508 0.2161 0.0406 21.0012743 105.6163314 20190810120234 
1 -0.0352 -0.0248 -0.1687 21.0012743 105.6163314 20190810120234 
1 0.3113 -0.3960 -0.2076 21.0012743 105.6163314 20190810120234 
1 -0.0777 -0.0349 0.2919 21.0012743 105.6163314 20190810120234 
1 0.3300 -0.2920 -1.2898 21.0012743 105.6163314 20190810120234 
1 -0.3688 0.5153 -0.2390 21.0012743 105.6163314 20190810120234 
1 0.4617 -0.1036 -0.4322 21.0012743 105.6163314 20190810120234 
1 0.0135 -0.0725 -0.6645 21.0012743 105.6163314 20190810120234 
1 -0.2683 -0.1587 -0.3524 21.0012743 105.6163314 20190810120234 
1 0.0703 0.0033 -0.2105 21.0012743 105.6163314 20190810120234 
1 0.1228 -0.2054 -0.6508 21.0012743 105.6163314 20190810120234 
1 -0.5744 0.2411 -0.8889 21.0012743 105.6163314 20190810120234 
1 0.7481 -0.2862 0.6556 21.0012743 105.6163314 20190810120234 
1 0.1046 -0.2087 1.3382 21.0012743 105.6163314 20190810120234 
1 0.1459 -0.0331 1.3308 21.0012743 105.6163314 20190810120234 
1 -0.2140 0.0310 -1.0245 21.0012743 105.6163314 20190810120234 
