1 0.1937 0.0300 -0.1487 21.0046235 105.7707572 20190810121825 
1 0.1398 -0.0415 0.1708 21.0046235 105.7707572 20190810121825 
1 0.1537 0.1049 -0.2280 21.0046235 105.7707572 20190810121825 
1 0.3125 -0.0232 -0.3788 21.0046235 105.7707572 20190810121825 
1 0.0736 0.0994 -0.1892 21.0046235 105.7707572 20190810121825 
1 0.1993 0.2533 -0.2255 21.0046235 105.7707572 20190810121825 
1 0.2348 -0.0020 0.0876 21.0046235 105.7707572 20190810121825 
1 0.1499 0.2729 0.4200 21.0046235 105.7707572 20190810121825 
1 0.1134 -0.0180 0.1079 21.0046235 105.7707572 20190810121825 
1 0.1838 0.1550 0.1518 21.0046235 105.7707572 20190810121825 
1 0.2499 0.0752 -0.2565 21.0046235 105.7707572 20190810121825 
1 0.0910 0.0561 0.1031 21.0046235 105.7707572 20190810121825 
1 0.0693 -0.0394 0.7259 21.0046235 105.7707572 20190810121825 
1 0.3431 0.1956 0.1329 21.0046235 105.7707572 20190810121825 
1 0.3010 -0.0505 -0.0876 21.0046235 105.7707572 20190810121825 
1 0.1217 0.1091 0.3949 21.004582 105.7709328 20190810121825 
1 0.2645 -0.0630 0.2272 21.004582 105.7709328 20190810121825 
1 0.2768 0.0511 0.2874 21.004582 105.7709328 20190810121825 
1 0.3111 0.0300 0.1126 21.004582 105.7709328 20190810121825 
1 0.3034 -0.1581 -0.1548 21.004582 105.7709328 20190810121825 
1 0.1895 -0.1050 -0.0067 21.004582 105.7709328 20190810121825 
1 0.2535 -0.0416 -0.2066 21.004582 105.7709328 20190810121825 
1 0.3295 0.0207 -0.3526 21.004582 105.7709328 20190810121825 
1 0.2206 -0.0138 -0.3615 21.004582 105.7709328 20190810121825 
1 0.2043 -0.0079 -0.2184 21.004582 105.7709328 20190810121825 
1 0.2432 0.0060 -0.0202 21.004582 105.7709328 20190810121825 
1 0.2587 -0.0581 -0.2775 21.004582 105.7709328 20190810121825 
1 0.2548 -0.0265 -0.0552 21.004582 105.7709328 20190810121825 
1 0.3539 -0.0155 -0.2431 21.004582 105.7709328 20190810121825 
1 0.2513 0.0666 -0.0437 21.004582 105.7709328 20190810121825 
1 0.2275 -0.0746 0.2744 21.004582 105.7709328 20190810121825 
1 0.2656 0.1479 0.1515 21.004582 105.7709328 20190810121825 
1 0.3966 -0.1276 0.0304 21.004582 105.7709328 20190810121826 
1 0.2337 0.0230 0.1100 21.004582 105.7709328 20190810121826 
1 0.3443 0.1033 -0.0531 21.004582 105.7709328 20190810121826 
1 0.4251 -0.0409 -0.2578 21.004582 105.7709328 20190810121826 
1 0.1956 0.1138 0.0930 21.004582 105.7709328 20190810121826 
1 0.2611 -0.0846 0.3619 21.004582 105.7709328 20190810121826 
1 0.4201 0.1513 0.2016 21.004582 105.7709328 20190810121826 
1 0.4079 -0.2060 -0.4746 21.004582 105.7709328 20190810121826 
1 0.0727 -0.0717 -0.0015 21.004582 105.7709328 20190810121826 
1 0.3987 0.2666 0.0421 21.004582 105.7709328 20190810121826 
1 0.3247 -0.0529 -0.1700 21.004582 105.7709328 20190810121826 
1 0.3523 0.0514 -0.2447 21.004582 105.7709328 20190810121826 
1 0.2951 0.0685 -0.1969 21.004582 105.7709328 20190810121826 
1 0.3496 -0.1318 -0.1209 21.004582 105.7709328 20190810121826 
1 0.2356 -0.0365 -0.1186 21.004582 105.7709328 20190810121826 
1 0.1932 0.0292 0.1637 21.004582 105.7709328 20190810121826 
1 0.2947 -0.1419 0.2962 21.004582 105.7709328 20190810121826 
1 0.3759 0.0815 0.2337 21.004582 105.7709328 20190810121826 
1 0.2625 -0.0264 0.1938 21.004582 105.7709328 20190810121826 
1 0.2620 -0.2977 0.2825 21.004582 105.7709328 20190810121826 
1 0.2790 -0.0260 0.2582 21.004582 105.7709328 20190810121826 
1 0.3366 -0.2054 0.0643 21.004582 105.7709328 20190810121826 
1 0.3289 -0.2026 0.5002 21.004582 105.7709328 20190810121826 
1 0.1473 -0.0922 0.6528 21.004582 105.7709328 20190810121826 
1 0.2895 -0.1822 0.4308 21.004582 105.7709328 20190810121826 
1 0.2135 -0.0167 0.5748 21.004582 105.7709328 20190810121826 
1 0.3844 -0.1456 0.3663 21.004582 105.7709328 20190810121826 
1 0.2549 0.0810 0.1993 21.004582 105.7709328 20190810121826 
1 0.2169 -0.2929 0.3929 21.004582 105.7709328 20190810121826 
1 0.2409 0.0452 0.2702 21.004582 105.7709328 20190810121826 
1 0.2942 -0.1877 0.0484 21.004582 105.7709328 20190810121826 
1 0.2783 0.1207 0.2652 21.004582 105.7709328 20190810121826 
1 0.3718 -0.0928 0.1803 21.004582 105.7709328 20190810121826 
1 0.3190 0.0247 0.3882 21.004582 105.7709328 20190810121826 
1 0.2878 -0.1095 0.1224 21.0045469 105.771107 20190810121826 
1 0.2431 0.2461 0.2127 21.0045469 105.771107 20190810121826 
1 0.3264 -0.5235 -0.2536 21.0045469 105.771107 20190810121826 
1 -0.0995 0.4107 0.7851 21.0045469 105.771107 20190810121826 
1 0.2933 -0.2354 -0.2960 21.0045469 105.771107 20190810121826 
1 0.3402 0.0016 -0.1444 21.0045469 105.771107 20190810121826 
1 0.1557 0.0477 0.2691 21.0045469 105.771107 20190810121826 
1 0.3078 -0.0879 0.0182 21.0045469 105.771107 20190810121826 
1 0.2898 -0.2642 0.4287 21.0045469 105.771107 20190810121826 
1 0.3262 -0.1101 -0.5003 21.0045469 105.771107 20190810121826 
1 0.2135 -0.1075 0.0602 21.0045469 105.771107 20190810121826 
1 0.2477 0.0458 0.5331 21.0045469 105.771107 20190810121826 
1 0.3817 -0.2111 -0.0312 21.0045469 105.771107 20190810121826 
1 0.1831 0.0949 0.3270 21.0045469 105.771107 20190810121826 
1 0.3813 -0.0579 -0.2195 21.0045469 105.771107 20190810121826 
1 0.3240 -0.1035 -0.0949 21.0045469 105.771107 20190810121827 
1 0.1081 -0.1574 -0.3711 21.0045469 105.771107 20190810121827 
1 0.1654 0.0935 -0.3535 21.0045469 105.771107 20190810121827 
1 0.5017 0.0980 -0.9458 21.0045469 105.771107 20190810121827 
1 0.2688 0.1702 -0.6686 21.0045469 105.771107 20190810121827 
1 0.3359 -0.2969 -0.8430 21.0045469 105.771107 20190810121827 
1 0.3392 0.1700 -0.2870 21.0045469 105.771107 20190810121827 
1 0.2848 -0.1821 -0.3942 21.0045469 105.771107 20190810121827 
1 0.2368 -0.3141 -0.4979 21.0045469 105.771107 20190810121827 
1 0.1838 0.3726 -0.3206 21.0045469 105.771107 20190810121827 
1 0.2345 -0.2375 -0.8265 21.0045469 105.771107 20190810121827 
1 0.2024 0.2883 -0.7387 21.0045469 105.771107 20190810121827 
1 0.1824 -0.2238 -0.1566 21.0045469 105.771107 20190810121827 
1 0.2640 0.0361 0.1479 21.0045469 105.771107 20190810121827 
1 0.1963 -0.4334 0.0010 21.0045469 105.771107 20190810121827 
1 0.2691 0.1084 0.3975 21.0045469 105.771107 20190810121827 
1 0.3250 -0.2462 -0.0771 21.0045469 105.771107 20190810121827 
1 0.1985 0.2148 0.5893 21.0045469 105.771107 20190810121827 
1 0.2243 -0.0605 0.4197 21.0045469 105.771107 20190810121827 
1 0.2440 0.2624 0.4134 21.0045469 105.771107 20190810121827 
1 0.3388 -0.0403 0.4118 21.0045469 105.771107 20190810121827 
1 0.2147 0.1128 -0.1351 21.0045469 105.771107 20190810121827 
1 0.1239 0.1289 0.3414 21.0045469 105.771107 20190810121827 
1 0.4050 0.0717 0.3004 21.0045469 105.771107 20190810121827 
1 0.2910 -0.2075 -0.2176 21.0045469 105.771107 20190810121827 
1 0.2255 -0.0276 0.0521 21.0045469 105.771107 20190810121827 
1 0.1494 0.0169 0.0068 21.0045469 105.771107 20190810121827 
1 0.1731 0.0951 0.1673 21.0045469 105.771107 20190810121827 
1 0.3914 -0.5507 -0.0576 21.0045469 105.771107 20190810121827 
1 0.1876 0.2352 0.0816 21.0045469 105.771107 20190810121827 
1 0.2481 -0.3146 -0.4011 21.0045469 105.771107 20190810121827 
1 0.2603 0.0672 0.0437 21.0045469 105.771107 20190810121827 
1 0.4874 -0.2338 -0.6108 21.0045469 105.771107 20190810121827 
1 0.1416 0.1973 0.0010 21.0045469 105.771107 20190810121827 
1 0.2221 -0.1306 0.2540 21.0045068 105.7712755 20190810121827 
1 0.3255 -0.0748 -0.0849 21.0045068 105.7712755 20190810121827 
1 0.2741 -0.2473 -0.4660 21.0045068 105.7712755 20190810121827 
1 0.1696 0.1552 -0.2933 21.0045068 105.7712755 20190810121827 
1 0.2517 -0.0959 -0.4394 21.0045068 105.7712755 20190810121827 
1 0.1095 0.1460 -0.0310 21.0045068 105.7712755 20190810121827 
1 0.3116 0.0338 -0.1322 21.0045068 105.7712755 20190810121827 
1 0.2425 -0.0498 -0.0542 21.0045068 105.7712755 20190810121827 
1 0.1489 0.0347 -0.0879 21.0045068 105.7712755 20190810121827 
1 0.2695 -0.2885 0.0471 21.0045068 105.7712755 20190810121827 
1 0.2591 0.0015 0.0463 21.0045068 105.7712755 20190810121827 
1 0.2181 -0.0951 -0.1213 21.0045068 105.7712755 20190810121827 
1 0.1671 0.0669 0.2539 21.0045068 105.7712755 20190810121827 
1 0.1823 0.0204 0.1890 21.0045068 105.7712755 20190810121827 
1 0.2478 -0.1149 0.2958 21.0045068 105.7712755 20190810121827 
1 0.3981 -0.2366 -0.2107 21.0045068 105.7712755 20190810121827 
1 0.2502 0.1085 -0.1589 21.0045068 105.7712755 20190810121828 
1 0.1751 -0.2329 0.0938 21.0045068 105.7712755 20190810121828 
1 0.2349 0.0815 0.1433 21.0045068 105.7712755 20190810121828 
1 0.1764 -0.0590 0.0594 21.0045068 105.7712755 20190810121828 
1 0.2470 0.1641 0.1400 21.0045068 105.7712755 20190810121828 
1 0.2236 -0.2074 0.0303 21.0045068 105.7712755 20190810121828 
1 0.1346 -0.0176 -0.0859 21.0045068 105.7712755 20190810121828 
1 0.2739 -0.1238 -0.0696 21.0045068 105.7712755 20190810121828 
1 0.1392 0.2986 0.1815 21.0045068 105.7712755 20190810121828 
1 0.3491 -0.1028 -0.0207 21.0045068 105.7712755 20190810121828 
1 0.2140 -0.1189 0.1894 21.0045068 105.7712755 20190810121828 
1 0.1827 0.1358 0.0050 21.0045068 105.7712755 20190810121828 
1 0.1243 -0.1221 0.1461 21.0045068 105.7712755 20190810121828 
1 0.2965 0.0356 0.2405 21.0045068 105.7712755 20190810121828 
1 0.2551 -0.2075 -0.1073 21.0045068 105.7712755 20190810121828 
1 0.2652 0.1729 -0.0776 21.0045068 105.7712755 20190810121828 
1 0.1271 0.1402 0.2372 21.0045068 105.7712755 20190810121828 
1 0.3035 -0.2357 -0.0564 21.0045068 105.7712755 20190810121828 
1 0.2106 -0.0402 -0.0354 21.0045068 105.7712755 20190810121828 
1 0.1841 0.0390 0.0418 21.0045068 105.7712755 20190810121828 
1 0.2522 0.1249 -0.2009 21.0045068 105.7712755 20190810121828 
1 0.1916 -0.1596 0.0049 21.0045068 105.7712755 20190810121828 
1 0.2295 0.0127 0.0360 21.0045068 105.7712755 20190810121828 
1 0.2242 0.0540 0.1184 21.0045068 105.7712755 20190810121828 
1 0.2012 -0.1795 0.0362 21.0045068 105.7712755 20190810121828 
1 0.2420 0.1580 -0.0068 21.0045068 105.7712755 20190810121828 
1 0.1696 -0.2830 -0.0169 21.0045068 105.7712755 20190810121828 
1 0.1170 0.2668 0.4137 21.0045068 105.7712755 20190810121828 
1 0.2964 -0.3230 -0.3453 21.0045068 105.7712755 20190810121828 
1 0.1730 0.1427 -0.0817 21.0045068 105.7712755 20190810121828 
1 0.1511 -0.1078 -0.0676 21.0045068 105.7712755 20190810121828 
1 0.1426 -0.0360 0.3091 21.0045068 105.7712755 20190810121828 
1 0.3240 -0.1398 0.0603 21.0044846 105.7714532 20190810121828 
1 0.1591 0.0671 -0.0161 21.0044846 105.7714532 20190810121828 
1 0.2627 -0.1825 -0.2751 21.0044846 105.7714532 20190810121828 
1 0.0447 0.0036 0.1956 21.0044846 105.7714532 20190810121828 
1 0.0508 0.0884 -0.1250 21.0044846 105.7714532 20190810121828 
1 -0.0335 -0.0160 -0.2178 21.0044846 105.7714532 20190810121828 
1 -0.0268 0.0417 0.0674 21.0044846 105.7714532 20190810121828 
1 0.1328 -0.0527 -0.4991 21.0044846 105.7714532 20190810121828 
1 -0.1804 0.0211 -0.0564 21.0044846 105.7714532 20190810121828 
1 0.1004 -0.0205 -0.2239 21.0044846 105.7714532 20190810121828 
1 0.2120 0.0846 -0.3377 21.0044846 105.7714532 20190810121828 
1 -0.0466 0.1208 -0.0018 21.0044846 105.7714532 20190810121828 
1 0.0624 -0.0429 -0.3728 21.0044846 105.7714532 20190810121828 
1 -0.1345 0.0250 0.3842 21.0044846 105.7714532 20190810121828 
1 0.0780 0.1471 0.1526 21.0044846 105.7714532 20190810121828 
1 0.0790 0.0721 -0.1216 21.0044846 105.7714532 20190810121828 
1 0.0446 -0.0716 0.0028 21.0044846 105.7714532 20190810121828 
1 0.1857 0.2074 -0.0132 21.0044846 105.7714532 20190810121829 
1 -0.1353 0.1322 0.2715 21.0044846 105.7714532 20190810121829 
1 -0.0095 -0.1279 0.1683 21.0044846 105.7714532 20190810121829 
1 0.1514 -0.0430 0.0571 21.0044846 105.7714532 20190810121829 
1 -0.0406 0.0312 0.1761 21.0044846 105.7714532 20190810121829 
1 -0.0752 0.0095 0.0858 21.0044846 105.7714532 20190810121829 
1 -0.0667 -0.1573 -0.0939 21.0044846 105.7714532 20190810121829 
1 -0.1205 0.0119 -0.0451 21.0044846 105.7714532 20190810121829 
1 -0.0040 -0.0744 -0.1937 21.0044846 105.7714532 20190810121829 
1 -0.0938 0.0475 0.0687 21.0044846 105.7714532 20190810121829 
1 -0.1189 -0.1034 0.1722 21.0044846 105.7714532 20190810121829 
1 -0.0869 -0.0239 -0.0174 21.0044846 105.7714532 20190810121829 
1 -0.0376 0.0046 -0.1220 21.0044846 105.7714532 20190810121829 
1 -0.0747 0.0118 -0.3441 21.0044846 105.7714532 20190810121829 
1 -0.1600 -0.0026 -0.2405 21.0044846 105.7714532 20190810121829 
1 -0.2656 0.1092 0.3652 21.0044846 105.7714532 20190810121829 
1 0.1122 -0.2294 -0.3144 21.0044846 105.7714532 20190810121829 
1 -0.1711 0.1921 0.0855 21.0044846 105.7714532 20190810121829 
1 -0.2065 0.0712 0.1108 21.0044846 105.7714532 20190810121829 
1 -0.0798 0.0776 0.1386 21.0044846 105.7714532 20190810121829 
1 -0.0811 -0.0844 0.1551 21.0044846 105.7714532 20190810121829 
1 -0.0626 0.1871 0.0424 21.0044846 105.7714532 20190810121829 
1 -0.1751 -0.0628 0.3345 21.0044846 105.7714532 20190810121829 
1 -0.1859 -0.0395 0.1715 21.0044846 105.7714532 20190810121829 
1 -0.1171 0.0787 -0.3523 21.0044846 105.7714532 20190810121829 
1 -0.3329 -0.0302 0.0836 21.0044846 105.7714532 20190810121829 
1 -0.1677 0.0848 0.2416 21.0044846 105.7714532 20190810121829 
1 -0.1951 -0.1967 0.0196 21.0044846 105.7714532 20190810121829 
1 -0.2406 -0.0397 0.0314 21.0044846 105.7714532 20190810121829 
1 -0.2220 -0.1320 -0.1645 21.0044846 105.7714532 20190810121829 
1 -0.2113 -0.0379 0.0543 21.0044846 105.7714532 20190810121829 
1 -0.1992 -0.0480 -0.2508 21.0044846 105.7714532 20190810121829 
1 -0.2639 -0.0901 -0.3072 21.0044846 105.7714532 20190810121829 
1 -0.2473 0.1656 -0.0627 21.0044846 105.7714532 20190810121829 
1 -0.2145 -0.0751 -0.1367 21.0044846 105.7714532 20190810121829 
1 -0.2527 -0.0412 -0.0472 21.0044469 105.7716275 20190810121829 
1 -0.2132 -0.0388 -0.1767 21.0044469 105.7716275 20190810121829 
1 -0.2750 0.0338 0.0643 21.0044469 105.7716275 20190810121829 
1 -0.1143 -0.2571 -0.3475 21.0044469 105.7716275 20190810121829 
1 -0.2984 0.1920 -0.1468 21.0044469 105.7716275 20190810121829 
1 -0.1642 -0.1831 -0.3341 21.0044469 105.7716275 20190810121829 
1 -0.3086 0.1433 -0.0276 21.0044469 105.7716275 20190810121829 
1 -0.2467 -0.0400 -0.0094 21.0044469 105.7716275 20190810121829 
1 -0.1234 -0.2204 -0.1386 21.0044469 105.7716275 20190810121829 
1 -0.3647 0.1113 0.2849 21.0044469 105.7716275 20190810121829 
1 -0.2328 -0.1060 -0.3846 21.0044469 105.7716275 20190810121829 
1 -0.0737 0.0251 -0.1642 21.0044469 105.7716275 20190810121829 
1 -0.3309 0.0977 0.1660 21.0044469 105.7716275 20190810121829 
1 -0.1253 -0.0734 -0.1284 21.0044469 105.7716275 20190810121829 
1 -0.2896 0.0758 0.1639 21.0044469 105.7716275 20190810121829 
1 -0.2075 0.0196 -0.0328 21.0044469 105.7716275 20190810121829 
1 -0.2062 0.1607 0.1894 21.0044469 105.7716275 20190810121830 
1 -0.2454 -0.1312 0.2569 21.0044469 105.7716275 20190810121830 
1 -0.2418 0.4007 0.1346 21.0044469 105.7716275 20190810121830 
1 -0.1621 -0.1119 -0.1852 21.0044469 105.7716275 20190810121830 
1 -0.2298 0.4038 0.4010 21.0044469 105.7716275 20190810121830 
1 -0.2471 -0.1030 0.1548 21.0044469 105.7716275 20190810121830 
1 -0.2468 0.2126 0.2503 21.0044469 105.7716275 20190810121830 
1 -0.1795 0.2339 0.1429 21.0044469 105.7716275 20190810121830 
1 -0.2057 -0.2299 0.0093 21.0044469 105.7716275 20190810121830 
1 -0.3181 0.1857 0.8076 21.0044469 105.7716275 20190810121830 
1 -0.2732 0.1796 0.3860 21.0044469 105.7716275 20190810121830 
1 -0.1586 0.0140 0.1330 21.0044469 105.7716275 20190810121830 
1 -0.1750 -0.0629 0.3579 21.0044469 105.7716275 20190810121830 
1 -0.2291 0.2188 0.2409 21.0044469 105.7716275 20190810121830 
1 -0.2607 -0.2529 0.0698 21.0044469 105.7716275 20190810121830 
1 -0.2335 0.1885 0.4557 21.0044469 105.7716275 20190810121830 
1 -0.0410 -0.2156 -0.0386 21.0044469 105.7716275 20190810121830 
1 -0.2117 0.0301 0.4302 21.0044469 105.7716275 20190810121830 
1 -0.2730 0.0272 0.3583 21.0044469 105.7716275 20190810121830 
1 -0.1664 -0.2518 -0.2520 21.0044469 105.7716275 20190810121830 
1 -0.1247 0.3843 -0.1965 21.0044469 105.7716275 20190810121830 
1 -0.1461 -0.2106 -0.8136 21.0044469 105.7716275 20190810121830 
1 -0.3858 -0.0962 0.3191 21.0044469 105.7716275 20190810121830 
1 -0.0945 0.0501 -0.1719 21.0044469 105.7716275 20190810121830 
1 -0.1399 0.0521 -0.5331 21.0044469 105.7716275 20190810121830 
1 -0.2597 -0.1400 -0.2100 21.0044469 105.7716275 20190810121830 
1 -0.2984 0.1228 0.1705 21.0044469 105.7716275 20190810121830 
1 -0.1054 0.0971 -0.4366 21.0044469 105.7716275 20190810121830 
1 -0.1473 0.1795 -0.4898 21.0044469 105.7716275 20190810121830 
1 -0.3522 -0.0136 0.0428 21.0044469 105.7716275 20190810121830 
1 -0.1746 0.1326 0.2129 21.0044469 105.7716275 20190810121830 
1 -0.1203 0.2226 0.1534 21.0044061 105.7717996 20190810121830 
1 -0.3134 0.1632 0.0050 21.0044061 105.7717996 20190810121830 
1 -0.1857 0.0068 0.3343 21.0044061 105.7717996 20190810121830 
1 -0.1050 0.0010 -0.0032 21.0044061 105.7717996 20190810121830 
1 -0.2077 0.2663 -0.3999 21.0044061 105.7717996 20190810121830 
1 -0.1652 -0.0209 0.3710 21.0044061 105.7717996 20190810121830 
1 -0.1832 0.0050 0.4865 21.0044061 105.7717996 20190810121830 
1 -0.1228 0.0631 0.0230 21.0044061 105.7717996 20190810121830 
1 -0.0788 0.0826 -0.2242 21.0044061 105.7717996 20190810121830 
1 -0.3489 0.1463 0.6244 21.0044061 105.7717996 20190810121830 
1 -0.1852 -0.3282 0.0477 21.0044061 105.7717996 20190810121830 
1 -0.2531 0.0509 0.0313 21.0044061 105.7717996 20190810121830 
1 -0.1263 -0.0939 -0.3578 21.0044061 105.7717996 20190810121830 
1 -0.1869 -0.0239 0.2446 21.0044061 105.7717996 20190810121830 
1 -0.1973 -0.3417 0.2648 21.0044061 105.7717996 20190810121830 
1 -0.1280 0.3528 -0.0733 21.0044061 105.7717996 20190810121831 
1 -0.1727 -0.2313 -0.1933 21.0044061 105.7717996 20190810121831 
1 -0.1948 0.2778 0.3739 21.0044061 105.7717996 20190810121831 
1 -0.0501 -0.0694 -0.2520 21.0044061 105.7717996 20190810121831 
1 -0.2384 -0.0349 -0.0816 21.0044061 105.7717996 20190810121831 
1 -0.1643 0.1114 -0.0617 21.0044061 105.7717996 20190810121831 
1 -0.1599 0.0683 -0.1350 21.0044061 105.7717996 20190810121831 
1 -0.1835 -0.1039 -0.1708 21.0044061 105.7717996 20190810121831 
1 -0.1324 0.0071 -0.0997 21.0044061 105.7717996 20190810121831 
1 -0.1197 0.1247 -0.6124 21.0044061 105.7717996 20190810121831 
1 -0.2800 0.3272 0.1541 21.0044061 105.7717996 20190810121831 
1 -0.1350 -0.0675 0.0329 21.0044061 105.7717996 20190810121831 
1 -0.0752 0.2425 -0.1084 21.0044061 105.7717996 20190810121831 
1 -0.3077 0.2993 0.0911 21.0044061 105.7717996 20190810121831 
1 -0.1231 0.0698 -0.0697 21.0044061 105.7717996 20190810121831 
1 -0.0307 -0.0666 -0.1338 21.0044061 105.7717996 20190810121831 
1 -0.2116 -0.0586 0.2891 21.0044061 105.7717996 20190810121831 
1 -0.0375 -0.1785 -0.1883 21.0044061 105.7717996 20190810121831 
1 -0.2350 0.1051 0.1134 21.0044061 105.7717996 20190810121831 
1 0.0422 -0.4117 -0.2588 21.0044061 105.7717996 20190810121831 
1 -0.2071 0.5230 0.1614 21.0044061 105.7717996 20190810121831 
1 -0.0305 -0.1431 -0.1768 21.0044061 105.7717996 20190810121831 
1 -0.0542 0.0730 -0.0412 21.0044061 105.7717996 20190810121831 
1 -0.1872 -0.0796 -0.0328 21.0044061 105.7717996 20190810121831 
1 -0.2592 0.1380 -0.0776 21.0044061 105.7717996 20190810121831 
1 0.0293 -0.6457 -0.5542 21.0044061 105.7717996 20190810121831 
1 -0.3088 0.2083 -0.2583 21.0044061 105.7717996 20190810121831 
1 -0.2606 -0.1346 -0.2557 21.0044061 105.7717996 20190810121831 
1 -0.0555 -0.1082 -0.0087 21.0044061 105.7717996 20190810121831 
1 -0.1431 0.1609 0.1187 21.0044061 105.7717996 20190810121831 
1 -0.3266 0.0342 0.0794 21.0044061 105.7717996 20190810121831 
1 -0.0280 0.2737 0.3650 21.0044061 105.7717996 20190810121831 
1 -0.1243 -0.2055 0.3702 21.0044061 105.7717996 20190810121831 
1 -0.2488 0.1248 0.6659 21.0044061 105.7717996 20190810121831 
1 0.0264 -0.0117 0.1417 21.0043671 105.7719657 20190810121831 
1 -0.1511 -0.1321 0.2707 21.0043671 105.7719657 20190810121831 
1 0.0085 -0.0187 0.0107 21.0043671 105.7719657 20190810121831 
1 -0.0662 0.0231 0.0451 21.0043671 105.7719657 20190810121831 
1 -0.1480 -0.0712 0.6231 21.0043671 105.7719657 20190810121831 
1 0.0401 -0.0787 -0.1482 21.0043671 105.7719657 20190810121831 
1 -0.0856 -0.1921 0.0158 21.0043671 105.7719657 20190810121831 
1 -0.0236 -0.1713 -0.1943 21.0043671 105.7719657 20190810121831 
1 0.1404 -0.3146 -0.8971 21.0043671 105.7719657 20190810121831 
1 -0.3688 0.0562 -0.0972 21.0043671 105.7719657 20190810121831 
1 0.1327 -0.2864 -0.4974 21.0043671 105.7719657 20190810121831 
1 0.0439 -0.1267 -0.5655 21.0043671 105.7719657 20190810121831 
1 -0.2564 0.0467 -0.4587 21.0043671 105.7719657 20190810121831 
1 0.1428 -0.3734 -0.8607 21.0043671 105.7719657 20190810121831 
1 -0.1448 -0.1975 -0.2212 21.0043671 105.7719657 20190810121831 
1 0.0854 -0.0321 -0.5326 21.0043671 105.7719657 20190810121831 
1 -0.1419 -0.1499 -0.4333 21.0043671 105.7719657 20190810121831 
1 -0.2516 0.1876 -0.0773 21.0043671 105.7719657 20190810121831 
1 0.1484 -0.4190 -0.6698 21.0043671 105.7719657 20190810121831 
1 -0.0816 0.4972 -0.1775 21.0043671 105.7719657 20190810121832 
1 -0.0722 -0.2476 -0.4246 21.0043671 105.7719657 20190810121832 
1 -0.0139 -0.2324 0.2408 21.0043671 105.7719657 20190810121832 
1 0.0078 0.1962 -0.0788 21.0043671 105.7719657 20190810121832 
1 0.0534 -0.0536 -0.5154 21.0043671 105.7719657 20190810121832 
1 -0.1954 0.1041 0.0685 21.0043671 105.7719657 20190810121832 
1 0.0491 -0.1031 0.1207 21.0043671 105.7719657 20190810121832 
1 -0.0210 0.1712 -0.0857 21.0043671 105.7719657 20190810121832 
1 -0.0084 0.0249 0.0226 21.0043671 105.7719657 20190810121832 
1 -0.0062 0.0479 0.0388 21.0043671 105.7719657 20190810121832 
1 -0.0090 -0.1093 -0.2708 21.0043671 105.7719657 20190810121832 
1 0.0310 -0.1608 -0.0830 21.0043671 105.7719657 20190810121832 
1 0.0076 0.0731 -0.2283 21.0043671 105.7719657 20190810121832 
1 -0.0151 -0.0013 -0.1298 21.0043671 105.7719657 20190810121832 
1 0.0761 0.0179 -0.2881 21.0043671 105.7719657 20190810121832 
1 -0.0374 0.0558 -0.2906 21.0043671 105.7719657 20190810121832 
1 -0.0210 0.0161 -0.3454 21.0043671 105.7719657 20190810121832 
1 0.0962 -0.1039 -0.2019 21.0043671 105.7719657 20190810121832 
1 0.0066 0.0632 -0.1946 21.0043671 105.7719657 20190810121832 
1 0.0919 -0.1312 -0.4239 21.0043671 105.7719657 20190810121832 
1 -0.0153 -0.1353 -0.3003 21.0043671 105.7719657 20190810121832 
1 -0.1710 0.1629 0.0231 21.0043671 105.7719657 20190810121832 
1 0.0437 -0.1126 -0.4223 21.0043671 105.7719657 20190810121832 
1 -0.0539 0.0229 -0.0849 21.0043671 105.7719657 20190810121832 
1 -0.0401 0.1761 -0.2386 21.0043671 105.7719657 20190810121832 
1 0.0850 -0.0132 -0.5834 21.0043671 105.7719657 20190810121832 
1 -0.1146 0.0521 0.1632 21.0043671 105.7719657 20190810121832 
1 0.0159 -0.0529 0.0206 21.0043671 105.7719657 20190810121832 
1 -0.0325 0.0451 0.2616 21.0043671 105.7719657 20190810121832 
1 0.0153 -0.0896 0.2060 21.0043671 105.7719657 20190810121832 
1 -0.0930 0.0890 0.0906 21.0043671 105.7719657 20190810121832 
1 -0.1912 0.0766 0.3892 21.0043671 105.7719657 20190810121832 
1 0.0865 0.2273 0.0859 21.0043671 105.7719657 20190810121832 
1 -0.0183 0.0038 -0.1926 21.0043376 105.7721354 20190810121832 
1 -0.1337 0.0789 0.1598 21.0043376 105.7721354 20190810121832 
1 -0.1317 0.0313 0.2663 21.0043376 105.7721354 20190810121832 
1 -0.0659 0.1271 0.3089 21.0043376 105.7721354 20190810121832 
1 0.0255 0.1605 -0.2315 21.0043376 105.7721354 20190810121832 
1 -0.2023 0.1574 0.0091 21.0043376 105.7721354 20190810121832 
1 -0.1266 0.1856 0.4419 21.0043376 105.7721354 20190810121832 
1 0.0972 -0.1791 -0.2410 21.0043376 105.7721354 20190810121832 
1 -0.1706 0.2231 0.3664 21.0043376 105.7721354 20190810121832 
1 0.0306 -0.1828 0.0299 21.0043376 105.7721354 20190810121832 
1 -0.0494 0.0098 0.2649 21.0043376 105.7721354 20190810121832 
1 -0.0343 0.0278 -0.0103 21.0043376 105.7721354 20190810121832 
1 -0.2935 0.1640 0.5728 21.0043376 105.7721354 20190810121832 
1 -1.0182 0.1919 2.3257 21.0043376 105.7721354 20190810121832 
1 0.5516 -0.0563 0.1359 21.0043376 105.7721354 20190810121832 
1 -0.1561 -0.2959 0.4270 21.0043376 105.7721354 20190810121833 
1 -1.1528 0.1151 2.1413 21.0043376 105.7721354 20190810121833 
1 0.1202 -0.1889 0.2323 21.0043376 105.7721354 20190810121833 
1 0.1903 -0.2714 1.0910 21.0043376 105.7721354 20190810121833 
1 -0.1703 -0.3874 1.5140 21.0043376 105.7721354 20190810121833 
1 -0.5613 0.4607 2.6725 21.0043376 105.7721354 20190810121833 
1 0.1211 -0.2565 3.1307 21.0043376 105.7721354 20190810121833 
1 0.2986 -0.3804 0.9174 21.0043376 105.7721354 20190810121833 
1 0.0536 0.5942 0.7165 21.0043376 105.7721354 20190810121833 
1 0.3325 0.0912 1.2965 21.0043376 105.7721354 20190810121833 
1 -0.0852 0.0132 1.0828 21.0043376 105.7721354 20190810121833 
1 0.0684 0.0658 0.2139 21.0043376 105.7721354 20190810121833 
1 0.5732 0.0078 0.0008 21.0043376 105.7721354 20190810121833 
1 0.2389 -0.5673 -0.2695 21.0043376 105.7721354 20190810121833 
1 -0.0553 0.4513 -0.3058 21.0043376 105.7721354 20190810121833 
1 0.1517 0.4633 -0.3255 21.0043376 105.7721354 20190810121833 
1 0.4820 -0.4458 -1.4854 21.0043376 105.7721354 20190810121833 
1 0.0743 0.3272 -1.2271 21.0043376 105.7721354 20190810121833 
1 0.1207 -0.0166 -1.8031 21.0043376 105.7721354 20190810121833 
1 0.0540 0.1459 -1.3260 21.0043376 105.7721354 20190810121833 
1 0.0902 -0.0725 -1.3323 21.0043376 105.7721354 20190810121833 
1 0.3414 -0.0665 -1.8737 21.0043376 105.7721354 20190810121833 
1 0.0359 0.1732 -1.5741 21.0043376 105.7721354 20190810121833 
1 0.0407 -0.2681 -1.3274 21.0043376 105.7721354 20190810121833 
1 0.0161 -0.2691 -1.0908 21.0043376 105.7721354 20190810121833 
1 0.2245 -0.0788 -1.4981 21.0043376 105.7721354 20190810121833 
1 0.1766 0.0837 -1.0822 21.0043376 105.7721354 20190810121833 
1 0.0443 -0.3335 -0.4648 21.0043376 105.7721354 20190810121833 
1 0.1053 0.1685 -0.4442 21.0043376 105.7721354 20190810121833 
1 0.1969 -0.1741 -1.0062 21.0043376 105.7721354 20190810121833 
1 0.0503 0.0153 -0.1620 21.0043376 105.7721354 20190810121833 
1 0.0555 -0.0807 -0.0631 21.0043376 105.7721354 20190810121833 
1 0.0409 -0.0793 0.0310 21.0043376 105.7721354 20190810121833 
1 0.2801 -0.1545 -0.1376 21.0043376 105.7721354 20190810121833 
1 0.0996 0.0961 -0.2362 21.0043376 105.7721354 20190810121833 
1 -0.0199 -0.1656 0.2977 21.0043001 105.7722976 20190810121833 
1 0.2031 -0.1319 0.5843 21.0043001 105.7722976 20190810121833 
1 0.3276 -0.4297 -0.0179 21.0043001 105.7722976 20190810121833 
1 -0.0738 0.0431 0.3610 21.0043001 105.7722976 20190810121833 
1 0.0102 -0.0201 0.6484 21.0043001 105.7722976 20190810121833 
1 0.2412 -0.2873 0.5197 21.0043001 105.7722976 20190810121833 
1 0.2254 -0.0501 0.6918 21.0043001 105.7722976 20190810121833 
1 0.1113 -0.1155 0.5375 21.0043001 105.7722976 20190810121833 
1 0.1158 -0.2229 0.6760 21.0043001 105.7722976 20190810121833 
1 0.2324 -0.4076 0.5383 21.0043001 105.7722976 20190810121833 
1 0.1613 -0.2923 0.2632 21.0043001 105.7722976 20190810121833 
1 0.1785 -0.0127 0.3027 21.0043001 105.7722976 20190810121833 
1 0.0775 -0.2548 0.3713 21.0043001 105.7722976 20190810121833 
1 0.1374 -0.4103 0.2972 21.0043001 105.7722976 20190810121833 
1 0.1228 0.0370 0.3485 21.0043001 105.7722976 20190810121833 
1 0.2339 -0.3784 -0.1261 21.0043001 105.7722976 20190810121833 
1 0.0033 0.0477 0.0560 21.0043001 105.7722976 20190810121834 
1 0.1981 -0.4081 -0.2344 21.0043001 105.7722976 20190810121834 
1 0.1380 -0.1262 0.0690 21.0043001 105.7722976 20190810121834 
1 0.2074 -0.2987 -0.3716 21.0043001 105.7722976 20190810121834 
1 0.0215 -0.4044 0.0999 21.0043001 105.7722976 20190810121834 
1 0.1369 -0.2730 0.4661 21.0043001 105.7722976 20190810121834 
1 0.1844 -0.4632 0.1795 21.0043001 105.7722976 20190810121834 
1 0.1350 -0.1328 0.4863 21.0043001 105.7722976 20190810121834 
1 0.2488 -0.3676 -0.2011 21.0043001 105.7722976 20190810121834 
1 0.0882 -0.1806 -0.1080 21.0043001 105.7722976 20190810121834 
1 -0.1053 -0.3931 0.6996 21.0043001 105.7722976 20190810121834 
1 0.2373 -0.4491 0.2289 21.0043001 105.7722976 20190810121834 
1 0.1315 -0.3001 0.1061 21.0043001 105.7722976 20190810121834 
1 -0.0434 -0.5925 0.4235 21.0043001 105.7722976 20190810121834 
1 0.0890 -0.2650 0.6724 21.0043001 105.7722976 20190810121834 
1 0.2628 -0.5952 -0.2268 21.0043001 105.7722976 20190810121834 
1 0.1172 -0.4246 0.0367 21.0043001 105.7722976 20190810121834 
1 0.0262 -0.3948 0.4253 21.0043001 105.7722976 20190810121834 
1 0.2459 0.0551 0.1866 21.0043001 105.7722976 20190810121834 
1 0.1294 -0.0090 0.5583 21.0043001 105.7722976 20190810121834 
1 0.4020 -0.7037 -0.1663 21.0043001 105.7722976 20190810121834 
1 0.1547 0.3663 0.2450 21.0043001 105.7722976 20190810121834 
1 0.1569 -0.5088 -0.3150 21.0043001 105.7722976 20190810121834 
1 0.2444 -0.1263 -0.2785 21.0043001 105.7722976 20190810121834 
1 0.0556 -0.7270 0.0783 21.0043001 105.7722976 20190810121834 
1 0.0355 0.6864 0.1246 21.0043001 105.7722976 20190810121834 
1 0.0686 -0.4554 -0.2952 21.0043001 105.7722976 20190810121834 
1 -0.3241 -0.0626 1.3177 21.0043001 105.7722976 20190810121834 
1 0.1433 -0.4461 -0.4237 21.0043001 105.7722976 20190810121834 
1 0.4357 -0.1995 -1.4878 21.0043001 105.7722976 20190810121834 
1 -0.4521 -0.4520 1.1525 21.0043001 105.7722976 20190810121834 
1 -0.0272 -0.2306 0.6203 21.0043001 105.7722976 20190810121834 
1 0.1316 -0.4562 0.9368 21.0042628 105.7724579 20190810121834 
1 0.1901 -0.2034 1.3078 21.0042628 105.7724579 20190810121834 
1 -0.1944 -0.2542 0.9257 21.0042628 105.7724579 20190810121834 
1 -0.3043 -0.3657 2.1086 21.0042628 105.7724579 20190810121834 
1 0.3210 -0.0213 0.5730 21.0042628 105.7724579 20190810121834 
1 0.3009 -0.2321 -0.6852 21.0042628 105.7724579 20190810121834 
1 -0.0606 0.1398 -0.0598 21.0042628 105.7724579 20190810121834 
1 0.9035 -0.1961 -0.4875 21.0042628 105.7724579 20190810121834 
1 0.1977 0.3214 -0.4396 21.0042628 105.7724579 20190810121834 
1 0.9052 -0.5355 -1.8879 21.0042628 105.7724579 20190810121834 
1 -0.1379 0.0502 0.5287 21.0042628 105.7724579 20190810121834 
1 -0.3432 -0.2346 0.9336 21.0042628 105.7724579 20190810121834 
1 1.6247 0.2218 -3.7971 21.0042628 105.7724579 20190810121834 
1 -0.6604 -0.6706 0.2082 21.0042628 105.7724579 20190810121834 
1 -0.1897 1.0568 -1.8154 21.0042628 105.7724579 20190810121835 
1 0.9361 0.0601 -4.9350 21.0042628 105.7724579 20190810121835 
1 0.3143 -0.5115 -4.5905 21.0042628 105.7724579 20190810121835 
1 0.1290 -0.2094 -1.8748 21.0042628 105.7724579 20190810121835 
1 -0.3206 0.9091 1.3859 21.0042628 105.7724579 20190810121835 
1 0.5526 -0.9872 -1.7612 21.0042628 105.7724579 20190810121835 
1 1.0018 -0.6723 -3.3213 21.0042628 105.7724579 20190810121835 
1 -0.5674 0.7947 0.1370 21.0042628 105.7724579 20190810121835 
1 0.3348 0.1322 -0.9800 21.0042628 105.7724579 20190810121835 
1 0.0268 -0.8261 -2.4361 21.0042628 105.7724579 20190810121835 
1 0.5218 0.2363 -0.1309 21.0042628 105.7724579 20190810121835 
1 0.2311 -0.0906 0.3938 21.0042628 105.7724579 20190810121835 
1 0.1083 0.0562 -0.7156 21.0042628 105.7724579 20190810121835 
1 0.2330 -0.2440 0.1060 21.0042628 105.7724579 20190810121835 
1 0.1900 -0.0135 0.4027 21.0042628 105.7724579 20190810121835 
1 0.1615 0.5015 0.1564 21.0042628 105.7724579 20190810121835 
1 0.5330 -0.3764 0.7081 21.0042628 105.7724579 20190810121835 
1 0.1994 -0.3501 1.0092 21.0042628 105.7724579 20190810121835 
1 0.0242 0.3559 0.4619 21.0042628 105.7724579 20190810121835 
1 0.2422 0.2409 0.6348 21.0042628 105.7724579 20190810121835 
1 0.3505 0.0431 0.9395 21.0042628 105.7724579 20190810121835 
1 0.2955 0.2613 0.8616 21.0042628 105.7724579 20190810121835 
1 0.2418 0.3016 0.4921 21.0042628 105.7724579 20190810121835 
1 0.1117 0.4151 0.6573 21.0042628 105.7724579 20190810121835 
1 0.2334 0.0458 0.0827 21.0042628 105.7724579 20190810121835 
1 0.2837 0.5632 0.5000 21.0042628 105.7724579 20190810121835 
1 0.3895 0.1436 0.2328 21.0042628 105.7724579 20190810121835 
1 0.1454 0.4705 0.3182 21.0042628 105.7724579 20190810121835 
1 0.2653 0.2445 0.0323 21.0042628 105.7724579 20190810121835 
1 0.3760 0.3129 0.1385 21.0042628 105.7724579 20190810121835 
1 0.2983 0.4935 0.1102 21.0042628 105.7724579 20190810121835 
1 0.3982 0.2722 -0.0333 21.0042628 105.7724579 20190810121835 
1 0.3103 0.3355 -0.0797 21.0042628 105.7724579 20190810121835 
1 0.2492 0.2131 -0.1822 21.0042628 105.7724579 20190810121835 
1 0.3898 0.0057 -0.4593 21.0042269 105.7726236 20190810121835 
1 0.1946 0.3077 -0.1490 21.0042269 105.7726236 20190810121835 
1 0.3909 -0.0119 -0.4947 21.0042269 105.7726236 20190810121835 
1 0.2324 0.3690 -0.1378 21.0042269 105.7726236 20190810121835 
1 0.2188 0.0350 -0.2382 21.0042269 105.7726236 20190810121835 
1 0.2451 0.1727 -0.2536 21.0042269 105.7726236 20190810121835 
1 0.2352 0.2525 -0.1457 21.0042269 105.7726236 20190810121835 
1 0.3226 -0.0033 -0.1986 21.0042269 105.7726236 20190810121835 
1 0.2045 0.2710 -0.0249 21.0042269 105.7726236 20190810121835 
1 0.1051 0.2443 0.2022 21.0042269 105.7726236 20190810121835 
1 0.3323 0.0982 0.2243 21.0042269 105.7726236 20190810121835 
1 0.1952 0.3615 0.0385 21.0042269 105.7726236 20190810121835 
1 0.0124 0.2392 0.4148 21.0042269 105.7726236 20190810121835 
1 0.2390 0.0810 0.3941 21.0042269 105.7726236 20190810121835 
1 0.1641 0.3444 0.3063 21.0042269 105.7726236 20190810121835 
1 0.0480 0.4135 0.2340 21.0042269 105.7726236 20190810121835 
1 0.1943 0.3449 0.3924 21.0042269 105.7726236 20190810121835 
1 0.1443 0.2616 0.5337 21.0042269 105.7726236 20190810121835 
1 0.1620 0.0554 0.2697 21.0042269 105.7726236 20190810121836 
1 0.2203 0.6376 0.2829 21.0042269 105.7726236 20190810121836 
1 0.1769 -0.3986 -0.3443 21.0042269 105.7726236 20190810121836 
1 -0.0717 0.3064 0.8210 21.0042269 105.7726236 20190810121836 
1 0.2530 0.0783 0.0018 21.0042269 105.7726236 20190810121836 
1 0.3342 0.0834 -0.0189 21.0042269 105.7726236 20190810121836 
1 0.1643 0.2069 0.3869 21.0042269 105.7726236 20190810121836 
1 0.0921 0.2004 -0.0691 21.0042269 105.7726236 20190810121836 
1 0.1297 0.4629 0.1290 21.0042269 105.7726236 20190810121836 
1 0.3445 -0.0857 -0.7483 21.0042269 105.7726236 20190810121836 
1 0.3032 0.1816 -0.9213 21.0042269 105.7726236 20190810121836 
1 0.1053 0.4954 0.5141 21.0042269 105.7726236 20190810121836 
1 0.3839 0.4468 0.2372 21.0042269 105.7726236 20190810121836 
1 0.4144 -0.3423 -0.4797 21.0042269 105.7726236 20190810121836 
1 0.2586 0.3352 -0.5023 21.0042269 105.7726236 20190810121836 
1 0.2245 -0.0654 -0.6249 21.0042269 105.7726236 20190810121836 
1 0.0746 0.5977 0.1374 21.0042269 105.7726236 20190810121836 
1 0.5845 -0.0342 -0.8059 21.0042269 105.7726236 20190810121836 
1 0.4485 0.0894 -0.9900 21.0042269 105.7726236 20190810121836 
1 0.0077 0.7450 0.2200 21.0042269 105.7726236 20190810121836 
1 0.2252 -0.0097 0.1743 21.0042269 105.7726236 20190810121836 
1 0.4915 -0.2415 -0.1317 21.0042269 105.7726236 20190810121836 
1 0.2117 0.2007 0.1200 21.0042269 105.7726236 20190810121836 
1 0.2108 0.1061 -0.2715 21.0042269 105.7726236 20190810121836 
1 0.4044 -0.0482 -0.1722 21.0042269 105.7726236 20190810121836 
1 0.5002 0.1102 -0.2894 21.0042269 105.7726236 20190810121836 
1 0.3154 0.4996 0.2555 21.0042269 105.7726236 20190810121836 
1 0.3754 0.3841 0.1515 21.0042269 105.7726236 20190810121836 
1 0.3615 -0.3098 0.3601 21.0042269 105.7726236 20190810121836 
1 0.4778 0.2307 0.0636 21.0042269 105.7726236 20190810121836 
1 0.3432 0.1078 0.1300 21.0042269 105.7726236 20190810121836 
1 0.2081 0.0731 0.6819 21.0042269 105.7726236 20190810121836 
1 0.4395 0.2319 -0.0921 21.0042269 105.7726236 20190810121836 
1 0.4736 0.2229 0.0573 21.0041976 105.7727891 20190810121836 
1 0.3145 0.1966 0.3507 21.0041976 105.7727891 20190810121836 
1 0.4870 0.1768 -0.6082 21.0041976 105.7727891 20190810121836 
1 0.0910 0.0661 0.2156 21.0041976 105.7727891 20190810121836 
1 0.4370 0.0476 0.4188 21.0041976 105.7727891 20190810121836 
1 0.7223 0.2493 -0.3558 21.0041976 105.7727891 20190810121836 
1 0.4484 0.4912 0.1731 21.0041976 105.7727891 20190810121836 
1 0.5768 -0.2833 -0.1721 21.0041976 105.7727891 20190810121836 
1 0.2293 0.6312 0.7326 21.0041976 105.7727891 20190810121836 
1 0.5193 0.1096 -0.3905 21.0041976 105.7727891 20190810121836 
1 0.3286 0.1632 0.1751 21.0041976 105.7727891 20190810121836 
1 0.4337 0.0156 0.1903 21.0041976 105.7727891 20190810121836 
1 0.2905 0.3177 -0.0184 21.0041976 105.7727891 20190810121836 
1 0.3934 -0.0487 -0.0154 21.0041976 105.7727891 20190810121836 
1 0.4683 0.2682 0.2424 21.0041976 105.7727891 20190810121836 
1 0.4200 -0.0596 0.1117 21.0041976 105.7727891 20190810121836 
1 0.3810 0.0764 -0.1802 21.0041976 105.7727891 20190810121837 
1 0.3410 0.0562 -0.0894 21.0041976 105.7727891 20190810121837 
1 0.3012 0.2383 0.1944 21.0041976 105.7727891 20190810121837 
1 0.6540 -0.2789 -0.6274 21.0041976 105.7727891 20190810121837 
1 0.2903 -0.0772 0.1518 21.0041976 105.7727891 20190810121837 
1 0.3969 0.1306 -0.2599 21.0041976 105.7727891 20190810121837 
1 0.5031 0.0692 -0.4850 21.0041976 105.7727891 20190810121837 
1 0.2050 -0.0873 0.3151 21.0041976 105.7727891 20190810121837 
1 0.5966 0.1572 -0.5158 21.0041976 105.7727891 20190810121837 
1 0.2725 0.0990 -0.2594 21.0041976 105.7727891 20190810121837 
1 0.4277 0.0270 -0.2765 21.0041976 105.7727891 20190810121837 
1 0.3723 0.0280 -0.4632 21.0041976 105.7727891 20190810121837 
1 0.3239 0.1537 0.0212 21.0041976 105.7727891 20190810121837 
1 0.5180 0.2752 -0.3196 21.0041976 105.7727891 20190810121837 
1 0.5360 0.0463 -0.5761 21.0041976 105.7727891 20190810121837 
1 0.1117 0.0849 0.8975 21.0041976 105.7727891 20190810121837 
1 0.4392 0.4157 0.4385 21.0041976 105.7727891 20190810121837 
1 0.4742 0.1219 -0.2784 21.0041976 105.7727891 20190810121837 
1 0.3896 0.2608 0.0904 21.0041976 105.7727891 20190810121837 
1 0.4195 0.1985 -0.0833 21.0041976 105.7727891 20190810121837 
1 0.1456 0.1313 0.3268 21.0041976 105.7727891 20190810121837 
1 0.5434 -0.2228 0.0629 21.0041976 105.7727891 20190810121837 
1 0.3860 0.4337 0.3128 21.0041976 105.7727891 20190810121837 
1 0.3811 -0.1357 0.1850 21.0041976 105.7727891 20190810121837 
1 0.3359 0.4236 0.6306 21.0041976 105.7727891 20190810121837 
1 0.4536 0.0402 0.2780 21.0041976 105.7727891 20190810121837 
1 0.4367 0.1196 -0.1324 21.0041976 105.7727891 20190810121837 
1 0.3439 0.2716 -0.1086 21.0041976 105.7727891 20190810121837 
1 0.4671 -0.2107 -0.4408 21.0041976 105.7727891 20190810121837 
1 0.3452 0.0325 0.1563 21.0041976 105.7727891 20190810121837 
1 0.4751 0.1805 -0.1546 21.0041976 105.7727891 20190810121837 
1 0.3720 -0.1154 -0.0031 21.0041976 105.7727891 20190810121837 
1 0.4350 -0.0745 0.1642 21.0041625 105.7729574 20190810121837 
1 0.3319 0.3348 -0.0597 21.0041625 105.7729574 20190810121837 
1 0.3340 -0.0804 -0.2582 21.0041625 105.7729574 20190810121837 
1 0.3358 0.0854 0.0264 21.0041625 105.7729574 20190810121837 
1 0.5152 0.0841 -0.3845 21.0041625 105.7729574 20190810121837 
1 0.2519 -0.0862 -0.1688 21.0041625 105.7729574 20190810121837 
1 0.3748 -0.1748 0.1118 21.0041625 105.7729574 20190810121837 
1 0.4414 0.2070 0.0268 21.0041625 105.7729574 20190810121837 
1 0.3818 0.0586 -0.1942 21.0041625 105.7729574 20190810121837 
1 0.3968 0.0007 0.2532 21.0041625 105.7729574 20190810121837 
1 0.3404 0.1474 0.1509 21.0041625 105.7729574 20190810121837 
1 0.3321 0.1405 -0.0571 21.0041625 105.7729574 20190810121837 
1 0.4057 0.0502 0.0277 21.0041625 105.7729574 20190810121837 
1 0.3737 0.1561 -0.0688 21.0041625 105.7729574 20190810121837 
1 0.3375 0.0051 -0.1225 21.0041625 105.7729574 20190810121837 
1 0.4264 -0.0595 -0.0416 21.0041625 105.7729574 20190810121837 
1 0.3580 0.1799 0.0595 21.0041625 105.7729574 20190810121837 
1 0.4536 0.0026 -0.0521 21.0041625 105.7729574 20190810121837 
1 0.3687 0.0069 -0.0481 21.0041625 105.7729574 20190810121838 
1 0.1914 0.3614 0.1460 21.0041625 105.7729574 20190810121838 
1 0.4156 -0.1018 0.0447 21.0041625 105.7729574 20190810121838 
1 0.2750 0.0980 0.1254 21.0041625 105.7729574 20190810121838 
1 0.3397 0.1381 -0.2484 21.0041625 105.7729574 20190810121838 
1 0.4246 -0.1450 -0.1614 21.0041625 105.7729574 20190810121838 
1 0.1235 0.3599 0.3414 21.0041625 105.7729574 20190810121838 
1 0.4142 -0.0497 -0.0307 21.0041625 105.7729574 20190810121838 
1 0.3797 0.0570 0.2176 21.0041625 105.7729574 20190810121838 
1 0.3364 0.1475 0.2272 21.0041625 105.7729574 20190810121838 
1 0.1533 0.2380 0.2469 21.0041625 105.7729574 20190810121838 
1 0.3759 -0.0880 0.2323 21.0041625 105.7729574 20190810121838 
1 0.2898 0.3546 0.6057 21.0041625 105.7729574 20190810121838 
1 0.2691 0.2344 0.3585 21.0041625 105.7729574 20190810121838 
1 0.2495 0.1258 0.3803 21.0041625 105.7729574 20190810121838 
1 0.3822 0.0631 -0.0869 21.0041625 105.7729574 20190810121838 
1 0.3166 0.0112 -0.1573 21.0041625 105.7729574 20190810121838 
1 0.2699 0.2000 0.3941 21.0041625 105.7729574 20190810121838 
1 0.4263 -0.1382 0.1216 21.0041625 105.7729574 20190810121838 
1 0.1904 0.1842 0.4963 21.0041625 105.7729574 20190810121838 
1 0.3246 0.3089 0.2008 21.0041625 105.7729574 20190810121838 
1 0.2629 -0.1913 0.0884 21.0041625 105.7729574 20190810121838 
1 0.1795 0.0830 0.0630 21.0041625 105.7729574 20190810121838 
1 0.1617 -0.0265 -0.6756 21.0041625 105.7729574 20190810121838 
1 0.1116 0.0108 -0.1052 21.0041625 105.7729574 20190810121838 
1 0.1889 -0.2124 -0.3350 21.0041625 105.7729574 20190810121838 
1 -0.0316 0.3450 0.0849 21.0041625 105.7729574 20190810121838 
1 0.2411 -0.3935 -0.4882 21.0041625 105.7729574 20190810121838 
1 0.1021 0.5142 -0.0677 21.0041625 105.7729574 20190810121838 
1 0.1407 -0.2020 -0.3255 21.0041625 105.7729574 20190810121838 
1 0.1378 -0.0731 -0.0236 21.0041625 105.7729574 20190810121838 
1 0.1971 0.0720 -0.2592 21.0041243 105.7731269 20190810121838 
1 0.1299 0.2444 -0.5416 21.0041243 105.7731269 20190810121838 
1 0.2681 -0.2529 -0.3346 21.0041243 105.7731269 20190810121838 
1 0.0631 0.0930 0.1638 21.0041243 105.7731269 20190810121838 
1 0.0961 0.0385 -0.2810 21.0041243 105.7731269 20190810121838 
1 0.0543 0.1245 -0.0479 21.0041243 105.7731269 20190810121838 
1 0.2053 -0.1312 -0.2031 21.0041243 105.7731269 20190810121838 
1 0.1274 0.1261 -0.1036 21.0041243 105.7731269 20190810121838 
1 -0.1829 0.1759 0.1114 21.0041243 105.7731269 20190810121838 
1 -0.0135 -0.1136 0.2002 21.0041243 105.7731269 20190810121838 
1 0.0101 -0.2055 -0.0068 21.0041243 105.7731269 20190810121838 
1 -0.2151 0.1537 0.1375 21.0041243 105.7731269 20190810121838 
1 -0.0974 0.0407 -0.0359 21.0041243 105.7731269 20190810121838 
1 -0.0379 -0.0234 -0.0686 21.0041243 105.7731269 20190810121838 
1 -0.0083 -0.1437 0.1807 21.0041243 105.7731269 20190810121838 
1 -0.1702 0.2405 0.4175 21.0041243 105.7731269 20190810121838 
1 0.0775 -0.2456 0.3396 21.0041243 105.7731269 20190810121838 
1 0.0260 0.0761 0.1234 21.0041243 105.7731269 20190810121838 
1 -0.1778 0.2002 0.2801 21.0041243 105.7731269 20190810121839 
1 0.0771 -0.1882 0.0273 21.0041243 105.7731269 20190810121839 
1 0.0461 0.0814 -0.0962 21.0041243 105.7731269 20190810121839 
1 -0.0751 -0.1097 0.1290 21.0041243 105.7731269 20190810121839 
1 -0.0337 -0.2060 0.3070 21.0041243 105.7731269 20190810121839 
1 -0.0250 -0.0166 0.1179 21.0041243 105.7731269 20190810121839 
1 -0.0839 -0.0542 -0.6787 21.0041243 105.7731269 20190810121839 
1 -0.1390 -0.0523 -0.1035 21.0041243 105.7731269 20190810121839 
1 -0.1397 -0.1246 -0.1815 21.0041243 105.7731269 20190810121839 
1 -0.1730 0.0309 -0.5377 21.0041243 105.7731269 20190810121839 
1 -0.1816 -0.0837 -0.2729 21.0041243 105.7731269 20190810121839 
1 -0.0587 -0.3289 -0.1713 21.0041243 105.7731269 20190810121839 
1 -0.1836 -0.0057 -0.2828 21.0041243 105.7731269 20190810121839 
1 -0.3089 -0.0268 -0.3877 21.0041243 105.7731269 20190810121839 
1 -0.1369 -0.0338 -0.2076 21.0041243 105.7731269 20190810121839 
1 -0.2557 -0.3253 -0.3653 21.0041243 105.7731269 20190810121839 
1 -0.3742 0.2141 0.0799 21.0041243 105.7731269 20190810121839 
1 -0.1396 -0.3028 -0.5296 21.0041243 105.7731269 20190810121839 
1 -0.2819 0.0025 -0.1612 21.0041243 105.7731269 20190810121839 
1 -0.2604 -0.0150 -0.1584 21.0041243 105.7731269 20190810121839 
1 -0.3190 -0.1574 -0.1812 21.0041243 105.7731269 20190810121839 
1 -0.3792 0.0177 0.2419 21.0041243 105.7731269 20190810121839 
1 -0.3386 -0.0756 -0.0814 21.0041243 105.7731269 20190810121839 
1 -0.3962 -0.0315 0.4849 21.0041243 105.7731269 20190810121839 
1 -0.1046 -0.2737 0.2394 21.0041243 105.7731269 20190810121839 
1 -0.2767 0.0170 0.0692 21.0041243 105.7731269 20190810121839 
1 -0.3290 0.0139 0.2661 21.0041243 105.7731269 20190810121839 
1 -0.2829 -0.1891 0.3111 21.0041243 105.7731269 20190810121839 
1 -0.1537 0.0426 0.3022 21.0041243 105.7731269 20190810121839 
1 -0.0327 -0.1030 0.0941 21.0041243 105.7731269 20190810121839 
1 -0.1395 0.1470 0.7134 21.0041243 105.7731269 20190810121839 
1 -0.2664 -0.2712 0.2554 21.0040894 105.7733022 20190810121839 
1 -0.2595 0.1047 0.0962 21.0040894 105.7733022 20190810121839 
1 0.1756 -0.1637 -0.2356 21.0040894 105.7733022 20190810121839 
1 -0.1872 0.0107 0.2998 21.0040894 105.7733022 20190810121839 
1 -0.3929 -0.0088 0.2269 21.0040894 105.7733022 20190810121839 
1 -0.0471 0.0723 0.1089 21.0040894 105.7733022 20190810121839 
1 0.0910 -0.2357 -0.0723 21.0040894 105.7733022 20190810121839 
1 -0.1145 0.1714 -0.3143 21.0040894 105.7733022 20190810121839 
1 -0.3690 0.1456 -0.0713 21.0040894 105.7733022 20190810121839 
1 -0.3382 -0.0706 -0.0651 21.0040894 105.7733022 20190810121839 
1 -0.0355 -0.0576 -0.3157 21.0040894 105.7733022 20190810121839 
1 -0.1963 0.0688 -0.1794 21.0040894 105.7733022 20190810121839 
1 -0.6477 0.1911 0.4119 21.0040894 105.7733022 20190810121839 
1 -0.6253 0.0193 0.2174 21.0040894 105.7733022 20190810121839 
1 0.0273 -0.1452 -0.8071 21.0040894 105.7733022 20190810121839 
1 -0.2085 -0.1354 -0.0985 21.0040894 105.7733022 20190810121839 
1 -0.6245 0.2176 0.6348 21.0040894 105.7733022 20190810121839 
1 0.0227 -0.1830 -0.5217 21.0040894 105.7733022 20190810121840 
1 -0.1191 -0.3333 0.0923 21.0040894 105.7733022 20190810121840 
1 -0.3172 0.3120 0.5584 21.0040894 105.7733022 20190810121840 
1 -0.1681 -0.1227 0.0960 21.0040894 105.7733022 20190810121840 
1 -0.2178 -0.4008 0.2739 21.0040894 105.7733022 20190810121840 
1 -0.1917 -0.2871 -0.2869 21.0040894 105.7733022 20190810121840 
1 -0.5125 0.2782 0.3003 21.0040894 105.7733022 20190810121840 
1 -0.1061 -0.5946 -0.2754 21.0040894 105.7733022 20190810121840 
1 -0.3097 0.1300 0.0369 21.0040894 105.7733022 20190810121840 
1 -0.3811 -0.0151 -0.4021 21.0040894 105.7733022 20190810121840 
1 -0.0987 -0.3736 -0.0979 21.0040894 105.7733022 20190810121840 
1 -0.3606 0.1645 0.2993 21.0040894 105.7733022 20190810121840 
1 -0.0547 -0.3097 -0.4187 21.0040894 105.7733022 20190810121840 
1 -0.3377 0.1019 0.2654 21.0040894 105.7733022 20190810121840 
1 -0.6269 0.3451 0.3655 21.0040894 105.7733022 20190810121840 
1 -0.1347 -0.1510 -0.2996 21.0040894 105.7733022 20190810121840 
1 -0.0546 -0.1948 -0.1599 21.0040894 105.7733022 20190810121840 
1 -0.4056 0.3383 0.0191 21.0040894 105.7733022 20190810121840 
1 -0.2869 -0.1030 0.0592 21.0040894 105.7733022 20190810121840 
1 -0.0516 0.2618 0.4020 21.0040894 105.7733022 20190810121840 
1 -0.1580 -0.0280 -0.0131 21.0040894 105.7733022 20190810121840 
1 -0.2625 0.3412 -0.0789 21.0040894 105.7733022 20190810121840 
1 -0.3272 -0.1292 -0.0518 21.0040894 105.7733022 20190810121840 
1 -0.1937 -0.2105 -0.1592 21.0040894 105.7733022 20190810121840 
1 -0.1621 0.0327 -0.4392 21.0040894 105.7733022 20190810121840 
1 -0.1879 -0.1708 -0.3215 21.0040894 105.7733022 20190810121840 
1 -0.1416 -0.1961 -0.4806 21.0040894 105.7733022 20190810121840 
1 -0.3006 -0.2888 0.0422 21.0040894 105.7733022 20190810121840 
1 -0.1589 -0.1904 -0.0763 21.0040894 105.7733022 20190810121840 
1 -0.1684 -0.1952 0.0326 21.0040894 105.7733022 20190810121840 
1 -0.2366 -0.3157 -0.1755 21.0040894 105.7733022 20190810121840 
1 -0.2893 -0.0580 -0.2911 21.0040894 105.7733022 20190810121840 
1 -0.3090 -0.3330 -0.3424 21.0040894 105.7733022 20190810121840 
1 -0.3743 0.0071 -0.2739 21.0040894 105.7733022 20190810121840 
1 -0.1964 -0.4861 -0.2831 21.0040894 105.7733022 20190810121840 
1 -0.4017 -0.1582 0.2839 21.0040523 105.7734753 20190810121840 
1 -0.3178 -0.0260 0.3521 21.0040523 105.7734753 20190810121840 
1 -0.2642 -0.0507 0.1536 21.0040523 105.7734753 20190810121840 
1 -0.4007 -0.0295 0.7396 21.0040523 105.7734753 20190810121840 
1 -0.1973 0.1612 0.1902 21.0040523 105.7734753 20190810121840 
1 -0.1831 0.0713 0.1037 21.0040523 105.7734753 20190810121840 
1 -0.2091 -0.0999 0.5309 21.0040523 105.7734753 20190810121840 
1 -0.3317 0.0672 0.4635 21.0040523 105.7734753 20190810121840 
1 -0.2185 0.3685 0.4986 21.0040523 105.7734753 20190810121840 
1 -0.0544 0.1515 0.0683 21.0040523 105.7734753 20190810121840 
1 -0.1105 0.2493 0.1270 21.0040523 105.7734753 20190810121840 
1 -0.3565 -0.1622 -0.0751 21.0040523 105.7734753 20190810121840 
1 -0.1991 0.1737 -0.2279 21.0040523 105.7734753 20190810121840 
1 -0.1709 -0.2522 -0.7106 21.0040523 105.7734753 20190810121840 
1 -0.1550 0.1909 -0.3853 21.0040523 105.7734753 20190810121840 
1 -0.2482 -0.0695 -0.1055 21.0040523 105.7734753 20190810121841 
1 -0.2296 0.2216 -0.2667 21.0040523 105.7734753 20190810121841 
1 -0.1001 -0.2435 -0.6447 21.0040523 105.7734753 20190810121841 
1 -0.2132 0.0152 -0.5109 21.0040523 105.7734753 20190810121841 
1 -0.3191 -0.0665 -0.1042 21.0040523 105.7734753 20190810121841 
1 -0.2007 -0.1229 -0.2441 21.0040523 105.7734753 20190810121841 
1 -0.1624 0.0805 -0.2775 21.0040523 105.7734753 20190810121841 
1 -0.2141 -0.0578 -0.3407 21.0040523 105.7734753 20190810121841 
1 -0.2635 -0.0004 -0.0394 21.0040523 105.7734753 20190810121841 
1 -0.2713 -0.1906 0.0633 21.0040523 105.7734753 20190810121841 
1 -0.1768 -0.0382 0.0446 21.0040523 105.7734753 20190810121841 
1 -0.1184 -0.0748 -0.2462 21.0040523 105.7734753 20190810121841 
1 -0.3008 0.0405 0.2982 21.0040523 105.7734753 20190810121841 
1 -0.2508 -0.0803 0.2720 21.0040523 105.7734753 20190810121841 
1 -0.1467 -0.0069 -0.0094 21.0040523 105.7734753 20190810121841 
1 -0.3042 0.1909 0.3735 21.0040523 105.7734753 20190810121841 
1 -0.2596 0.1067 0.1473 21.0040523 105.7734753 20190810121841 
1 -0.3000 0.0681 0.4465 21.0040523 105.7734753 20190810121841 
1 -0.0151 -0.2777 -0.2199 21.0040523 105.7734753 20190810121841 
1 -0.2320 0.2164 -0.2730 21.0040523 105.7734753 20190810121841 
1 -0.3859 -0.3032 0.6337 21.0040523 105.7734753 20190810121841 
1 -0.1742 -0.0406 0.5994 21.0040523 105.7734753 20190810121841 
1 -0.0346 -0.2862 -0.0379 21.0040523 105.7734753 20190810121841 
1 -0.2695 0.1678 0.2436 21.0040523 105.7734753 20190810121841 
1 -0.3456 0.1084 0.2824 21.0040523 105.7734753 20190810121841 
1 -0.1748 -0.3971 0.0016 21.0040523 105.7734753 20190810121841 
1 -0.1165 0.1291 -0.1504 21.0040523 105.7734753 20190810121841 
1 -0.1733 -0.2674 -0.6378 21.0040523 105.7734753 20190810121841 
1 -0.3271 -0.1146 0.3745 21.0040523 105.7734753 20190810121841 
1 -0.1349 -0.3230 0.1653 21.0040523 105.7734753 20190810121841 
1 -0.1429 0.1534 -0.0190 21.0040523 105.7734753 20190810121841 
1 -0.1598 -0.1087 0.0776 21.0040523 105.7734753 20190810121841 
1 -0.1065 0.0148 -0.0245 21.0040523 105.7734753 20190810121841 
1 -0.1933 -0.0718 -0.0676 21.004013 105.7736394 20190810121841 
1 -0.2025 0.0373 -0.0207 21.004013 105.7736394 20190810121841 
1 -0.2087 0.0842 -0.2337 21.004013 105.7736394 20190810121841 
1 -0.1602 -0.1749 -0.2502 21.004013 105.7736394 20190810121841 
1 -0.1713 0.1020 0.0358 21.004013 105.7736394 20190810121841 
1 -0.0826 -0.0585 -0.5519 21.004013 105.7736394 20190810121841 
1 -0.3603 0.0907 0.0694 21.004013 105.7736394 20190810121841 
1 -0.0438 -0.3592 -0.1090 21.004013 105.7736394 20190810121841 
1 -0.1018 0.1058 -0.0006 21.004013 105.7736394 20190810121841 
1 -0.3285 -0.0141 0.0061 21.004013 105.7736394 20190810121841 
1 -0.1438 0.1260 -0.0155 21.004013 105.7736394 20190810121841 
1 -0.0736 -0.1442 -0.0682 21.004013 105.7736394 20190810121841 
1 -0.1838 0.1901 0.0036 21.004013 105.7736394 20190810121841 
1 -0.2882 -0.1863 0.0900 21.004013 105.7736394 20190810121841 
1 -0.1345 -0.0110 0.1258 21.004013 105.7736394 20190810121841 
1 -0.0342 -0.1350 -0.4922 21.004013 105.7736394 20190810121842 
1 -0.3223 0.1192 0.1361 21.004013 105.7736394 20190810121842 
1 -0.2452 0.0459 0.1826 21.004013 105.7736394 20190810121842 
1 -0.0720 -0.0586 0.0774 21.004013 105.7736394 20190810121842 
1 -0.1356 0.1773 0.0628 21.004013 105.7736394 20190810121842 
1 -0.1393 0.0898 -0.0571 21.004013 105.7736394 20190810121842 
1 -0.2522 -0.0437 0.0229 21.004013 105.7736394 20190810121842 
1 -0.1095 -0.0190 0.1675 21.004013 105.7736394 20190810121842 
1 -0.0786 0.0655 -0.2400 21.004013 105.7736394 20190810121842 
1 -0.2062 0.0693 0.0440 21.004013 105.7736394 20190810121842 
1 -0.1444 -0.1551 0.2611 21.004013 105.7736394 20190810121842 
1 -0.1884 0.0941 0.2225 21.004013 105.7736394 20190810121842 
1 -0.0172 -0.1704 -0.2466 21.004013 105.7736394 20190810121842 
1 -0.1510 0.1540 -0.0418 21.004013 105.7736394 20190810121842 
1 -0.2414 -0.0787 0.2077 21.004013 105.7736394 20190810121842 
1 -0.1745 -0.1536 0.1066 21.004013 105.7736394 20190810121842 
1 -0.1439 0.0634 -0.0387 21.004013 105.7736394 20190810121842 
1 -0.1566 0.0836 -0.4867 21.004013 105.7736394 20190810121842 
1 -0.2319 -0.1942 0.1694 21.004013 105.7736394 20190810121842 
1 -0.1504 -0.2562 0.4597 21.004013 105.7736394 20190810121842 
1 -0.1581 0.3116 0.0232 21.004013 105.7736394 20190810121842 
1 -0.1292 -0.3580 -0.1778 21.004013 105.7736394 20190810121842 
1 -0.2401 0.3902 0.7076 21.004013 105.7736394 20190810121842 
1 -0.0935 -0.3467 -0.1342 21.004013 105.7736394 20190810121842 
1 -0.1922 0.1922 0.3130 21.004013 105.7736394 20190810121842 
1 -0.1396 -0.0379 0.1745 21.004013 105.7736394 20190810121842 
1 -0.1090 0.0517 0.1764 21.004013 105.7736394 20190810121842 
1 -0.1586 -0.2511 0.4617 21.004013 105.7736394 20190810121842 
1 -0.1999 0.2676 0.2390 21.004013 105.7736394 20190810121842 
1 -0.0787 0.1290 -0.1171 21.004013 105.7736394 20190810121842 
1 -0.0784 -0.1303 0.0727 21.004013 105.7736394 20190810121842 
1 -0.0887 0.0941 -0.0331 21.004013 105.7736394 20190810121842 
1 -0.1636 -0.1017 -0.1071 21.004013 105.7736394 20190810121842 
1 -0.1154 0.1623 0.0840 21.004013 105.7736394 20190810121842 
1 -0.0407 -0.3028 -0.2205 21.004013 105.7736394 20190810121842 
1 -0.1445 0.0835 -0.0471 21.004013 105.7736394 20190810121842 
1 -0.0884 -0.0625 -0.1865 21.0039797 105.7738107 20190810121842 
1 -0.0161 -0.0668 -0.3623 21.0039797 105.7738107 20190810121842 
1 0.1132 -0.2573 -0.4741 21.0039797 105.7738107 20190810121842 
1 -0.0243 0.0239 -0.3178 21.0039797 105.7738107 20190810121842 
1 0.1141 -0.3170 -0.6727 21.0039797 105.7738107 20190810121842 
1 0.0256 -0.0836 -0.4024 21.0039797 105.7738107 20190810121842 
1 -0.0276 -0.1013 -0.0368 21.0039797 105.7738107 20190810121842 
1 0.1880 -0.2092 -0.3805 21.0039797 105.7738107 20190810121842 
1 -0.1138 0.0932 0.0880 21.0039797 105.7738107 20190810121842 
1 0.0473 -0.2702 -0.4931 21.0039797 105.7738107 20190810121842 
1 -0.0765 -0.0181 -0.2118 21.0039797 105.7738107 20190810121842 
1 -0.0678 -0.1987 -0.2885 21.0039797 105.7738107 20190810121842 
1 -0.0621 0.1270 -0.3618 21.0039797 105.7738107 20190810121842 
1 -0.1121 0.0144 0.1266 21.0039797 105.7738107 20190810121843 
1 -0.0170 0.0633 0.1556 21.0039797 105.7738107 20190810121843 
1 0.1719 -0.1167 -0.1271 21.0039797 105.7738107 20190810121843 
1 -0.1322 0.0969 0.2997 21.0039797 105.7738107 20190810121843 
1 -0.0930 0.2066 0.7841 21.0039797 105.7738107 20190810121843 
1 0.0568 -0.1691 0.5905 21.0039797 105.7738107 20190810121843 
1 0.0448 0.0119 0.3229 21.0039797 105.7738107 20190810121843 
1 0.0347 0.2757 0.1635 21.0039797 105.7738107 20190810121843 
1 -0.2008 0.0827 0.5723 21.0039797 105.7738107 20190810121843 
1 0.1901 -0.3511 0.3499 21.0039797 105.7738107 20190810121843 
1 0.0722 -0.0189 0.0277 21.0039797 105.7738107 20190810121843 
1 -0.0813 0.0344 0.0133 21.0039797 105.7738107 20190810121843 
1 -0.0126 -0.0351 0.1518 21.0039797 105.7738107 20190810121843 
1 0.1022 -0.1616 0.0474 21.0039797 105.7738107 20190810121843 
1 -0.0385 0.1225 0.0378 21.0039797 105.7738107 20190810121843 
1 -0.0630 0.1301 0.4818 21.0039797 105.7738107 20190810121843 
1 0.1652 -0.0525 0.1375 21.0039797 105.7738107 20190810121843 
1 0.2224 0.0831 -0.1641 21.0039797 105.7738107 20190810121843 
1 0.1216 -0.0915 -0.4254 21.0039797 105.7738107 20190810121843 
1 0.0082 0.1946 -0.2312 21.0039797 105.7738107 20190810121843 
1 0.0725 0.0175 0.0009 21.0039797 105.7738107 20190810121843 
1 0.1934 0.1066 0.3580 21.0039797 105.7738107 20190810121843 
1 0.0647 0.1036 0.2286 21.0039797 105.7738107 20190810121843 
1 0.0136 0.0099 0.1697 21.0039797 105.7738107 20190810121843 
1 0.1818 -0.0457 0.2802 21.0039797 105.7738107 20190810121843 
1 0.2083 -0.0450 -0.1087 21.0039797 105.7738107 20190810121843 
1 0.2000 0.0191 -0.4594 21.0039797 105.7738107 20190810121843 
1 0.0806 -0.2241 -0.4412 21.0039797 105.7738107 20190810121843 
1 0.0893 0.0105 0.0210 21.0039797 105.7738107 20190810121843 
1 0.2291 -0.2301 -0.4039 21.0039797 105.7738107 20190810121843 
1 0.0973 0.0415 -0.1551 21.0039797 105.7738107 20190810121843 
1 0.1125 -0.2086 -0.2884 21.0039797 105.7738107 20190810121843 
1 0.0406 0.1028 -0.2330 21.0039797 105.7738107 20190810121843 
1 -0.0220 -0.2090 -0.1040 21.0039797 105.7738107 20190810121843 
1 0.1222 0.1225 -0.2130 21.0039797 105.7738107 20190810121843 
1 0.1790 -0.2816 -0.6639 21.0039797 105.7738107 20190810121843 
1 0.0447 -0.0846 -0.0389 21.0039453 105.7739731 20190810121843 
1 -0.0629 -0.1383 0.5163 21.0039453 105.7739731 20190810121843 
1 0.1415 0.0191 0.3711 21.0039453 105.7739731 20190810121843 
1 0.1971 0.0630 0.1192 21.0039453 105.7739731 20190810121843 
1 0.0767 0.0402 0.4383 21.0039453 105.7739731 20190810121843 
1 -0.0627 0.0377 0.9875 21.0039453 105.7739731 20190810121843 
1 0.2765 -0.0075 0.4021 21.0039453 105.7739731 20190810121843 
1 0.1558 0.1147 0.3635 21.0039453 105.7739731 20190810121843 
1 0.1535 -0.0905 0.3979 21.0039453 105.7739731 20190810121843 
1 0.2816 0.2569 0.4431 21.0039453 105.7739731 20190810121843 
1 0.3385 -0.2023 -0.4090 21.0039453 105.7739731 20190810121843 
1 0.0639 -0.1841 -0.0591 21.0039453 105.7739731 20190810121843 
1 0.3969 -0.3049 -0.4213 21.0039453 105.7739731 20190810121843 
1 0.2524 -0.0549 -0.5277 21.0039453 105.7739731 20190810121843 
1 -0.3192 0.0203 1.1261 21.0039453 105.7739731 20190810121843 
1 0.2064 0.1104 0.0671 21.0039453 105.7739731 20190810121844 
1 1.3713 -0.9568 -2.7075 21.0039453 105.7739731 20190810121844 
1 -0.9173 0.1894 0.9322 21.0039453 105.7739731 20190810121844 
1 -1.4435 0.6753 1.2291 21.0039453 105.7739731 20190810121844 
1 2.8983 -0.4550 -4.9103 21.0039453 105.7739731 20190810121844 
1 0.2025 -0.7002 -1.7515 21.0039453 105.7739731 20190810121844 
1 -1.6211 -0.0022 1.9774 21.0039453 105.7739731 20190810121844 
1 0.7935 1.5163 -0.0718 21.0039453 105.7739731 20190810121844 
1 2.0913 -2.9367 -4.8739 21.0039453 105.7739731 20190810121844 
1 0.1202 0.9170 -0.5440 21.0039453 105.7739731 20190810121844 
1 -1.6973 0.4358 4.0391 21.0039453 105.7739731 20190810121844 
1 1.5826 1.2996 -1.9058 21.0039453 105.7739731 20190810121844 
1 1.7821 -2.8759 -7.4849 21.0039453 105.7739731 20190810121844 
1 -1.3674 0.6672 -0.9847 21.0039453 105.7739731 20190810121844 
1 1.5827 0.8954 1.4074 21.0039453 105.7739731 20190810121844 
1 0.0554 -0.9857 -4.9627 21.0039453 105.7739731 20190810121844 
1 0.1890 0.2021 -4.2394 21.0039453 105.7739731 20190810121844 
1 1.0890 -0.4094 -0.7754 21.0039453 105.7739731 20190810121844 
1 -0.2311 0.4459 -0.1418 21.0039453 105.7739731 20190810121844 
1 0.5661 0.2363 -3.0249 21.0039453 105.7739731 20190810121844 
1 0.1593 -0.3936 -2.8272 21.0039453 105.7739731 20190810121844 
1 -0.1445 -0.0712 -0.0328 21.0039453 105.7739731 20190810121844 
1 0.2657 0.8284 -0.1102 21.0039453 105.7739731 20190810121844 
1 -0.0116 -0.3023 -1.0037 21.0039453 105.7739731 20190810121844 
1 -0.0209 0.0878 0.7864 21.0039453 105.7739731 20190810121844 
1 -0.2382 1.1687 2.2333 21.0039453 105.7739731 20190810121844 
1 -0.1035 -0.1935 1.4218 21.0039453 105.7739731 20190810121844 
1 -0.0569 0.9452 3.1111 21.0039453 105.7739731 20190810121844 
1 0.0326 -0.0054 2.7291 21.0039453 105.7739731 20190810121844 
1 -0.3451 0.2319 3.7488 21.0039453 105.7739731 20190810121844 
1 0.1269 0.0837 3.7395 21.0039453 105.7739731 20190810121844 
1 0.2752 0.1795 3.5722 21.0039453 105.7739731 20190810121844 
1 0.1878 -0.6536 3.8369 21.0039453 105.7739731 20190810121844 
1 0.2462 -0.1081 4.0982 21.0039453 105.7739731 20190810121844 
1 0.4961 -0.4251 3.2806 21.0039453 105.7739731 20190810121844 
1 0.4635 -0.5153 2.8629 21.0039094 105.7741397 20190810121844 
1 0.3291 -0.0480 2.1053 21.0039094 105.7741397 20190810121844 
1 0.2283 -0.0348 1.2369 21.0039094 105.7741397 20190810121844 
1 0.6346 -0.4671 0.2680 21.0039094 105.7741397 20190810121844 
1 0.3964 -1.3778 -0.5661 21.0039094 105.7741397 20190810121844 
1 0.1229 0.6455 0.2930 21.0039094 105.7741397 20190810121844 
1 0.3377 0.1129 -1.5271 21.0039094 105.7741397 20190810121844 
1 0.2931 0.0726 -1.3153 21.0039094 105.7741397 20190810121844 
1 0.4809 0.0512 -0.9110 21.0039094 105.7741397 20190810121844 
1 0.0060 0.2662 -1.2897 21.0039094 105.7741397 20190810121844 
1 0.4036 0.1266 -1.7723 21.0039094 105.7741397 20190810121844 
1 0.2985 0.1747 -1.2959 21.0039094 105.7741397 20190810121844 
1 0.2614 -0.0077 -1.0486 21.0039094 105.7741397 20190810121844 
1 0.2459 0.5402 -0.8409 21.0039094 105.7741397 20190810121844 
1 0.1230 0.3244 -0.5041 21.0039094 105.7741397 20190810121845 
1 0.5680 0.1424 -0.8684 21.0039094 105.7741397 20190810121845 
1 0.2313 0.3832 -0.8517 21.0039094 105.7741397 20190810121845 
1 0.0022 0.4472 -0.0321 21.0039094 105.7741397 20190810121845 
1 0.1987 0.0339 -0.2042 21.0039094 105.7741397 20190810121845 
1 0.3066 0.0318 0.2199 21.0039094 105.7741397 20190810121845 
1 0.2845 -0.1581 0.2261 21.0039094 105.7741397 20190810121845 
1 0.2211 0.1956 0.3342 21.0039094 105.7741397 20190810121845 
1 0.2095 -0.3354 0.6191 21.0039094 105.7741397 20190810121845 
1 0.1720 -0.1022 0.7397 21.0039094 105.7741397 20190810121845 
1 0.0461 -0.1110 0.6639 21.0039094 105.7741397 20190810121845 
1 0.2634 -0.3611 0.9854 21.0039094 105.7741397 20190810121845 
1 0.3043 -0.3067 0.6750 21.0039094 105.7741397 20190810121845 
1 0.1486 -0.1019 0.6406 21.0039094 105.7741397 20190810121845 
1 0.1298 -0.1342 0.8511 21.0039094 105.7741397 20190810121845 
1 0.2048 -0.4148 0.3459 21.0039094 105.7741397 20190810121845 
1 0.2892 -0.2665 0.2699 21.0039094 105.7741397 20190810121845 
1 0.3260 -0.2160 -0.0525 21.0039094 105.7741397 20190810121845 
1 0.1437 -0.2232 0.2717 21.0039094 105.7741397 20190810121845 
1 0.2728 -0.3235 0.0809 21.0039094 105.7741397 20190810121845 
1 0.2272 0.0534 0.0872 21.0039094 105.7741397 20190810121845 
1 0.2424 0.1184 -0.1947 21.0039094 105.7741397 20190810121845 
1 0.2296 0.0378 -0.2770 21.0039094 105.7741397 20190810121845 
1 0.2536 -0.1594 -0.5546 21.0039094 105.7741397 20190810121845 
1 0.0659 0.1424 -0.6303 21.0039094 105.7741397 20190810121845 
1 0.1070 -0.0449 -1.2067 21.0039094 105.7741397 20190810121845 
1 0.4618 -0.0293 -0.2725 21.0039094 105.7741397 20190810121845 
1 0.5257 -0.0655 0.7276 21.0039094 105.7741397 20190810121845 
1 -0.0147 0.0965 0.3987 21.0039094 105.7741397 20190810121845 
1 0.0843 0.3466 -1.6381 21.0039094 105.7741397 20190810121845 
