1000
1 -0.0073 0.2801 -0.5413 21.0105129 105.7331065 20190810025731 ;
1 0.0390 0.0327 -0.6201 21.0105129 105.7331065 20190810025731 ;
1 0.3036 0.1272 -0.2190 21.0105129 105.7331065 20190810025732 ;
1 -0.0741 0.1645 -0.7430 21.0105129 105.7331065 20190810025732 ;
1 0.0441 0.1240 -1.0525 21.0105129 105.7331065 20190810025732 ;
1 0.3220 0.0930 -1.1436 21.0105129 105.7331065 20190810025732 ;
1 0.0203 0.1259 -1.4818 21.0105129 105.7331065 20190810025732 ;
1 0.0624 -0.1722 -1.1283 21.0105129 105.7331065 20190810025732 ;
1 0.2063 -0.2952 -0.7302 21.0105129 105.7331065 20190810025732 ;
1 0.1412 0.1634 -1.7799 21.0105129 105.7331065 20190810025732 ;
1 -0.0955 -0.1697 -1.1180 21.0105129 105.7331065 20190810025732 ;
1 0.2327 -0.0942 -0.4965 21.0105129 105.7331065 20190810025732 ;
1 0.0565 -0.0175 -0.5851 21.0105129 105.7331065 20190810025732 ;
1 0.2123 0.0012 0.3562 21.0105129 105.7331065 20190810025732 ;
1 -0.2755 -0.1826 1.6337 21.0105129 105.7331065 20190810025732 ;
1 -0.0469 0.0135 0.5364 21.0105129 105.7331065 20190810025732 ;
1 0.2608 0.0129 -0.1112 21.0105129 105.7331065 20190810025732 ;
1 -0.1905 -0.2184 1.0200 21.0105129 105.7331065 20190810025732 ;
1 -0.0393 -0.1423 0.9235 21.0105129 105.7331065 20190810025732 ;
1 0.1938 0.0430 0.8194 21.0105129 105.7331065 20190810025732 ;
1 0.0994 0.0094 1.1983 21.0105129 105.7331065 20190810025732 ;
1 -0.5937 -0.3503 1.6355 21.0105129 105.7331065 20190810025732 ;
1 0.3606 0.0657 0.8335 21.0105129 105.7331065 20190810025732 ;
1 -0.1100 0.1938 0.1797 21.0105129 105.7331065 20190810025732 ;
1 -0.3858 -0.1477 1.3898 21.0105129 105.7331065 20190810025732 ;
1 0.0771 0.2510 0.4771 21.0105129 105.7331065 20190810025732 ;
1 0.1378 0.0522 -0.2447 21.0105129 105.7331065 20190810025732 ;
1 0.0228 -0.1117 0.2442 21.0105129 105.7331065 20190810025732 ;
1 -0.6820 0.1190 -0.2694 21.0105129 105.7331065 20190810025732 ;
1 0.0654 0.2481 -0.6765 21.0105129 105.7331065 20190810025732 ;
1 -0.1412 -0.1342 -0.3689 21.0105129 105.7331065 20190810025732 ;
1 -0.1990 0.3854 -1.4217 21.0105129 105.7331065 20190810025732 ;
1 0.0423 0.1504 -1.7734 21.0105129 105.7331065 20190810025732 ;
1 0.1271 0.1739 -1.4376 21.0105129 105.7331065 20190810025732 ;
1 -0.1444 -0.0783 -0.8318 21.0105129 105.7331065 20190810025732 ;
1 -0.1661 0.0659 -1.4642 21.0105303 105.732897 20190810025732 ;
1 0.1067 0.0487 -1.3366 21.0105303 105.732897 20190810025732 ;
1 -0.2825 -0.1837 -0.9124 21.0105303 105.732897 20190810025732 ;
1 0.0891 -0.1007 -1.1759 21.0105303 105.732897 20190810025732 ;
1 0.0031 0.0904 -1.5922 21.0105303 105.732897 20190810025732 ;
1 -0.0637 -0.1362 -0.0733 21.0105303 105.732897 20190810025732 ;
1 -0.0469 -0.2513 0.6444 21.0105303 105.732897 20190810025732 ;
1 -0.5195 -0.1010 0.3440 21.0105303 105.732897 20190810025732 ;
1 0.2571 0.0877 0.4331 21.0105303 105.732897 20190810025732 ;
1 -0.2608 -0.2968 0.8854 21.0105303 105.732897 20190810025732 ;
1 -0.1604 -0.1318 1.3014 21.0105303 105.732897 20190810025732 ;
1 -0.0378 0.0090 0.9603 21.0105303 105.732897 20190810025732 ;
1 -0.0756 -0.1217 1.1866 21.0105303 105.732897 20190810025732 ;
1 -0.3845 -0.1710 1.9586 21.0105303 105.732897 20190810025732 ;
1 0.0726 0.0246 1.3302 21.0105303 105.732897 20190810025732 ;
1 -0.3004 -0.0293 0.5378 21.0105303 105.732897 20190810025732 ;
1 -0.1852 -0.1349 1.1861 21.0105303 105.732897 20190810025733 ;
1 -0.0186 0.0142 0.8266 21.0105303 105.732897 20190810025733 ;
1 -0.3204 -0.1797 0.3167 21.0105303 105.732897 20190810025733 ;
1 -0.1477 -0.1152 0.5339 21.0105303 105.732897 20190810025733 ;
1 -0.2583 0.4456 -0.7151 21.0105303 105.732897 20190810025733 ;
1 -0.1327 -0.5369 0.3009 21.0105303 105.732897 20190810025733 ;
1 -0.1992 -0.1959 0.1991 21.0105303 105.732897 20190810025733 ;
1 -0.1114 0.1079 -1.2000 21.0105303 105.732897 20190810025733 ;
1 -0.0389 -0.2964 -0.4687 21.0105303 105.732897 20190810025733 ;
1 -0.0762 -0.3438 0.3738 21.0105303 105.732897 20190810025733 ;
1 -0.5216 0.0089 -1.6426 21.0105303 105.732897 20190810025733 ;
1 0.3363 -0.4242 -1.0989 21.0105303 105.732897 20190810025733 ;
1 -0.0970 -0.3269 0.1801 21.0105303 105.732897 20190810025733 ;
1 -0.1552 -0.0461 -0.6853 21.0105303 105.732897 20190810025733 ;
1 0.3855 -0.4295 -0.5216 21.0105303 105.732897 20190810025733 ;
1 0.5161 -0.3175 0.2984 21.0105303 105.732897 20190810025733 ;
1 -0.2484 -0.4806 -0.1226 21.0105303 105.732897 20190810025733 ;
1 0.4610 -0.3904 -0.1374 21.0105303 105.732897 20190810025733 ;
1 0.0701 -0.3274 0.0528 21.0105303 105.732897 20190810025733 ;
1 0.3292 -0.2828 0.1964 21.0105303 105.732897 20190810025733 ;
1 0.2442 -0.5163 0.8405 21.0105303 105.732897 20190810025733 ;
1 0.2557 -0.4023 0.8679 21.0105303 105.732897 20190810025733 ;
1 -0.0050 -0.2846 0.5020 21.0105303 105.732897 20190810025733 ;
1 0.1836 -0.4330 0.9667 21.0105303 105.732897 20190810025733 ;
1 0.2416 -0.4973 0.7886 21.0105303 105.732897 20190810025733 ;
1 -0.1406 -0.4581 0.1321 21.0105303 105.732897 20190810025733 ;
1 -0.0225 -0.3576 0.3601 21.0105303 105.732897 20190810025733 ;
1 0.0038 -0.5304 0.6549 21.0105303 105.732897 20190810025733 ;
1 -0.1771 -0.5048 0.3943 21.0105303 105.732897 20190810025733 ;
1 -0.0548 -0.4609 0.4467 21.0105303 105.732897 20190810025733 ;
1 0.2885 -0.3087 0.2229 21.0105303 105.732897 20190810025733 ;
1 -0.2054 -0.4843 0.0204 21.0105303 105.732897 20190810025733 ;
1 0.0265 -0.4176 0.2579 21.010539 105.7326825 20190810025733 ;
1 0.0080 -0.3710 0.2307 21.010539 105.7326825 20190810025733 ;
1 -0.1647 -0.3020 -0.1133 21.010539 105.7326825 20190810025733 ;
1 0.1053 -0.4106 0.0613 21.010539 105.7326825 20190810025733 ;
1 -0.3496 -0.6862 0.2088 21.010539 105.7326825 20190810025733 ;
1 0.3456 -0.3223 0.0654 21.010539 105.7326825 20190810025733 ;
1 -0.0735 -0.2049 -0.1682 21.010539 105.7326825 20190810025733 ;
1 -0.0548 -0.5382 -0.2418 21.010539 105.7326825 20190810025733 ;
1 -0.0552 -0.7319 0.1182 21.010539 105.7326825 20190810025733 ;
1 0.2479 -0.3159 0.2100 21.010539 105.7326825 20190810025733 ;
1 -0.2536 -0.1709 -0.1672 21.010539 105.7326825 20190810025733 ;
1 0.2098 -0.5224 0.1647 21.010539 105.7326825 20190810025733 ;
1 -0.0970 -0.5102 0.3871 21.010539 105.7326825 20190810025733 ;
1 0.2123 -0.2504 0.0338 21.010539 105.7326825 20190810025733 ;
1 0.0346 -0.4351 0.2291 21.010539 105.7326825 20190810025733 ;
1 0.2038 -0.4046 0.8494 21.010539 105.7326825 20190810025733 ;
1 -0.1354 -0.3306 0.3011 21.010539 105.7326825 20190810025733 ;
1 0.3035 -0.4117 0.1180 21.010539 105.7326825 20190810025733 ;
1 0.0387 -0.3255 0.4829 21.010539 105.7326825 20190810025733 ;
1 -0.0117 -0.2117 0.2022 21.010539 105.7326825 20190810025733 ;
1 0.0427 -0.3890 0.1520 21.010539 105.7326825 20190810025734 ;
1 0.2774 -0.3377 0.2198 21.010539 105.7326825 20190810025734 ;
1 0.0583 -0.2842 0.0198 21.010539 105.7326825 20190810025734 ;
1 0.0830 -0.2410 -0.1922 21.010539 105.7326825 20190810025734 ;
1 0.2384 -0.2555 -0.3398 21.010539 105.7326825 20190810025734 ;
1 0.0331 -0.2926 -0.7517 21.010539 105.7326825 20190810025734 ;
1 0.3335 -0.3390 -0.5469 21.010539 105.7326825 20190810025734 ;
1 0.0051 -0.2477 -0.6561 21.010539 105.7326825 20190810025734 ;
1 0.3461 -0.2626 -0.6678 21.010539 105.7326825 20190810025734 ;
1 0.2732 -0.2332 -0.6066 21.010539 105.7326825 20190810025734 ;
1 -0.1427 -0.3016 -1.0089 21.010539 105.7326825 20190810025734 ;
1 0.3059 -0.2780 -1.1007 21.010539 105.7326825 20190810025734 ;
1 0.1854 -0.3183 -0.7062 21.010539 105.7326825 20190810025734 ;
1 0.1615 -0.1879 -0.4517 21.010539 105.7326825 20190810025734 ;
1 0.0416 -0.2164 -0.7052 21.010539 105.7326825 20190810025734 ;
1 0.2492 -0.4067 -0.4861 21.010539 105.7326825 20190810025734 ;
1 -0.2203 -0.2010 -0.3768 21.010539 105.7326825 20190810025734 ;
1 0.2670 -0.2007 -0.4015 21.010539 105.7326825 20190810025734 ;
1 -0.0652 -0.3169 -0.4394 21.010539 105.7326825 20190810025734 ;
1 -0.1033 -0.1840 -0.5392 21.010539 105.7326825 20190810025734 ;
1 -0.1702 -0.3887 -0.5345 21.010539 105.7326825 20190810025734 ;
1 0.1485 -0.1812 -0.1561 21.010539 105.7326825 20190810025734 ;
1 0.0028 -0.2131 -0.3833 21.010539 105.7326825 20190810025734 ;
1 -0.1289 -0.2574 -0.2156 21.010539 105.7326825 20190810025734 ;
1 -0.1384 -0.4244 0.2358 21.010539 105.7326825 20190810025734 ;
1 0.1088 -0.1903 -0.4623 21.010539 105.7326825 20190810025734 ;
1 -0.1522 -0.2449 -0.3331 21.010539 105.7326825 20190810025734 ;
1 0.0723 -0.3830 0.1435 21.010539 105.7326825 20190810025734 ;
1 -0.0667 -0.3180 0.0893 21.010539 105.7326825 20190810025734 ;
1 0.1818 -0.2045 0.0992 21.010539 105.7326825 20190810025734 ;
1 -0.2485 -0.4370 0.4077 21.0105525 105.7324761 20190810025734 ;
1 0.2843 -0.1580 0.4725 21.0105525 105.7324761 20190810025734 ;
1 0.0850 -0.2674 0.6067 21.0105525 105.7324761 20190810025734 ;
1 -0.0509 -0.3766 0.6983 21.0105525 105.7324761 20190810025734 ;
1 0.0685 -0.2197 0.3314 21.0105525 105.7324761 20190810025734 ;
1 -0.0756 -0.2344 0.4277 21.0105525 105.7324761 20190810025734 ;
1 0.2632 -0.2096 0.4063 21.0105525 105.7324761 20190810025734 ;
1 -0.0689 -0.3661 0.0983 21.0105525 105.7324761 20190810025734 ;
1 0.2355 -0.2148 0.3109 21.0105525 105.7324761 20190810025734 ;
1 0.0325 -0.2557 0.2209 21.0105525 105.7324761 20190810025734 ;
1 0.1396 -0.2157 0.3001 21.0105525 105.7324761 20190810025734 ;
1 0.2018 -0.1541 -0.0678 21.0105525 105.7324761 20190810025734 ;
1 0.0820 -0.3253 -0.0461 21.0105525 105.7324761 20190810025734 ;
1 0.1033 -0.2537 0.0459 21.0105525 105.7324761 20190810025734 ;
1 0.0699 -0.1865 -0.0222 21.0105525 105.7324761 20190810025734 ;
1 0.2353 -0.1393 -0.2616 21.0105525 105.7324761 20190810025734 ;
1 -0.0924 -0.3478 0.0257 21.0105525 105.7324761 20190810025735 ;
1 0.2139 -0.2555 -0.3247 21.0105525 105.7324761 20190810025735 ;
1 -0.0104 -0.3002 -0.4429 21.0105525 105.7324761 20190810025735 ;
1 0.2074 -0.3249 0.0931 21.0105525 105.7324761 20190810025735 ;
1 0.0171 -0.0693 0.0708 21.0105525 105.7324761 20190810025735 ;
1 0.0234 -0.3178 -0.2905 21.0105525 105.7324761 20190810025735 ;
1 0.1941 -0.3310 -0.0097 21.0105525 105.7324761 20190810025735 ;
1 -0.1985 -0.2120 0.1163 21.0105525 105.7324761 20190810025735 ;
1 0.2954 -0.4227 0.3419 21.0105525 105.7324761 20190810025735 ;
1 0.1476 -0.3050 0.1056 21.0105525 105.7324761 20190810025735 ;
1 -0.0445 -0.0026 -0.9402 21.0105525 105.7324761 20190810025735 ;
1 0.3530 -0.2815 -0.0968 21.0105525 105.7324761 20190810025735 ;
1 -0.1775 -0.5317 0.4749 21.0105525 105.7324761 20190810025735 ;
1 0.6032 0.0106 0.3561 21.0105525 105.7324761 20190810025735 ;
1 -0.1890 0.2781 -0.2583 21.0105525 105.7324761 20190810025735 ;
1 -0.3804 -0.8931 1.1667 21.0105525 105.7324761 20190810025735 ;
1 0.4916 -0.0224 -0.8306 21.0105525 105.7324761 20190810025735 ;
1 -0.2794 -0.2460 -1.3790 21.0105525 105.7324761 20190810025735 ;
1 0.5661 -0.1869 0.0895 21.0105525 105.7324761 20190810025735 ;
1 -0.2572 -0.5622 0.9503 21.0105525 105.7324761 20190810025735 ;
1 -0.2938 -0.3701 0.1072 21.0105525 105.7324761 20190810025735 ;
1 0.5960 0.0714 -0.1345 21.0105525 105.7324761 20190810025735 ;
1 -0.6701 -0.5262 0.1827 21.0105525 105.7324761 20190810025735 ;
1 0.4862 -0.3388 0.9535 21.0105525 105.7324761 20190810025735 ;
1 -0.0917 -0.0116 -0.1298 21.0105525 105.7324761 20190810025735 ;
1 0.6979 -0.2468 -0.1243 21.0105525 105.7324761 20190810025735 ;
1 -0.8289 -0.8267 1.7991 21.0105525 105.7324761 20190810025735 ;
1 0.3608 0.1775 0.7450 21.0105525 105.7324761 20190810025735 ;
1 0.2917 -0.0288 -0.4570 21.0105525 105.7324761 20190810025735 ;
1 -0.3501 -0.6532 1.0741 21.0105525 105.7324761 20190810025735 ;
1 0.1784 -0.1751 0.7340 21.0105525 105.7324761 20190810025735 ;
1 0.1254 -0.0789 -0.1383 21.0105525 105.7324761 20190810025735 ;
1 0.1134 -0.5482 1.2227 21.0105525 105.7324761 20190810025735 ;
1 -0.2535 -0.1297 0.7768 21.0105525 105.7324761 20190810025735 ;
1 -0.0348 -0.2402 -0.1009 21.0105525 105.7324761 20190810025735 ;
1 -0.0446 -0.1627 0.0550 21.0105525 105.7324761 20190810025735 ;
1 0.2328 0.1521 0.2392 21.0105588 105.7322652 20190810025735 ;
1 -0.2862 -0.2673 0.1513 21.0105588 105.7322652 20190810025735 ;
1 0.2249 -0.1753 0.1803 21.0105588 105.7322652 20190810025735 ;
1 0.0088 -0.1523 -0.2045 21.0105588 105.7322652 20190810025735 ;
1 0.0379 -0.1773 -0.1502 21.0105588 105.7322652 20190810025735 ;
1 -0.0458 -0.1229 -0.5701 21.0105588 105.7322652 20190810025735 ;
1 0.6121 -0.1191 -1.0934 21.0105588 105.7322652 20190810025735 ;
1 0.0828 -0.1361 -1.1841 21.0105588 105.7322652 20190810025735 ;
1 0.2373 0.0331 -1.1440 21.0105588 105.7322652 20190810025735 ;
1 0.5889 0.0196 -1.1221 21.0105588 105.7322652 20190810025735 ;
1 0.5140 0.0155 -0.5486 21.0105588 105.7322652 20190810025735 ;
1 -0.1790 -0.2733 -0.5293 21.0105588 105.7322652 20190810025735 ;
1 0.6124 0.1071 -1.5065 21.0105588 105.7322652 20190810025735 ;
1 -0.1709 -0.3336 -1.4594 21.0105588 105.7322652 20190810025735 ;
1 0.4077 -0.0361 -1.2671 21.0105588 105.7322652 20190810025735 ;
1 0.2544 -0.0932 -1.3857 21.0105588 105.7322652 20190810025736 ;
1 0.0954 -0.3964 -0.2703 21.0105588 105.7322652 20190810025736 ;
1 -0.0690 -0.1393 -0.1393 21.0105588 105.7322652 20190810025736 ;
1 -0.1825 -0.1106 -0.5718 21.0105588 105.7322652 20190810025736 ;
1 -0.0855 -0.2437 -0.0292 21.0105588 105.7322652 20190810025736 ;
1 -0.3142 -0.2111 0.2023 21.0105588 105.7322652 20190810025736 ;
1 0.0629 -0.3068 0.2093 21.0105588 105.7322652 20190810025736 ;
1 -0.3074 -0.3285 0.7155 21.0105588 105.7322652 20190810025736 ;
1 0.0246 -0.1470 0.9105 21.0105588 105.7322652 20190810025736 ;
1 -0.2166 -0.2460 0.7161 21.0105588 105.7322652 20190810025736 ;
1 -0.3071 -0.4119 1.3581 21.0105588 105.7322652 20190810025736 ;
1 -0.1565 -0.1223 0.7683 21.0105588 105.7322652 20190810025736 ;
1 -0.1678 -0.2054 0.7926 21.0105588 105.7322652 20190810025736 ;
1 -0.1870 -0.1497 1.3356 21.0105588 105.7322652 20190810025736 ;
1 0.0485 -0.0919 1.0757 21.0105588 105.7322652 20190810025736 ;
1 -0.1472 -0.1167 0.5730 21.0105588 105.7322652 20190810025736 ;
1 -0.1747 -0.1893 0.6308 21.0105588 105.7322652 20190810025736 ;
1 -0.1911 -0.0469 0.3684 21.0105588 105.7322652 20190810025736 ;
1 0.0809 0.2400 -0.7037 21.0105588 105.7322652 20190810025736 ;
1 0.1529 -0.2404 0.0587 21.0105588 105.7322652 20190810025736 ;
1 0.0270 0.0792 -0.3045 21.0105588 105.7322652 20190810025736 ;
1 -0.0572 0.0269 -1.0956 21.0105588 105.7322652 20190810025736 ;
1 0.2766 0.0277 -0.5490 21.0105588 105.7322652 20190810025736 ;
1 -0.0867 -0.0718 -0.3411 21.0105588 105.7322652 20190810025736 ;
1 0.3105 -0.0024 -1.0744 21.0105588 105.7322652 20190810025736 ;
1 0.3988 -0.1231 -1.3110 21.0105588 105.7322652 20190810025736 ;
1 -0.1464 -0.1081 -0.4948 21.0105588 105.7322652 20190810025736 ;
1 0.3530 -0.0140 -0.6232 21.0105588 105.7322652 20190810025736 ;
1 0.0043 -0.2629 -0.6437 21.0105588 105.7322652 20190810025736 ;
1 -0.1325 -0.1233 -0.2195 21.0105588 105.7322652 20190810025736 ;
1 0.4159 0.0383 -0.3710 21.0105588 105.7322652 20190810025736 ;
1 -0.1873 -0.1067 0.0265 21.0105588 105.7322652 20190810025736 ;
1 0.1352 -0.2815 1.1438 21.0105588 105.7322652 20190810025736 ;
1 0.0791 -0.0555 0.7313 21.0105687 105.7320687 20190810025736 ;
1 -0.2497 -0.0027 0.3165 21.0105687 105.7320687 20190810025736 ;
1 -0.1746 -0.2036 0.9821 21.0105687 105.7320687 20190810025736 ;
1 -0.5316 -0.1699 1.2158 21.0105687 105.7320687 20190810025736 ;
1 0.1659 0.0961 0.1595 21.0105687 105.7320687 20190810025736 ;
1 -0.1364 -0.2455 0.7666 21.0105687 105.7320687 20190810025736 ;
1 -0.3430 -0.1241 1.2794 21.0105687 105.7320687 20190810025736 ;
1 0.2220 -0.0728 0.6655 21.0105687 105.7320687 20190810025736 ;
1 -0.1652 -0.0863 0.1292 21.0105687 105.7320687 20190810025736 ;
1 -0.0043 0.0137 0.3839 21.0105687 105.7320687 20190810025736 ;
1 -0.2001 -0.1914 0.1825 21.0105687 105.7320687 20190810025736 ;
1 0.2664 0.0928 0.1122 21.0105687 105.7320687 20190810025736 ;
1 -0.0926 0.0046 -0.0473 21.0105687 105.7320687 20190810025736 ;
1 0.0017 -0.0405 0.4306 21.0105687 105.7320687 20190810025736 ;
1 -0.0254 0.0249 0.2143 21.0105687 105.7320687 20190810025736 ;
1 -0.0827 -0.0336 -0.2420 21.0105687 105.7320687 20190810025736 ;
1 0.0454 0.1002 -0.3205 21.0105687 105.7320687 20190810025736 ;
1 -0.2154 -0.0411 0.2546 21.0105687 105.7320687 20190810025737 ;
1 0.3402 0.0743 0.2406 21.0105687 105.7320687 20190810025737 ;
1 -0.2622 -0.1194 -0.0162 21.0105687 105.7320687 20190810025737 ;
1 0.0813 0.1140 -0.2086 21.0105687 105.7320687 20190810025737 ;
1 -0.0597 -0.0348 -0.2487 21.0105687 105.7320687 20190810025737 ;
1 -0.0361 -0.0610 -0.1972 21.0105687 105.7320687 20190810025737 ;
1 0.3480 0.2828 -0.7932 21.0105687 105.7320687 20190810025737 ;
1 -0.1623 -0.2944 -0.2712 21.0105687 105.7320687 20190810025737 ;
1 0.1646 -0.0064 0.1661 21.0105687 105.7320687 20190810025737 ;
1 -0.0925 0.1499 -0.6825 21.0105687 105.7320687 20190810025737 ;
1 0.1287 -0.0882 -0.2206 21.0105687 105.7320687 20190810025737 ;
1 -0.1162 -0.0403 -0.0547 21.0105687 105.7320687 20190810025737 ;
1 0.0274 -0.0312 -0.8037 21.0105687 105.7320687 20190810025737 ;
1 -0.0348 -0.1445 -0.4720 21.0105687 105.7320687 20190810025737 ;
1 -0.1404 0.0439 0.3250 21.0105687 105.7320687 20190810025737 ;
1 0.0519 -0.0461 -0.1658 21.0105687 105.7320687 20190810025737 ;
1 -0.4379 -0.2554 0.2264 21.0105687 105.7320687 20190810025737 ;
1 0.1029 0.0617 0.1385 21.0105687 105.7320687 20190810025737 ;
1 -0.2390 0.0218 -0.1497 21.0105687 105.7320687 20190810025737 ;
1 -0.1775 -0.0398 0.3984 21.0105687 105.7320687 20190810025737 ;
1 0.0428 0.0351 0.4766 21.0105687 105.7320687 20190810025737 ;
1 -0.1532 -0.1002 -0.2586 21.0105687 105.7320687 20190810025737 ;
1 -0.1372 0.0209 0.0863 21.0105687 105.7320687 20190810025737 ;
1 -0.1539 -0.0651 0.2453 21.0105687 105.7320687 20190810025737 ;
1 -0.0359 0.0404 0.0112 21.0105687 105.7320687 20190810025737 ;
1 0.0127 0.0745 -0.2123 21.0105687 105.7320687 20190810025737 ;
1 0.0111 -0.1646 -0.0875 21.0105687 105.7320687 20190810025737 ;
1 -0.0230 0.1475 -0.2183 21.0105687 105.7320687 20190810025737 ;
1 -0.1124 -0.1264 0.0316 21.0105687 105.7320687 20190810025737 ;
1 0.2165 0.0470 -0.0111 21.0105687 105.7320687 20190810025737 ;
1 -0.1859 -0.0603 0.1769 21.0105687 105.7320687 20190810025737 ;
1 -0.0038 -0.0383 -0.0223 21.0105687 105.7320687 20190810025737 ;
1 0.1616 0.0385 0.0726 21.0105687 105.7320687 20190810025737 ;
1 0.0630 0.0818 0.0653 21.0105687 105.7320687 20190810025737 ;
1 0.1605 -0.0050 0.0957 21.0105815 105.7318712 20190810025737 ;
1 -0.2133 -0.1561 0.1815 21.0105815 105.7318712 20190810025737 ;
1 0.1816 0.0709 0.2114 21.0105815 105.7318712 20190810025737 ;
1 0.0264 -0.0720 0.2309 21.0105815 105.7318712 20190810025737 ;
1 0.0502 -0.0450 0.6307 21.0105815 105.7318712 20190810025737 ;
1 0.1628 0.0738 0.3050 21.0105815 105.7318712 20190810025737 ;
1 -0.0019 -0.1749 0.4607 21.0105815 105.7318712 20190810025737 ;
1 -0.0236 -0.0491 0.5316 21.0105815 105.7318712 20190810025737 ;
1 0.0197 -0.0605 0.4893 21.0105815 105.7318712 20190810025737 ;
1 0.1115 0.1220 0.3437 21.0105815 105.7318712 20190810025737 ;
1 -0.1214 -0.1811 0.8702 21.0105815 105.7318712 20190810025737 ;
1 0.2517 -0.0311 0.3452 21.0105815 105.7318712 20190810025737 ;
1 -0.1603 -0.0467 0.1831 21.0105815 105.7318712 20190810025737 ;
1 -0.1374 -0.0346 0.6089 21.0105815 105.7318712 20190810025737 ;
1 0.1388 -0.0093 0.3336 21.0105815 105.7318712 20190810025737 ;
1 -0.2135 -0.1877 0.0785 21.0105815 105.7318712 20190810025738 ;
1 0.1680 -0.0712 -0.0171 21.0105815 105.7318712 20190810025738 ;
1 -0.3340 -0.0810 -0.3618 21.0105815 105.7318712 20190810025738 ;
1 0.2181 -0.0121 -0.2436 21.0105815 105.7318712 20190810025738 ;
1 -0.2449 -0.1094 -0.0630 21.0105815 105.7318712 20190810025738 ;
1 -0.0536 -0.1027 -0.2817 21.0105815 105.7318712 20190810025738 ;
1 -0.1450 -0.1180 -0.4690 21.0105815 105.7318712 20190810025738 ;
1 0.0585 0.0381 -0.5511 21.0105815 105.7318712 20190810025738 ;
1 -0.0574 -0.0038 -0.6963 21.0105815 105.7318712 20190810025738 ;
1 0.0421 -0.2087 -0.5080 21.0105815 105.7318712 20190810025738 ;
1 -0.2115 0.0258 -1.0255 21.0105815 105.7318712 20190810025738 ;
1 0.0813 0.0606 -1.0300 21.0105815 105.7318712 20190810025738 ;
1 -0.2058 -0.2581 -0.4012 21.0105815 105.7318712 20190810025738 ;
1 0.0059 -0.0163 -0.6579 21.0105815 105.7318712 20190810025738 ;
1 -0.0262 -0.0363 -1.1323 21.0105815 105.7318712 20190810025738 ;
1 -0.0113 -0.3071 -0.6762 21.0105815 105.7318712 20190810025738 ;
1 -0.1822 -0.2201 -0.7518 21.0105815 105.7318712 20190810025738 ;
1 0.0830 0.0717 -1.1651 21.0105815 105.7318712 20190810025738 ;
1 0.1205 -0.1892 -0.4017 21.0105815 105.7318712 20190810025738 ;
1 -0.2428 -0.3843 0.3266 21.0105815 105.7318712 20190810025738 ;
1 0.1584 -0.1004 -0.0050 21.0105815 105.7318712 20190810025738 ;
1 -0.0112 -0.1694 0.0018 21.0105815 105.7318712 20190810025738 ;
1 -0.0286 -0.0032 0.2360 21.0105815 105.7318712 20190810025738 ;
1 0.3896 -0.3098 0.8703 21.0105815 105.7318712 20190810025738 ;
1 -0.4367 -0.3139 0.6412 21.0105815 105.7318712 20190810025738 ;
1 0.6927 0.0847 0.1287 21.0105815 105.7318712 20190810025738 ;
1 -0.5006 -0.4060 0.8095 21.0105815 105.7318712 20190810025738 ;
1 0.3318 -0.2556 1.3905 21.0105815 105.7318712 20190810025738 ;
1 -0.0133 -0.0842 -0.0787 21.0105815 105.7318712 20190810025738 ;
1 0.4622 -0.3623 0.9818 21.0105815 105.7318712 20190810025738 ;
1 -0.1613 -0.3834 1.4467 21.0105815 105.7318712 20190810025738 ;
1 0.0189 -0.1214 0.7742 21.0105974 105.7316718 20190810025738 ;
1 0.3557 -0.1885 0.5363 21.0105974 105.7316718 20190810025738 ;
1 0.1162 -0.4136 1.1157 21.0105974 105.7316718 20190810025738 ;
1 0.0423 -0.3968 0.9850 21.0105974 105.7316718 20190810025738 ;
1 0.1047 -0.2488 0.6581 21.0105974 105.7316718 20190810025738 ;
1 0.2395 -0.1044 0.3975 21.0105974 105.7316718 20190810025738 ;
1 0.0065 -0.4964 1.0460 21.0105974 105.7316718 20190810025738 ;
1 0.0553 -0.0401 0.6154 21.0105974 105.7316718 20190810025738 ;
1 0.3425 0.0588 -0.1985 21.0105974 105.7316718 20190810025738 ;
1 -0.2579 -0.2571 0.1764 21.0105974 105.7316718 20190810025738 ;
1 0.0340 -0.1834 0.3972 21.0105974 105.7316718 20190810025738 ;
1 0.1392 -0.0508 -0.1442 21.0105974 105.7316718 20190810025738 ;
1 -0.0739 -0.1676 -0.6604 21.0105974 105.7316718 20190810025738 ;
1 -0.0055 -0.3511 -0.3769 21.0105974 105.7316718 20190810025738 ;
1 0.0444 -0.2800 -0.4532 21.0105974 105.7316718 20190810025738 ;
1 -0.0361 -0.1264 -0.7626 21.0105974 105.7316718 20190810025738 ;
1 -0.1087 -0.2366 -0.8919 21.0105974 105.7316718 20190810025738 ;
1 0.0509 -0.1691 -0.7601 21.0105974 105.7316718 20190810025738 ;
1 -0.2360 -0.1899 -0.6228 21.0105974 105.7316718 20190810025738 ;
1 0.1491 -0.2283 -0.2314 21.0105974 105.7316718 20190810025738 ;
1 0.0119 0.0627 -0.9670 21.0105974 105.7316718 20190810025739 ;
1 -0.0893 -0.1871 -1.0067 21.0105974 105.7316718 20190810025739 ;
1 -0.2220 -0.3421 -0.9346 21.0105974 105.7316718 20190810025739 ;
1 0.1333 -0.4095 -1.0672 21.0105974 105.7316718 20190810025739 ;
1 -0.1756 -0.1140 -1.0405 21.0105974 105.7316718 20190810025739 ;
1 -0.0692 -0.1084 -0.4030 21.0105974 105.7316718 20190810025739 ;
1 -0.3084 -0.3534 -0.6119 21.0105974 105.7316718 20190810025739 ;
1 0.2386 -0.2668 -0.4027 21.0105974 105.7316718 20190810025739 ;
1 -0.0036 -0.3448 -0.1621 21.0105974 105.7316718 20190810025739 ;
1 -0.3421 -0.0761 -0.6608 21.0105974 105.7316718 20190810025739 ;
1 0.2152 -0.3240 -0.1409 21.0105974 105.7316718 20190810025739 ;
1 -0.2023 -0.4706 0.2859 21.0105974 105.7316718 20190810025739 ;
1 -0.2569 -0.3003 0.1707 21.0105974 105.7316718 20190810025739 ;
1 -0.0910 -0.3794 0.4609 21.0105974 105.7316718 20190810025739 ;
1 0.2499 -0.3737 1.1585 21.0105974 105.7316718 20190810025739 ;
1 0.0056 -0.2563 1.0590 21.0105974 105.7316718 20190810025739 ;
1 -0.0779 -0.3991 1.1014 21.0105974 105.7316718 20190810025739 ;
1 0.2508 -0.3531 1.0497 21.0105974 105.7316718 20190810025739 ;
1 0.1385 -0.3088 1.0162 21.0105974 105.7316718 20190810025739 ;
1 0.0592 -0.1281 1.2546 21.0105974 105.7316718 20190810025739 ;
1 -0.1322 -0.3402 0.9763 21.0105974 105.7316718 20190810025739 ;
1 0.3104 -0.4708 1.0893 21.0105974 105.7316718 20190810025739 ;
1 0.0749 -0.1322 0.5811 21.0105974 105.7316718 20190810025739 ;
1 -0.0906 -0.1325 0.5158 21.0105974 105.7316718 20190810025739 ;
1 0.3409 -0.1347 0.2770 21.0105974 105.7316718 20190810025739 ;
1 -0.1019 -0.4816 0.3261 21.0105974 105.7316718 20190810025739 ;
1 0.1125 -0.1559 -0.1396 21.0105974 105.7316718 20190810025739 ;
1 -0.1793 -0.2847 -0.3262 21.0105974 105.7316718 20190810025739 ;
1 0.3466 -0.1414 -0.0507 21.0105974 105.7316718 20190810025739 ;
1 -0.2134 -0.2909 -0.1779 21.0105974 105.7316718 20190810025739 ;
1 0.2400 -0.4145 -0.2360 21.0105974 105.7316718 20190810025739 ;
1 0.0200 -0.1423 -0.4320 21.0105974 105.7316718 20190810025739 ;
1 0.2091 -0.1513 -0.2672 21.010606 105.7314715 20190810025739 ;
1 0.0283 -0.3016 -0.1423 21.010606 105.7314715 20190810025739 ;
1 0.0869 -0.3093 0.2054 21.010606 105.7314715 20190810025739 ;
1 0.3580 -0.3052 -0.1017 21.010606 105.7314715 20190810025739 ;
1 -0.1812 -0.2710 -0.2581 21.010606 105.7314715 20190810025739 ;
1 0.3333 -0.1259 0.1873 21.010606 105.7314715 20190810025739 ;
1 0.0983 -0.3192 0.2748 21.010606 105.7314715 20190810025739 ;
1 0.1455 -0.3767 0.3847 21.010606 105.7314715 20190810025739 ;
1 0.0490 -0.2744 0.2609 21.010606 105.7314715 20190810025739 ;
1 0.0993 -0.2346 0.3105 21.010606 105.7314715 20190810025739 ;
1 0.0661 -0.3031 0.2373 21.010606 105.7314715 20190810025739 ;
1 0.2493 -0.2978 0.4437 21.010606 105.7314715 20190810025739 ;
1 -0.0754 -0.4734 0.3429 21.010606 105.7314715 20190810025739 ;
1 0.0705 -0.1683 0.1740 21.010606 105.7314715 20190810025739 ;
1 -0.0474 -0.2671 0.1149 21.010606 105.7314715 20190810025739 ;
1 0.1008 -0.3017 0.4429 21.010606 105.7314715 20190810025739 ;
1 -0.0450 -0.2010 0.1510 21.010606 105.7314715 20190810025739 ;
1 0.0918 -0.3201 -0.3568 21.010606 105.7314715 20190810025739 ;
1 -0.1294 -0.2868 -0.1604 21.010606 105.7314715 20190810025740 ;
1 -0.0070 -0.1707 -0.2591 21.010606 105.7314715 20190810025740 ;
1 0.2165 -0.1300 -0.5601 21.010606 105.7314715 20190810025740 ;
1 -0.0631 -0.3469 -0.3399 21.010606 105.7314715 20190810025740 ;
1 0.0725 -0.2317 -0.4970 21.010606 105.7314715 20190810025740 ;
1 -0.0552 -0.2280 -0.6677 21.010606 105.7314715 20190810025740 ;
1 0.2478 -0.1112 -0.5388 21.010606 105.7314715 20190810025740 ;
1 -0.2044 -0.2855 -0.4693 21.010606 105.7314715 20190810025740 ;
1 0.1369 -0.3942 -0.2856 21.010606 105.7314715 20190810025740 ;
1 -0.0369 -0.1574 -0.9459 21.010606 105.7314715 20190810025740 ;
1 -0.0524 -0.1377 -0.8683 21.010606 105.7314715 20190810025740 ;
1 -0.1701 -0.3068 -0.2221 21.010606 105.7314715 20190810025740 ;
1 0.1234 -0.1696 -0.2536 21.010606 105.7314715 20190810025740 ;
1 0.0213 -0.1991 -0.3910 21.010606 105.7314715 20190810025740 ;
1 0.0384 -0.2095 -0.4471 21.010606 105.7314715 20190810025740 ;
1 -0.2426 -0.2478 -0.4172 21.010606 105.7314715 20190810025740 ;
1 0.2477 -0.2441 -0.2369 21.010606 105.7314715 20190810025740 ;
1 -0.0682 -0.2422 0.0581 21.010606 105.7314715 20190810025740 ;
1 -0.1707 -0.1704 -0.3998 21.010606 105.7314715 20190810025740 ;
1 0.0521 -0.3142 -0.0536 21.010606 105.7314715 20190810025740 ;
1 0.2493 -0.2525 0.2715 21.010606 105.7314715 20190810025740 ;
1 -0.2265 -0.2309 -0.1218 21.010606 105.7314715 20190810025740 ;
1 0.4039 -0.0755 -0.1328 21.010606 105.7314715 20190810025740 ;
1 -0.0834 -0.4621 0.4249 21.010606 105.7314715 20190810025740 ;
1 0.0363 -0.2690 0.6032 21.010606 105.7314715 20190810025740 ;
1 0.1141 -0.1478 0.0310 21.010606 105.7314715 20190810025740 ;
1 -0.0035 -0.0728 -0.0358 21.010606 105.7314715 20190810025740 ;
1 0.3971 -0.2403 0.6384 21.010606 105.7314715 20190810025740 ;
1 -0.2008 -0.4466 0.5424 21.010606 105.7314715 20190810025740 ;
1 0.0979 -0.0109 0.0581 21.010606 105.7314715 20190810025740 ;
1 0.1416 -0.1029 -0.1886 21.010606 105.7314715 20190810025740 ;
1 -0.1003 -0.1122 0.2499 21.0106212 105.7312633 20190810025740 ;
1 0.0070 -0.1842 0.0525 21.0106212 105.7312633 20190810025740 ;
1 0.1085 -0.1730 -0.5668 21.0106212 105.7312633 20190810025740 ;
1 -0.2355 -0.1909 -0.1062 21.0106212 105.7312633 20190810025740 ;
1 0.0868 -0.0562 -0.0477 21.0106212 105.7312633 20190810025740 ;
1 -0.0353 -0.0722 -0.7985 21.0106212 105.7312633 20190810025740 ;
1 -0.0335 -0.1940 -0.6691 21.0106212 105.7312633 20190810025740 ;
1 -0.0139 -0.2604 -0.6088 21.0106212 105.7312633 20190810025740 ;
1 -0.2936 -0.1926 -0.9724 21.0106212 105.7312633 20190810025740 ;
1 -0.0030 -0.1034 -0.5527 21.0106212 105.7312633 20190810025740 ;
1 0.0548 -0.2694 0.0754 21.0106212 105.7312633 20190810025740 ;
1 -0.0750 -0.3008 -0.0789 21.0106212 105.7312633 20190810025740 ;
1 0.0275 -0.2542 -0.4849 21.0106212 105.7312633 20190810025740 ;
1 0.2010 -0.2103 -0.3502 21.0106212 105.7312633 20190810025740 ;
1 -0.0895 -0.2123 -0.0394 21.0106212 105.7312633 20190810025740 ;
1 -0.0150 -0.3046 0.0521 21.0106212 105.7312633 20190810025740 ;
1 0.1340 -0.2768 0.3043 21.0106212 105.7312633 20190810025741 ;
1 0.1235 -0.1761 0.4538 21.0106212 105.7312633 20190810025741 ;
1 -0.0249 -0.1839 0.4071 21.0106212 105.7312633 20190810025741 ;
1 0.1679 -0.2250 0.5520 21.0106212 105.7312633 20190810025741 ;
1 0.3615 -0.1982 0.2818 21.0106212 105.7312633 20190810025741 ;
1 0.1512 -0.3166 0.4214 21.0106212 105.7312633 20190810025741 ;
1 0.0311 -0.1947 0.2895 21.0106212 105.7312633 20190810025741 ;
1 -0.0655 -0.2603 0.2151 21.0106212 105.7312633 20190810025741 ;
1 0.4481 -0.2924 0.7906 21.0106212 105.7312633 20190810025741 ;
1 0.0735 -0.1471 0.1713 21.0106212 105.7312633 20190810025741 ;
1 -0.1367 -0.3769 -0.0085 21.0106212 105.7312633 20190810025741 ;
1 0.2816 -0.2446 0.1708 21.0106212 105.7312633 20190810025741 ;
1 -0.2646 -0.1322 -0.1310 21.0106212 105.7312633 20190810025741 ;
1 0.3511 -0.0339 -0.2557 21.0106212 105.7312633 20190810025741 ;
1 -0.2600 -0.2435 -0.0297 21.0106212 105.7312633 20190810025741 ;
1 0.0995 -0.3315 0.2995 21.0106212 105.7312633 20190810025741 ;
1 0.0966 -0.0441 -0.4411 21.0106212 105.7312633 20190810025741 ;
1 -0.0051 -0.1958 -0.5575 21.0106212 105.7312633 20190810025741 ;
1 -0.3075 -0.2596 -0.5141 21.0106212 105.7312633 20190810025741 ;
1 0.3236 -0.0679 -0.7134 21.0106212 105.7312633 20190810025741 ;
1 0.0549 -0.3288 -0.7284 21.0106212 105.7312633 20190810025741 ;
1 0.0027 -0.1889 -0.4526 21.0106212 105.7312633 20190810025741 ;
1 -0.0086 -0.1883 -0.6338 21.0106212 105.7312633 20190810025741 ;
1 0.2731 -0.1545 -0.2726 21.0106212 105.7312633 20190810025741 ;
1 -0.0215 -0.2220 -0.1351 21.0106212 105.7312633 20190810025741 ;
1 0.1140 -0.3016 -0.1766 21.0106212 105.7312633 20190810025741 ;
1 0.0175 -0.2033 -0.2553 21.0106212 105.7312633 20190810025741 ;
1 0.1045 -0.1189 -0.0191 21.0106212 105.7312633 20190810025741 ;
1 0.1318 -0.1917 0.0287 21.0106212 105.7312633 20190810025741 ;
1 0.0495 -0.2383 0.3986 21.0106212 105.7312633 20190810025741 ;
1 -0.1633 -0.2435 0.2341 21.0106212 105.7312633 20190810025741 ;
1 0.3054 -0.1146 0.0867 21.0106212 105.7312633 20190810025741 ;
1 -0.2976 -0.3277 0.5220 21.010628 105.7310711 20190810025741 ;
1 0.2208 -0.1746 0.5874 21.010628 105.7310711 20190810025741 ;
1 0.0555 -0.1810 0.0408 21.010628 105.7310711 20190810025741 ;
1 -0.1782 -0.2555 0.3293 21.010628 105.7310711 20190810025741 ;
1 0.0230 -0.3027 0.2761 21.010628 105.7310711 20190810025741 ;
1 -0.1072 -0.1506 0.1273 21.010628 105.7310711 20190810025741 ;
1 0.1096 -0.0867 0.1885 21.010628 105.7310711 20190810025741 ;
1 0.1346 -0.1839 0.0603 21.010628 105.7310711 20190810025741 ;
1 -0.1279 -0.3143 0.3992 21.010628 105.7310711 20190810025741 ;
1 0.3673 -0.0775 0.1440 21.010628 105.7310711 20190810025741 ;
1 0.0345 -0.1580 -0.0237 21.010628 105.7310711 20190810025741 ;
1 0.0305 -0.1023 0.0716 21.010628 105.7310711 20190810025741 ;
1 0.1932 -0.1887 -0.1678 21.010628 105.7310711 20190810025741 ;
1 0.0143 -0.3012 -0.0386 21.010628 105.7310711 20190810025741 ;
1 0.2822 -0.1017 -0.1622 21.010628 105.7310711 20190810025741 ;
1 0.1008 -0.0973 -0.1198 21.010628 105.7310711 20190810025741 ;
1 0.0781 -0.1443 0.0603 21.010628 105.7310711 20190810025741 ;
1 0.3769 -0.1448 0.0844 21.010628 105.7310711 20190810025741 ;
1 -0.1597 -0.1467 -0.4032 21.010628 105.7310711 20190810025742 ;
1 0.1239 -0.1624 -0.1524 21.010628 105.7310711 20190810025742 ;
1 -0.1523 -0.1447 -0.0549 21.010628 105.7310711 20190810025742 ;
1 0.1436 -0.0618 -0.1973 21.010628 105.7310711 20190810025742 ;
1 0.1831 -0.1673 -0.1824 21.010628 105.7310711 20190810025742 ;
1 -0.2028 -0.2723 -0.0522 21.010628 105.7310711 20190810025742 ;
1 -0.0256 -0.1787 -0.0928 21.010628 105.7310711 20190810025742 ;
1 0.0311 -0.1143 -0.1382 21.010628 105.7310711 20190810025742 ;
1 -0.0968 -0.1686 0.0313 21.010628 105.7310711 20190810025742 ;
1 0.0111 -0.1984 0.2752 21.010628 105.7310711 20190810025742 ;
1 -0.1689 -0.2875 0.1286 21.010628 105.7310711 20190810025742 ;
1 0.2458 -0.0056 -0.1374 21.010628 105.7310711 20190810025742 ;
1 -0.1919 -0.1058 0.1745 21.010628 105.7310711 20190810025742 ;
1 0.0990 -0.1647 -0.0102 21.010628 105.7310711 20190810025742 ;
1 0.1752 -0.0821 0.0384 21.010628 105.7310711 20190810025742 ;
1 -0.0452 -0.1983 0.0115 21.010628 105.7310711 20190810025742 ;
1 0.0446 -0.1363 0.1104 21.010628 105.7310711 20190810025742 ;
1 -0.0642 -0.1103 -0.2556 21.010628 105.7310711 20190810025742 ;
1 0.1075 -0.0088 -0.4340 21.010628 105.7310711 20190810025742 ;
1 0.1744 -0.2154 -0.0909 21.010628 105.7310711 20190810025742 ;
1 -0.1463 -0.3477 -0.0838 21.010628 105.7310711 20190810025742 ;
1 0.1366 -0.0886 -0.0472 21.010628 105.7310711 20190810025742 ;
1 0.3097 0.0801 -0.2493 21.010628 105.7310711 20190810025742 ;
1 -0.1703 -0.1843 -0.0134 21.010628 105.7310711 20190810025742 ;
1 0.1167 -0.3229 0.1912 21.010628 105.7310711 20190810025742 ;
1 -0.0266 -0.0967 -0.3741 21.010628 105.7310711 20190810025742 ;
1 0.0966 -0.0626 -0.3754 21.010628 105.7310711 20190810025742 ;
1 -0.2416 -0.1472 0.1233 21.010628 105.7310711 20190810025742 ;
1 0.1995 -0.0535 0.3833 21.010628 105.7310711 20190810025742 ;
1 0.2885 -0.1989 0.1951 21.010628 105.7310711 20190810025742 ;
1 0.0257 -0.1075 0.0467 21.010628 105.7310711 20190810025742 ;
1 -0.2846 -0.0506 -0.1947 21.010628 105.7310711 20190810025742 ;
1 0.1314 -0.0710 -0.2539 21.0106402 105.7308826 20190810025742 ;
1 0.1551 -0.1501 0.2013 21.0106402 105.7308826 20190810025742 ;
1 0.0887 -0.0455 -0.0316 21.0106402 105.7308826 20190810025742 ;
1 -0.0593 -0.1561 -0.2743 21.0106402 105.7308826 20190810025742 ;
1 0.1498 -0.0686 0.0354 21.0106402 105.7308826 20190810025742 ;
1 0.0316 -0.0667 -0.0366 21.0106402 105.7308826 20190810025742 ;
1 0.0142 -0.0840 -0.4004 21.0106402 105.7308826 20190810025742 ;
1 0.1337 -0.1369 -0.2927 21.0106402 105.7308826 20190810025742 ;
1 0.0252 -0.1995 0.2612 21.0106402 105.7308826 20190810025742 ;
1 0.1352 0.0645 -0.2939 21.0106402 105.7308826 20190810025742 ;
1 -0.1973 -0.0477 -0.4066 21.0106402 105.7308826 20190810025742 ;
1 0.0447 -0.0715 0.0008 21.0106402 105.7308826 20190810025742 ;
1 -0.1445 -0.1801 -0.0831 21.0106402 105.7308826 20190810025742 ;
1 0.1835 -0.1442 -0.1953 21.0106402 105.7308826 20190810025742 ;
1 -0.1323 -0.0262 -0.2787 21.0106402 105.7308826 20190810025742 ;
1 -0.3002 -0.1318 -0.0665 21.0106402 105.7308826 20190810025742 ;
1 0.3156 0.0016 -0.2120 21.0106402 105.7308826 20190810025743 ;
1 -0.1119 -0.1636 -0.2866 21.0106402 105.7308826 20190810025743 ;
1 0.0011 -0.2631 0.1005 21.0106402 105.7308826 20190810025743 ;
1 -0.1781 -0.0535 -0.2019 21.0106402 105.7308826 20190810025743 ;
1 0.3341 -0.1072 0.1063 21.0106402 105.7308826 20190810025743 ;
1 0.0039 -0.1959 0.4441 21.0106402 105.7308826 20190810025743 ;
1 0.3108 -0.0042 -0.0997 21.0106402 105.7308826 20190810025743 ;
1 0.0034 -0.2100 -0.0505 21.0106402 105.7308826 20190810025743 ;
1 0.2279 -0.0883 0.4247 21.0106402 105.7308826 20190810025743 ;
1 -0.0016 -0.2078 0.3470 21.0106402 105.7308826 20190810025743 ;
1 0.2416 0.1152 0.0611 21.0106402 105.7308826 20190810025743 ;
1 0.3310 -0.0458 0.3184 21.0106402 105.7308826 20190810025743 ;
1 0.0304 -0.1449 0.5988 21.0106402 105.7308826 20190810025743 ;
1 0.4206 -0.0082 0.3580 21.0106402 105.7308826 20190810025743 ;
1 -0.0384 -0.0973 0.0306 21.0106402 105.7308826 20190810025743 ;
1 0.4280 0.0275 0.1451 21.0106402 105.7308826 20190810025743 ;
1 -0.1827 -0.0356 0.0270 21.0106402 105.7308826 20190810025743 ;
1 0.1724 -0.2187 0.0559 21.0106402 105.7308826 20190810025743 ;
1 -0.1458 -0.0030 -0.4356 21.0106402 105.7308826 20190810025743 ;
1 -0.1177 -0.0515 -0.2457 21.0106402 105.7308826 20190810025743 ;
1 -0.0567 -0.0219 0.0928 21.0106402 105.7308826 20190810025743 ;
1 -0.0030 -0.0421 -0.1951 21.0106402 105.7308826 20190810025743 ;
1 0.2863 -0.0017 -0.3148 21.0106402 105.7308826 20190810025743 ;
1 -0.3205 -0.1070 -0.1576 21.0106402 105.7308826 20190810025743 ;
1 -0.3509 -0.0291 -0.4512 21.0106402 105.7308826 20190810025743 ;
1 0.0801 -0.0300 -0.4564 21.0106402 105.7308826 20190810025743 ;
1 -0.1299 -0.0092 -0.1833 21.0106402 105.7308826 20190810025743 ;
1 -0.1729 -0.1484 -0.1121 21.0106402 105.7308826 20190810025743 ;
1 -0.2776 -0.2108 -0.2976 21.0106402 105.7308826 20190810025743 ;
1 0.0686 0.0617 -0.6486 21.0106402 105.7308826 20190810025743 ;
1 -0.2130 -0.0579 0.0888 21.0106402 105.7308826 20190810025743 ;
1 -0.1989 -0.1700 0.0546 21.0106402 105.7308826 20190810025743 ;
1 -0.0373 -0.2141 0.1164 21.0106562 105.730697 20190810025743 ;
1 -0.1274 0.1101 -0.1502 21.0106562 105.730697 20190810025743 ;
1 -0.0264 -0.1193 0.2005 21.0106562 105.730697 20190810025743 ;
1 -0.2195 -0.1207 0.1770 21.0106562 105.730697 20190810025743 ;
1 0.0811 0.0004 0.0305 21.0106562 105.730697 20190810025743 ;
1 0.0820 -0.0160 0.1088 21.0106562 105.730697 20190810025743 ;
1 0.1599 -0.1122 0.5041 21.0106562 105.730697 20190810025743 ;
1 -0.0343 -0.2970 0.5549 21.0106562 105.730697 20190810025743 ;
1 0.0658 0.0743 -0.1103 21.0106562 105.730697 20190810025743 ;
1 0.0917 -0.0219 -0.1855 21.0106562 105.730697 20190810025743 ;
1 0.0279 -0.2188 0.5352 21.0106562 105.730697 20190810025743 ;
1 -0.1294 -0.2501 0.7831 21.0106562 105.730697 20190810025743 ;
1 0.3796 0.0847 0.0364 21.0106562 105.730697 20190810025743 ;
1 -0.2983 -0.0152 0.3355 21.0106562 105.730697 20190810025743 ;
1 0.2923 -0.1087 0.7401 21.0106562 105.730697 20190810025743 ;
1 -0.1163 -0.0815 0.4366 21.0106562 105.730697 20190810025743 ;
1 0.0259 -0.1182 0.0974 21.0106562 105.730697 20190810025743 ;
1 -0.0921 -0.0944 0.2164 21.0106562 105.730697 20190810025743 ;
1 -0.3429 -0.0848 0.4168 21.0106562 105.730697 20190810025743 ;
1 -0.0666 0.0015 0.1526 21.0106562 105.730697 20190810025743 ;
1 0.1325 -0.0663 -0.0277 21.0106562 105.730697 20190810025744 ;
1 -0.0730 -0.0357 0.2856 21.0106562 105.730697 20190810025744 ;
1 -0.3779 -0.0862 0.0462 21.0106562 105.730697 20190810025744 ;
1 0.1243 -0.0554 -0.2827 21.0106562 105.730697 20190810025744 ;
1 -0.2593 -0.0697 0.0754 21.0106562 105.730697 20190810025744 ;
1 0.0844 0.1056 -0.3285 21.0106562 105.730697 20190810025744 ;
1 -0.2424 -0.1953 -0.2628 21.0106562 105.730697 20190810025744 ;
1 -0.0052 -0.0793 -0.0146 21.0106562 105.730697 20190810025744 ;
1 0.1023 0.1182 -0.4159 21.0106562 105.730697 20190810025744 ;
1 -0.1429 0.0406 -0.4248 21.0106562 105.730697 20190810025744 ;
1 -0.1932 -0.1389 -0.1356 21.0106562 105.730697 20190810025744 ;
1 0.3286 -0.0451 -0.1725 21.0106562 105.730697 20190810025744 ;
1 0.0148 -0.0378 -0.1362 21.0106562 105.730697 20190810025744 ;
1 -0.1196 0.0507 -0.2811 21.0106562 105.730697 20190810025744 ;
1 0.0930 -0.0450 -0.5926 21.0106562 105.730697 20190810025744 ;
1 0.0724 -0.0949 0.0452 21.0106562 105.730697 20190810025744 ;
1 0.0020 0.0071 -0.1376 21.0106562 105.730697 20190810025744 ;
1 -0.0043 -0.1319 -0.2968 21.0106562 105.730697 20190810025744 ;
1 -0.0117 0.0798 -0.4359 21.0106562 105.730697 20190810025744 ;
1 -0.2391 -0.1193 0.0952 21.0106562 105.730697 20190810025744 ;
1 0.1585 0.0925 -0.0764 21.0106562 105.730697 20190810025744 ;
1 -0.3013 -0.0676 -0.5163 21.0106562 105.730697 20190810025744 ;
1 -0.1737 -0.2295 0.2528 21.0106562 105.730697 20190810025744 ;
1 -0.0805 0.0845 0.1451 21.0106562 105.730697 20190810025744 ;
1 -0.0365 0.0019 -0.4311 21.0106562 105.730697 20190810025744 ;
1 -0.2556 -0.1456 -0.2081 21.0106562 105.730697 20190810025744 ;
1 0.0159 -0.0285 -0.1071 21.0106562 105.730697 20190810025744 ;
1 -0.0412 -0.2075 0.0031 21.0106562 105.730697 20190810025744 ;
1 -0.1596 0.0476 0.2427 21.0106562 105.730697 20190810025744 ;
1 -0.1553 0.1125 -0.2631 21.0106562 105.730697 20190810025744 ;
1 -0.2463 -0.2321 0.2576 21.0106562 105.730697 20190810025744 ;
1 0.4433 -0.0170 0.6573 21.0106562 105.730697 20190810025744 ;
1 -0.1677 -0.0493 -0.0635 21.0106702 105.7305096 20190810025744 ;
1 -0.2751 0.0347 -0.1260 21.0106702 105.7305096 20190810025744 ;
1 0.5151 -0.1610 0.3272 21.0106702 105.7305096 20190810025744 ;
1 -0.2515 -0.2710 0.7997 21.0106702 105.7305096 20190810025744 ;
1 -0.0214 0.0920 0.2625 21.0106702 105.7305096 20190810025744 ;
1 0.1542 -0.0983 -0.0001 21.0106702 105.7305096 20190810025744 ;
1 0.1417 -0.0692 0.4461 21.0106702 105.7305096 20190810025744 ;
1 0.0564 -0.1313 0.5099 21.0106702 105.7305096 20190810025744 ;
1 0.0867 -0.1064 0.5356 21.0106702 105.7305096 20190810025744 ;
1 -0.0010 0.0470 0.6359 21.0106702 105.7305096 20190810025744 ;
1 0.1827 -0.0978 0.5803 21.0106702 105.7305096 20190810025744 ;
1 -0.2485 -0.1890 0.8616 21.0106702 105.7305096 20190810025744 ;
1 0.1639 0.0472 0.5932 21.0106702 105.7305096 20190810025744 ;
1 -0.1660 0.2006 -0.9350 21.0106702 105.7305096 20190810025744 ;
1 0.2556 -0.0771 -0.0240 21.0106702 105.7305096 20190810025744 ;
1 -0.0422 0.0572 0.2130 21.0106702 105.7305096 20190810025744 ;
1 -0.0098 0.1677 -0.1189 21.0106702 105.7305096 20190810025744 ;
1 -0.3462 0.0514 -0.3869 21.0106702 105.7305096 20190810025744 ;
1 -0.1381 -0.0081 -0.1419 21.0106702 105.7305096 20190810025745 ;
1 -0.1705 0.0165 -0.6457 21.0106702 105.7305096 20190810025745 ;
1 0.0654 0.3371 -1.6381 21.0106702 105.7305096 20190810025745 ;
1 -0.3058 -0.1302 -1.3672 21.0106702 105.7305096 20190810025745 ;
1 -0.1502 -0.2532 -0.4123 21.0106702 105.7305096 20190810025745 ;
1 -0.1277 0.2744 -1.6658 21.0106702 105.7305096 20190810025745 ;
1 -0.4715 0.1288 -1.7744 21.0106702 105.7305096 20190810025745 ;
1 -0.2239 -0.1230 -0.4747 21.0106702 105.7305096 20190810025745 ;
1 0.0509 -0.1907 -0.5238 21.0106702 105.7305096 20190810025745 ;
1 -0.2893 0.0801 -1.2190 21.0106702 105.7305096 20190810025745 ;
1 -0.2615 0.1342 -1.2145 21.0106702 105.7305096 20190810025745 ;
1 -0.1988 -0.1791 -0.5391 21.0106702 105.7305096 20190810025745 ;
1 -0.3355 -0.1536 -0.3243 21.0106702 105.7305096 20190810025745 ;
1 0.0392 0.0812 -0.3404 21.0106702 105.7305096 20190810025745 ;
1 -0.3387 -0.0947 0.1565 21.0106702 105.7305096 20190810025745 ;
1 -0.1878 0.0992 0.2270 21.0106702 105.7305096 20190810025745 ;
1 -0.1947 -0.1611 0.3114 21.0106702 105.7305096 20190810025745 ;
1 -0.2085 -0.0222 0.4852 21.0106702 105.7305096 20190810025745 ;
1 -0.3762 -0.0689 0.2711 21.0106702 105.7305096 20190810025745 ;
1 -0.2231 -0.2909 0.9092 21.0106702 105.7305096 20190810025745 ;
1 -0.2521 0.0117 0.9257 21.0106702 105.7305096 20190810025745 ;
1 -0.2296 -0.0128 0.6682 21.0106702 105.7305096 20190810025745 ;
1 -0.2380 -0.1310 0.6650 21.0106702 105.7305096 20190810025745 ;
1 -0.3778 -0.1963 0.9261 21.0106702 105.7305096 20190810025745 ;
1 0.0655 -0.0071 0.7577 21.0106702 105.7305096 20190810025745 ;
1 -0.3009 -0.0409 0.7193 21.0106702 105.7305096 20190810025745 ;
1 -0.1246 -0.0797 0.8740 21.0106702 105.7305096 20190810025745 ;
1 -0.2135 0.0159 0.4626 21.0106702 105.7305096 20190810025745 ;
1 0.0911 -0.0584 0.4934 21.0106702 105.7305096 20190810025745 ;
1 0.1406 -0.0066 0.5544 21.0106702 105.7305096 20190810025745 ;
1 -0.2284 -0.0160 0.2797 21.010683 105.7303271 20190810025745 ;
1 -0.0063 0.0539 -0.0282 21.010683 105.7303271 20190810025745 ;
1 -0.3059 -0.0619 0.0218 21.010683 105.7303271 20190810025745 ;
1 0.0503 0.0197 0.3579 21.010683 105.7303271 20190810025745 ;
1 -0.2823 -0.0126 -0.1365 21.010683 105.7303271 20190810025745 ;
1 -0.0981 -0.0823 -0.0358 21.010683 105.7303271 20190810025745 ;
1 0.0104 -0.0574 0.3714 21.010683 105.7303271 20190810025745 ;
1 -0.1420 0.0631 -0.1330 21.010683 105.7303271 20190810025745 ;
1 -0.3817 -0.1552 -0.3262 21.010683 105.7303271 20190810025745 ;
1 0.0312 0.0159 -0.0497 21.010683 105.7303271 20190810025745 ;
1 -0.3192 -0.1563 0.2287 21.010683 105.7303271 20190810025745 ;
1 -0.1582 -0.1089 0.3877 21.010683 105.7303271 20190810025745 ;
1 -0.0730 -0.0614 0.1481 21.010683 105.7303271 20190810025745 ;
1 -0.0891 0.0194 0.3605 21.010683 105.7303271 20190810025745 ;
1 -0.2019 0.0854 0.3783 21.010683 105.7303271 20190810025745 ;
1 0.0541 0.0124 0.2436 21.010683 105.7303271 20190810025745 ;
1 -0.3530 -0.0839 0.4894 21.010683 105.7303271 20190810025745 ;
1 0.0830 0.2476 0.0985 21.010683 105.7303271 20190810025746 ;
1 -0.2603 0.0525 0.0757 21.010683 105.7303271 20190810025746 ;
1 -0.0514 -0.0897 0.7081 21.010683 105.7303271 20190810025746 ;
1 0.0975 0.0673 0.4309 21.010683 105.7303271 20190810025746 ;
1 -0.1382 0.0742 -0.1431 21.010683 105.7303271 20190810025746 ;
1 -0.2088 0.1606 -0.1871 21.010683 105.7303271 20190810025746 ;
1 -0.1696 0.1202 -0.1207 21.010683 105.7303271 20190810025746 ;
1 -0.1498 0.0960 -0.1596 21.010683 105.7303271 20190810025746 ;
1 -0.2133 0.0771 -0.1569 21.010683 105.7303271 20190810025746 ;
1 -0.0568 0.2093 -0.1912 21.010683 105.7303271 20190810025746 ;
1 -0.2571 0.0872 -0.2401 21.010683 105.7303271 20190810025746 ;
1 0.0325 0.1389 -0.1824 21.010683 105.7303271 20190810025746 ;
1 -0.3360 0.1125 -0.1729 21.010683 105.7303271 20190810025746 ;
1 0.2897 0.0981 0.0113 21.010683 105.7303271 20190810025746 ;
1 -0.2461 0.1869 -0.1176 21.010683 105.7303271 20190810025746 ;
1 -0.0074 0.1118 -0.2939 21.010683 105.7303271 20190810025746 ;
1 -0.1935 0.0335 -0.2429 21.010683 105.7303271 20190810025746 ;
1 0.0098 0.1899 -0.0371 21.010683 105.7303271 20190810025746 ;
1 -0.2074 0.0301 -0.0436 21.010683 105.7303271 20190810025746 ;
1 0.0664 0.1073 0.1531 21.010683 105.7303271 20190810025746 ;
1 -0.0175 0.0945 0.3165 21.010683 105.7303271 20190810025746 ;
1 0.1294 0.2213 -0.0254 21.010683 105.7303271 20190810025746 ;
1 -0.1659 0.1027 -0.1994 21.010683 105.7303271 20190810025746 ;
1 -0.0848 -0.0810 0.5125 21.010683 105.7303271 20190810025746 ;
1 0.0047 0.2963 0.3133 21.010683 105.7303271 20190810025746 ;
1 0.0742 0.1590 -0.1314 21.010683 105.7303271 20190810025746 ;
1 -0.4313 -0.0762 0.3803 21.010683 105.7303271 20190810025746 ;
1 0.3153 0.3189 0.6042 21.010683 105.7303271 20190810025746 ;
1 -0.4180 0.0830 0.3667 21.010683 105.7303271 20190810025746 ;
1 0.0823 0.1118 0.4246 21.010683 105.7303271 20190810025746 ;
1 -0.2348 0.0431 0.2619 21.010683 105.7303271 20190810025746 ;
1 0.0267 0.0869 0.4142 21.010683 105.7303271 20190810025746 ;
1 -0.1719 0.0002 0.2526 21.010683 105.7303271 20190810025746 ;
1 0.0747 0.0518 0.4551 21.0106968 105.7301533 20190810025746 ;
1 -0.3164 0.1224 0.3884 21.0106968 105.7301533 20190810025746 ;
1 0.2311 0.2248 0.5669 21.0106968 105.7301533 20190810025746 ;
1 -0.1879 0.1359 0.4335 21.0106968 105.7301533 20190810025746 ;
1 -0.0960 0.1804 0.1404 21.0106968 105.7301533 20190810025746 ;
1 0.2046 0.0264 0.4240 21.0106968 105.7301533 20190810025746 ;
1 -0.1666 0.1953 0.3000 21.0106968 105.7301533 20190810025746 ;
1 0.0750 0.2531 0.1397 21.0106968 105.7301533 20190810025746 ;
1 0.1695 0.1179 -0.1271 21.0106968 105.7301533 20190810025746 ;
1 -0.1469 -0.0212 0.1704 21.0106968 105.7301533 20190810025746 ;
1 0.0285 0.1771 0.0863 21.0106968 105.7301533 20190810025746 ;
1 -0.0802 0.3258 -0.4508 21.0106968 105.7301533 20190810025746 ;
1 -0.0192 0.0970 -0.2291 21.0106968 105.7301533 20190810025746 ;
1 0.1078 0.1109 0.1036 21.0106968 105.7301533 20190810025746 ;
1 0.0259 0.1653 0.0729 21.0106968 105.7301533 20190810025746 ;
1 0.1469 0.1859 -0.1606 21.0106968 105.7301533 20190810025746 ;
1 -0.2079 0.2664 -0.4630 21.0106968 105.7301533 20190810025747 ;
1 0.3418 0.0749 -0.1667 21.0106968 105.7301533 20190810025747 ;
1 -0.1218 0.0002 0.3764 21.0106968 105.7301533 20190810025747 ;
1 0.1000 0.4638 -0.6949 21.0106968 105.7301533 20190810025747 ;
1 0.0544 0.1402 -0.8658 21.0106968 105.7301533 20190810025747 ;
1 -0.0386 0.2030 0.0040 21.0106968 105.7301533 20190810025747 ;
1 0.0426 0.3003 -0.3518 21.0106968 105.7301533 20190810025747 ;
1 0.2094 0.3134 -0.3767 21.0106968 105.7301533 20190810025747 ;
1 -0.0929 0.3107 -0.4222 21.0106968 105.7301533 20190810025747 ;
1 -0.0075 0.0105 0.4014 21.0106968 105.7301533 20190810025747 ;
1 0.2834 0.4523 -0.3475 21.0106968 105.7301533 20190810025747 ;
1 -0.4375 0.2830 -1.0809 21.0106968 105.7301533 20190810025747 ;
1 0.4173 0.1050 -0.3181 21.0106968 105.7301533 20190810025747 ;
1 -0.1915 0.2365 -0.7098 21.0106968 105.7301533 20190810025747 ;
1 0.2205 0.0861 -0.3741 21.0106968 105.7301533 20190810025747 ;
1 -0.0530 0.1312 -0.0161 21.0106968 105.7301533 20190810025747 ;
1 -0.1236 0.1439 0.3197 21.0106968 105.7301533 20190810025747 ;
1 0.1816 0.1025 0.4743 21.0106968 105.7301533 20190810025747 ;
1 0.2419 0.3048 0.1971 21.0106968 105.7301533 20190810025747 ;
1 -0.0997 0.0129 0.3532 21.0106968 105.7301533 20190810025747 ;
1 0.3031 0.1693 0.4790 21.0106968 105.7301533 20190810025747 ;
1 0.1336 0.2477 0.2186 21.0106968 105.7301533 20190810025747 ;
1 -0.3068 0.1117 0.5349 21.0106968 105.7301533 20190810025747 ;
1 0.0671 0.1392 0.8502 21.0106968 105.7301533 20190810025747 ;
1 0.1376 0.2642 0.3098 21.0106968 105.7301533 20190810025747 ;
1 -0.0299 0.0760 0.6070 21.0106968 105.7301533 20190810025747 ;
1 0.1585 0.2274 0.6149 21.0106968 105.7301533 20190810025747 ;
1 0.1723 0.2339 0.1946 21.0106968 105.7301533 20190810025747 ;
1 0.0589 0.1609 0.1610 21.0106968 105.7301533 20190810025747 ;
1 0.3225 0.2513 0.0985 21.0106968 105.7301533 20190810025747 ;
1 -0.0959 0.2737 0.1446 21.0106968 105.7301533 20190810025747 ;
1 0.1840 0.2126 0.1082 21.0106968 105.7301533 20190810025747 ;
1 0.0693 0.3008 -0.1778 21.0106968 105.7301533 20190810025747 ;
1 0.0145 0.2299 0.0957 21.0107069 105.7299793 20190810025747 ;
1 0.0992 0.3627 -0.1845 21.0107069 105.7299793 20190810025747 ;
1 0.2134 0.2301 -0.3966 21.0107069 105.7299793 20190810025747 ;
1 0.1698 0.2200 -0.1795 21.0107069 105.7299793 20190810025747 ;
1 0.0229 0.3034 -0.4515 21.0107069 105.7299793 20190810025747 ;
1 0.1067 0.3079 -0.6263 21.0107069 105.7299793 20190810025747 ;
1 0.0591 0.2402 -0.4735 21.0107069 105.7299793 20190810025747 ;
1 -0.0889 0.2350 -0.3717 21.0107069 105.7299793 20190810025747 ;
1 -0.0631 0.2627 -0.3421 21.0107069 105.7299793 20190810025747 ;
1 -0.0863 0.3139 -0.6616 21.0107069 105.7299793 20190810025747 ;
1 0.0805 0.2199 -0.2684 21.0107069 105.7299793 20190810025747 ;
1 -0.3090 0.2116 -0.2444 21.0107069 105.7299793 20190810025747 ;
1 0.1147 0.4147 -0.8372 21.0107069 105.7299793 20190810025747 ;
1 -0.0743 0.2230 -0.5095 21.0107069 105.7299793 20190810025747 ;
1 0.0245 0.0740 0.3468 21.0107069 105.7299793 20190810025747 ;
1 -0.1514 0.3834 -0.0393 21.0107069 105.7299793 20190810025747 ;
1 -0.1045 0.3161 -0.5605 21.0107069 105.7299793 20190810025747 ;
1 0.1968 0.2278 -0.2666 21.0107069 105.7299793 20190810025747 ;
1 0.0248 0.1928 0.1194 21.0107069 105.7299793 20190810025747 ;
1 -0.1724 0.2085 0.2253 21.0107069 105.7299793 20190810025748 ;
1 0.1050 0.5073 -0.2569 21.0107069 105.7299793 20190810025748 ;
1 -0.0300 0.2601 -0.1421 21.0107069 105.7299793 20190810025748 ;
1 0.0346 0.1574 0.7886 21.0107069 105.7299793 20190810025748 ;
1 0.3284 0.3846 0.3904 21.0107069 105.7299793 20190810025748 ;
1 0.1175 0.2996 -0.0141 21.0107069 105.7299793 20190810025748 ;
1 0.0898 0.2197 0.3335 21.0107069 105.7299793 20190810025748 ;
1 0.2131 0.2850 0.1712 21.0107069 105.7299793 20190810025748 ;
1 0.1285 0.3424 0.1244 21.0107069 105.7299793 20190810025748 ;
1 -0.0222 0.2634 0.1556 21.0107069 105.7299793 20190810025748 ;
1 0.2481 0.1649 0.6537 21.0107069 105.7299793 20190810025748 ;
1 -0.0413 0.1912 1.1752 21.0107069 105.7299793 20190810025748 ;
1 0.2726 0.5228 0.6067 21.0107069 105.7299793 20190810025748 ;
1 0.0103 0.2277 0.6006 21.0107069 105.7299793 20190810025748 ;
1 0.0990 0.2856 0.8528 21.0107069 105.7299793 20190810025748 ;
1 0.0197 0.3233 0.6379 21.0107069 105.7299793 20190810025748 ;
1 0.2186 0.3637 0.8933 21.0107069 105.7299793 20190810025748 ;
1 -0.2590 0.5195 0.3850 21.0107069 105.7299793 20190810025748 ;
1 0.2994 0.2916 0.4221 21.0107069 105.7299793 20190810025748 ;
1 -0.2261 0.2720 0.7071 21.0107069 105.7299793 20190810025748 ;
1 0.1503 0.6270 0.1002 21.0107069 105.7299793 20190810025748 ;
1 -0.1518 0.4160 -0.2792 21.0107069 105.7299793 20190810025748 ;
1 -0.1642 0.3262 -0.2669 21.0107069 105.7299793 20190810025748 ;
1 -0.1250 0.4798 -0.4576 21.0107069 105.7299793 20190810025748 ;
1 -0.0156 0.4118 -0.3624 21.0107069 105.7299793 20190810025748 ;
1 -0.0167 0.5197 -0.4805 21.0107069 105.7299793 20190810025748 ;
1 -0.0700 0.3894 -0.5756 21.0107069 105.7299793 20190810025748 ;
1 -0.0456 0.4507 -0.6048 21.0107069 105.7299793 20190810025748 ;
1 -0.0330 0.4064 -0.9795 21.0107069 105.7299793 20190810025748 ;
1 0.0285 0.4740 -1.1636 21.0107069 105.7299793 20190810025748 ;
1 0.1247 0.3320 -0.9623 21.0107175 105.7297973 20190810025748 ;
1 0.0571 0.2636 -0.3525 21.0107175 105.7297973 20190810025748 ;
1 0.1004 0.4299 -0.2188 21.0107175 105.7297973 20190810025748 ;
1 0.0718 0.4086 -0.8237 21.0107175 105.7297973 20190810025748 ;
1 0.0806 0.2645 -0.6533 21.0107175 105.7297973 20190810025748 ;
1 0.1312 0.1527 0.1763 21.0107175 105.7297973 20190810025748 ;
1 0.4166 0.3359 0.1358 21.0107175 105.7297973 20190810025748 ;
1 0.1197 0.2889 0.2005 21.0107175 105.7297973 20190810025748 ;
1 0.2917 0.2443 0.7598 21.0107175 105.7297973 20190810025748 ;
1 0.0641 0.4046 0.8414 21.0107175 105.7297973 20190810025748 ;
1 -0.2094 0.1480 0.9001 21.0107175 105.7297973 20190810025748 ;
1 0.3641 0.3103 1.0937 21.0107175 105.7297973 20190810025748 ;
1 -0.3132 0.2567 1.1748 21.0107175 105.7297973 20190810025748 ;
1 -0.0339 0.2670 1.3870 21.0107175 105.7297973 20190810025748 ;
1 0.2336 0.3281 0.9255 21.0107175 105.7297973 20190810025748 ;
1 -0.0571 0.2321 0.6987 21.0107175 105.7297973 20190810025748 ;
1 -0.0699 0.3031 0.8682 21.0107175 105.7297973 20190810025748 ;
1 -0.0840 0.3415 0.5137 21.0107175 105.7297973 20190810025749 ;
1 -0.2774 0.1996 0.8827 21.0107175 105.7297973 20190810025749 ;
1 0.0924 0.4185 0.6156 21.0107175 105.7297973 20190810025749 ;
1 -0.3238 0.2693 -0.0984 21.0107175 105.7297973 20190810025749 ;
1 0.0198 0.3291 0.0366 21.0107175 105.7297973 20190810025749 ;
1 0.0921 0.2638 0.0222 21.0107175 105.7297973 20190810025749 ;
1 0.1345 0.2763 -0.0554 21.0107175 105.7297973 20190810025749 ;
1 -0.3258 0.2739 -0.1278 21.0107175 105.7297973 20190810025749 ;
1 0.1667 0.4655 -0.2086 21.0107175 105.7297973 20190810025749 ;
1 -0.2662 0.1442 -0.2277 21.0107175 105.7297973 20190810025749 ;
1 0.3516 0.2886 -0.0195 21.0107175 105.7297973 20190810025749 ;
1 -0.3859 0.3831 -0.7557 21.0107175 105.7297973 20190810025749 ;
1 0.1146 0.2168 -0.1303 21.0107175 105.7297973 20190810025749 ;
1 0.0663 0.3357 -0.1618 21.0107175 105.7297973 20190810025749 ;
1 0.1333 0.3204 -0.3861 21.0107175 105.7297973 20190810025749 ;
1 0.0966 0.3145 -0.1790 21.0107175 105.7297973 20190810025749 ;
1 -0.0313 0.0002 0.3223 21.0107175 105.7297973 20190810025749 ;
1 0.3885 0.0598 1.1368 21.0107175 105.7297973 20190810025749 ;
1 0.2690 0.4160 -0.0292 21.0107175 105.7297973 20190810025749 ;
1 -0.1201 0.0850 -0.3857 21.0107175 105.7297973 20190810025749 ;
1 0.0088 -0.1179 0.4871 21.0107175 105.7297973 20190810025749 ;
1 0.8003 0.2200 0.5683 21.0107175 105.7297973 20190810025749 ;
1 -0.3876 0.0396 0.8369 21.0107175 105.7297973 20190810025749 ;
1 0.0741 0.0027 1.6867 21.0107175 105.7297973 20190810025749 ;
1 0.1835 -0.4703 2.4479 21.0107175 105.7297973 20190810025749 ;
1 0.0952 0.2338 1.8100 21.0107175 105.7297973 20190810025749 ;
1 0.2912 -0.0377 0.4614 21.0107175 105.7297973 20190810025749 ;
1 0.2521 -0.0579 0.6175 21.0107175 105.7297973 20190810025749 ;
1 0.2039 0.0758 0.8251 21.0107175 105.7297973 20190810025749 ;
1 -0.0697 0.2199 0.0764 21.0107175 105.7297973 20190810025749 ;
1 0.1591 0.2682 0.0722 21.0107175 105.7297973 20190810025749 ;
1 -0.3942 0.2650 -1.6152 21.0107175 105.7297973 20190810025749 ;
1 0.0358 -0.6340 0.6511 21.0107175 105.7297973 20190810025749 ;
1 0.0280 0.6015 -0.1683 21.0107297 105.7296222 20190810025749 ;
1 -0.0202 0.6221 -3.2432 21.0107297 105.7296222 20190810025749 ;
1 0.1587 -0.3805 -1.8981 21.0107297 105.7296222 20190810025749 ;
1 -0.1671 -0.2462 -0.9183 21.0107297 105.7296222 20190810025749 ;
1 0.0749 0.5174 -2.5027 21.0107297 105.7296222 20190810025749 ;
1 0.2625 -0.1029 -4.4800 21.0107297 105.7296222 20190810025749 ;
1 0.3002 -0.4284 -1.8320 21.0107297 105.7296222 20190810025749 ;
1 -1.2915 -0.3837 0.1262 21.0107297 105.7296222 20190810025749 ;
1 0.8627 0.7198 -3.4590 21.0107297 105.7296222 20190810025749 ;
1 0.0729 -0.4755 -2.9226 21.0107297 105.7296222 20190810025749 ;
1 -0.4150 -0.0489 -1.2674 21.0107297 105.7296222 20190810025749 ;
1 -0.0269 0.1095 -1.7505 21.0107297 105.7296222 20190810025749 ;
1 0.5544 0.0071 -2.1882 21.0107297 105.7296222 20190810025749 ;
1 -0.2491 -0.2133 -0.8638 21.0107297 105.7296222 20190810025749 ;
1 0.0484 0.0840 -0.1527 21.0107297 105.7296222 20190810025749 ;
1 0.1948 0.1311 -0.2691 21.0107297 105.7296222 20190810025749 ;
1 0.0545 -0.0257 -0.1573 21.0107297 105.7296222 20190810025749 ;
1 0.1039 0.0639 0.0541 21.0107297 105.7296222 20190810025749 ;
1 -0.2007 -0.0317 0.4019 21.0107297 105.7296222 20190810025749 ;
1 0.3073 0.2980 0.4409 21.0107297 105.7296222 20190810025750 ;
1 0.2296 0.2332 0.2374 21.0107297 105.7296222 20190810025750 ;
1 0.0455 0.0353 0.5463 21.0107297 105.7296222 20190810025750 ;
1 -0.0255 0.0032 1.0986 21.0107297 105.7296222 20190810025750 ;
1 0.2542 0.1008 1.1821 21.0107297 105.7296222 20190810025750 ;
1 -0.2820 0.1695 0.8145 21.0107297 105.7296222 20190810025750 ;
1 -0.2923 0.3751 -0.2935 21.0107297 105.7296222 20190810025750 ;
1 0.4283 -0.3380 0.8406 21.0107297 105.7296222 20190810025750 ;
1 -0.4861 -0.1848 1.4400 21.0107297 105.7296222 20190810025750 ;
1 -0.0657 1.5836 -2.7623 21.0107297 105.7296222 20190810025750 ;
1 -0.2262 -0.3830 -0.8192 21.0107297 105.7296222 20190810025750 ;
1 -0.1657 -0.0783 1.0225 21.0107297 105.7296222 20190810025750 ;
1 -0.8320 0.5810 -0.2398 21.0107297 105.7296222 20190810025750 ;
1 0.3941 0.6156 -1.9839 21.0107297 105.7296222 20190810025750 ;
1 -0.4187 0.1578 -1.4283 21.0107297 105.7296222 20190810025750 ;
1 -1.3948 -0.2294 0.9516 21.0107297 105.7296222 20190810025750 ;
1 0.6261 1.1972 -2.9397 21.0107297 105.7296222 20190810025750 ;
1 -0.4216 -0.3983 -2.9558 21.0107297 105.7296222 20190810025750 ;
1 -0.6708 0.1152 -1.0004 21.0107297 105.7296222 20190810025750 ;
1 -0.1815 0.2696 -1.0785 21.0107297 105.7296222 20190810025750 ;
1 -0.0911 0.0374 -2.1879 21.0107297 105.7296222 20190810025750 ;
1 -0.6427 0.1898 -0.8209 21.0107297 105.7296222 20190810025750 ;
1 0.2411 -0.1829 -0.2545 21.0107297 105.7296222 20190810025750 ;
1 -0.7217 -0.1649 -0.0430 21.0107297 105.7296222 20190810025750 ;
1 0.6012 0.3639 0.3955 21.0107297 105.7296222 20190810025750 ;
1 -0.2288 -0.1706 0.4455 21.0107297 105.7296222 20190810025750 ;
1 -0.7371 -0.3797 2.0838 21.0107297 105.7296222 20190810025750 ;
1 0.8501 0.2725 1.7137 21.0107297 105.7296222 20190810025750 ;
1 -0.4054 0.0325 1.4582 21.0107297 105.7296222 20190810025750 ;
1 -0.0812 -0.3594 3.3828 21.0107297 105.7296222 20190810025750 ;
1 0.1151 -0.2501 3.5140 21.0107297 105.7296222 20190810025750 ;
1 -0.4243 -0.5253 4.0894 21.0107432 105.7294674 20190810025750 ;
1 -0.5954 -0.6787 5.4164 21.0107432 105.7294674 20190810025750 ;
1 -0.1896 0.0951 3.5873 21.0107432 105.7294674 20190810025750 ;
1 -0.4074 0.5455 1.2195 21.0107432 105.7294674 20190810025750 ;
1 0.1776 -0.4522 2.7162 21.0107432 105.7294674 20190810025750 ;
1 0.2494 0.1998 2.5755 21.0107432 105.7294674 20190810025750 ;
1 -0.0435 1.6895 -0.9340 21.0107432 105.7294674 20190810025750 ;
1 -0.3116 0.2021 0.6714 21.0107432 105.7294674 20190810025750 ;
1 -0.9197 -0.3015 4.3450 21.0107432 105.7294674 20190810025750 ;
1 0.1498 1.3612 -0.5532 21.0107432 105.7294674 20190810025750 ;
1 0.3588 1.2796 -6.2385 21.0107432 105.7294674 20190810025750 ;
1 1.0099 -0.2764 -4.5274 21.0107432 105.7294674 20190810025750 ;
1 -1.4905 -0.5250 -0.9285 21.0107432 105.7294674 20190810025750 ;
1 0.8761 1.8554 -6.3056 21.0107432 105.7294674 20190810025750 ;
1 0.6075 -1.3390 -8.2241 21.0107432 105.7294674 20190810025750 ;
1 -0.6721 -0.1564 -3.3546 21.0107432 105.7294674 20190810025750 ;
1 -0.4479 0.1535 -2.5927 21.0107432 105.7294674 20190810025750 ;
1 0.3888 -0.5552 -5.6097 21.0107432 105.7294674 20190810025750 ;
1 0.3384 -0.1691 -4.0109 21.0107432 105.7294674 20190810025751 ;
1 -0.7668 -0.4035 0.3180 21.0107432 105.7294674 20190810025751 ;
1 -0.0982 -0.5388 0.7698 21.0107432 105.7294674 20190810025751 ;
1 -0.5943 -0.4843 0.5914 21.0107432 105.7294674 20190810025751 ;
1 -0.0209 -0.3087 1.6702 21.0107432 105.7294674 20190810025751 ;
1 -0.5193 -1.2542 3.4482 21.0107432 105.7294674 20190810025751 ;
1 -0.8669 0.1476 2.0103 21.0107432 105.7294674 20190810025751 ;
1 -0.2089 0.6326 -0.2954 21.0107432 105.7294674 20190810025751 ;
1 0.0853 -1.6579 3.7746 21.0107432 105.7294674 20190810025751 ;
1 -0.3453 1.4849 0.8540 21.0107432 105.7294674 20190810025751 ;
1 -0.5589 0.4483 0.2485 21.0107432 105.7294674 20190810025751 ;
1 0.6790 0.1202 2.8224 21.0107432 105.7294674 20190810025751 ;
1 -0.6636 -0.2874 4.4564 21.0107432 105.7294674 20190810025751 ;
1 0.0805 0.7516 2.3283 21.0107432 105.7294674 20190810025751 ;
1 -0.4695 1.1251 -1.5529 21.0107432 105.7294674 20190810025751 ;
1 0.9105 -1.6423 -0.2788 21.0107432 105.7294674 20190810025751 ;
1 -0.5787 0.7475 -1.7203 21.0107432 105.7294674 20190810025751 ;
1 0.9127 0.1097 -4.6347 21.0107432 105.7294674 20190810025751 ;
1 0.4322 -1.5009 -4.3020 21.0107432 105.7294674 20190810025751 ;
1 -0.4194 0.4525 -0.6624 21.0107432 105.7294674 20190810025751 ;
1 0.2942 -0.0215 -0.0776 21.0107432 105.7294674 20190810025751 ;
1 0.0907 -0.4427 -0.3678 21.0107432 105.7294674 20190810025751 ;
1 -0.3908 -0.0887 1.0019 21.0107432 105.7294674 20190810025751 ;
1 0.3169 -0.6321 1.1029 21.0107432 105.7294674 20190810025751 ;
1 -0.2473 -0.0602 0.6647 21.0107432 105.7294674 20190810025751 ;
1 -0.2632 -0.1023 1.0513 21.0107432 105.7294674 20190810025751 ;
1 0.0262 -0.6810 1.1066 21.0107432 105.7294674 20190810025751 ;
1 -0.3204 -0.2321 1.3639 21.0107432 105.7294674 20190810025751 ;
1 -0.3607 0.0492 1.0170 21.0107432 105.7294674 20190810025751 ;
1 -0.0419 0.0078 1.1878 21.0107432 105.7294674 20190810025751 ;
1 -0.7048 -0.2778 1.4919 21.0107432 105.7294674 20190810025751 ;
1 -0.1385 -0.2660 1.4483 21.0107432 105.7294674 20190810025751 ;
1 -0.4503 0.0079 1.6388 21.0107601 105.7292885 20190810025751 ;
1 -0.3277 0.1377 1.6227 21.0107601 105.7292885 20190810025751 ;
1 -0.0185 -0.0896 1.3694 21.0107601 105.7292885 20190810025751 ;
1 -0.3729 -0.1384 1.1064 21.0107601 105.7292885 20190810025751 ;
1 0.1126 -0.1348 0.7564 21.0107601 105.7292885 20190810025751 ;
1 -0.0245 0.0568 0.1239 21.0107601 105.7292885 20190810025751 ;
1 0.0004 0.2423 -0.0314 21.0107601 105.7292885 20190810025751 ;
1 0.0625 -0.1507 0.1234 21.0107601 105.7292885 20190810025751 ;
1 -0.1529 -0.2724 0.1887 21.0107601 105.7292885 20190810025751 ;
1 0.0830 0.0006 0.2564 21.0107601 105.7292885 20190810025751 ;
1 -0.0871 0.0343 0.1793 21.0107601 105.7292885 20190810025751 ;
1 0.4269 -0.0358 0.2851 21.0107601 105.7292885 20190810025751 ;
1 -0.1800 -0.1510 -0.3414 21.0107601 105.7292885 20190810025751 ;
1 0.4764 -0.0158 -0.6416 21.0107601 105.7292885 20190810025751 ;
1 -0.1180 -0.3659 -0.3676 21.0107601 105.7292885 20190810025751 ;
1 0.4477 -0.0047 -0.1995 21.0107601 105.7292885 20190810025751 ;
1 -0.0885 -0.4022 0.0413 21.0107601 105.7292885 20190810025752 ;
1 0.2610 -0.2047 0.0939 21.0107601 105.7292885 20190810025752 ;
1 -0.1394 0.0597 -0.7444 21.0107601 105.7292885 20190810025752 ;
1 0.3719 -0.0002 -0.7410 21.0107601 105.7292885 20190810025752 ;
1 0.1389 -0.2704 0.4970 21.0107601 105.7292885 20190810025752 ;
1 0.2342 -0.0703 0.2006 21.0107601 105.7292885 20190810025752 ;
1 0.5244 0.0801 -1.7661 21.0107601 105.7292885 20190810025752 ;
1 0.0251 -0.0110 -0.7459 21.0107601 105.7292885 20190810025752 ;
1 0.4435 -0.0682 0.5860 21.0107601 105.7292885 20190810025752 ;
