1 -0.1593 -0.0946 0.0975 21.008068 105.7031115 20190810121240 
1 -0.0778 -0.2674 0.3069 21.008068 105.7031115 20190810121240 
1 0.0092 -0.2502 0.2437 21.008068 105.7031115 20190810121240 
1 -0.0989 -0.0263 0.4545 21.008068 105.7031115 20190810121240 
1 -0.0077 -0.0150 0.1372 21.008068 105.7031115 20190810121240 
1 0.0172 -0.1811 0.0175 21.008068 105.7031115 20190810121240 
1 -0.0021 -0.0502 -0.1056 21.008068 105.7031115 20190810121241 
1 -0.0038 0.0778 -0.2821 21.008068 105.7031115 20190810121241 
1 0.0164 -0.3905 -0.4159 21.008068 105.7031115 20190810121241 
1 -0.0723 -0.0166 -0.4474 21.008068 105.7031115 20190810121241 
1 0.0516 -0.2457 -0.9746 21.008068 105.7031115 20190810121241 
1 -0.1468 -0.1720 -0.2350 21.008068 105.7031115 20190810121241 
1 -0.0761 -0.1659 -0.5801 21.008068 105.7031115 20190810121241 
1 0.0202 -0.2227 -0.7873 21.008068 105.7031115 20190810121241 
1 -0.1769 -0.2413 -0.3240 21.008068 105.7031115 20190810121241 
1 -0.1572 -0.0531 0.1427 21.008068 105.7031115 20190810121241 
1 -0.0340 -0.3081 -0.2030 21.008068 105.7031115 20190810121241 
1 -0.2362 -0.2926 0.2849 21.008068 105.7031115 20190810121241 
1 -0.5015 -0.2349 0.4251 21.008068 105.7031115 20190810121241 
1 -0.1035 0.2686 0.5799 21.008068 105.7031115 20190810121241 
1 0.1490 -0.4196 0.1330 21.008068 105.7031115 20190810121241 
1 -0.3036 -0.1180 1.0485 21.008068 105.7031115 20190810121241 
1 -0.2641 0.2188 0.6980 21.008068 105.7031115 20190810121241 
1 0.1607 -0.0512 0.0597 21.008068 105.7031115 20190810121241 
1 0.0286 -0.2260 0.6741 21.008068 105.7031115 20190810121241 
1 -0.2158 0.2585 0.7723 21.008068 105.7031115 20190810121241 
1 -0.1005 0.1591 0.4578 21.008068 105.7031115 20190810121241 
1 -0.0358 -0.3819 0.3914 21.008068 105.7031115 20190810121241 
1 0.1352 -0.2493 -0.0645 21.008068 105.7031115 20190810121241 
1 -0.0196 0.1693 -0.0136 21.008068 105.7031115 20190810121241 
1 -0.1401 -0.0184 0.1144 21.008068 105.7031115 20190810121241 
1 -0.1157 -0.3770 0.1774 21.008068 105.7031115 20190810121241 
1 0.1545 0.1039 -0.1047 21.008068 105.7031115 20190810121241 
1 -0.0562 -0.0210 -0.1759 21.008068 105.7031115 20190810121241 
1 -0.0401 -0.2846 -0.2913 21.008068 105.7031115 20190810121241 
1 -0.0815 -0.2261 -0.3605 21.008068 105.7031115 20190810121241 
1 -0.0490 0.0995 -0.3788 21.008068 105.7031115 20190810121241 
1 -0.0953 -0.2006 -0.2399 21.008068 105.7031115 20190810121241 
1 0.0462 -0.2276 -0.2101 21.008068 105.7031115 20190810121241 
1 -0.1492 -0.0271 -0.2045 21.0081093 105.7033179 20190810121241 
1 -0.1704 -0.0098 -0.2506 21.0081093 105.7033179 20190810121241 
1 0.0569 -0.1677 -0.3191 21.0081093 105.7033179 20190810121241 
1 -0.1353 -0.0612 -0.1047 21.0081093 105.7033179 20190810121241 
1 -0.0940 -0.0322 0.2311 21.0081093 105.7033179 20190810121241 
1 -0.0854 -0.0787 0.3879 21.0081093 105.7033179 20190810121241 
1 -0.0484 0.1106 0.0054 21.0081093 105.7033179 20190810121241 
1 -0.0348 -0.1239 0.0499 21.0081093 105.7033179 20190810121241 
1 -0.0156 0.0609 0.0371 21.0081093 105.7033179 20190810121241 
1 -0.1808 -0.1364 0.3603 21.0081093 105.7033179 20190810121241 
1 -0.1279 0.0322 0.5383 21.0081093 105.7033179 20190810121241 
1 0.1939 0.1491 0.1441 21.0081093 105.7033179 20190810121241 
1 -0.0798 0.2122 0.4521 21.0081093 105.7033179 20190810121241 
1 -0.1486 -0.0740 0.3689 21.0081093 105.7033179 20190810121241 
1 -0.0271 -0.1638 0.0977 21.0081093 105.7033179 20190810121241 
1 -0.0359 0.0244 -0.0605 21.0081093 105.7033179 20190810121241 
1 -0.0784 -0.0428 0.1756 21.0081093 105.7033179 20190810121242 
1 -0.0680 -0.1479 0.1461 21.0081093 105.7033179 20190810121242 
1 0.0359 -0.0451 -0.1000 21.0081093 105.7033179 20190810121242 
1 -0.1627 0.0623 -0.0338 21.0081093 105.7033179 20190810121242 
1 0.0043 -0.3047 0.3112 21.0081093 105.7033179 20190810121242 
1 -0.0322 -0.1701 0.0566 21.0081093 105.7033179 20190810121242 
1 0.0243 0.0286 -0.3134 21.0081093 105.7033179 20190810121242 
1 -0.0027 -0.3653 -0.4429 21.0081093 105.7033179 20190810121242 
1 -0.0656 0.0063 -0.0502 21.0081093 105.7033179 20190810121242 
1 -0.0372 0.0197 -0.0778 21.0081093 105.7033179 20190810121242 
1 0.0364 -0.4859 0.1481 21.0081093 105.7033179 20190810121242 
1 0.0560 -0.1101 0.2472 21.0081093 105.7033179 20190810121242 
1 -0.1141 -0.1362 -0.4339 21.0081093 105.7033179 20190810121242 
1 0.0766 -0.1981 -0.2701 21.0081093 105.7033179 20190810121242 
1 0.0105 -0.3535 0.1958 21.0081093 105.7033179 20190810121242 
1 0.0138 -0.1915 -0.1648 21.0081093 105.7033179 20190810121242 
1 -0.0914 -0.0467 0.0223 21.0081093 105.7033179 20190810121242 
1 -0.0040 -0.2069 -0.0980 21.0081093 105.7033179 20190810121242 
1 0.1384 -0.1468 -0.3519 21.0081093 105.7033179 20190810121242 
1 0.0073 0.1766 -0.0810 21.0081093 105.7033179 20190810121242 
1 0.0490 -0.2213 0.0399 21.0081093 105.7033179 20190810121242 
1 -0.1156 -0.0781 -0.0443 21.0081093 105.7033179 20190810121242 
1 0.1036 -0.1263 -0.4517 21.0081093 105.7033179 20190810121242 
1 -0.0079 0.1382 0.0980 21.0081093 105.7033179 20190810121242 
1 -0.0199 -0.1444 0.0535 21.0081093 105.7033179 20190810121242 
1 -0.0802 0.0752 0.1651 21.0081093 105.7033179 20190810121242 
1 -0.0109 -0.0923 -0.0857 21.0081093 105.7033179 20190810121242 
1 0.0867 0.2814 0.1379 21.0081093 105.7033179 20190810121242 
1 0.0958 -0.1696 -0.1671 21.0081093 105.7033179 20190810121242 
1 -0.0962 0.0494 0.2774 21.0081093 105.7033179 20190810121242 
1 0.0146 0.0525 0.1372 21.0081093 105.7033179 20190810121242 
1 0.0998 0.0362 -0.0412 21.0081093 105.7033179 20190810121242 
1 0.0810 0.0237 0.4157 21.0081093 105.7033179 20190810121242 
1 0.0800 -0.0823 0.3106 21.0081093 105.7033179 20190810121242 
1 -0.0007 0.0331 0.0016 21.0081093 105.7033179 20190810121242 
1 0.0262 -0.0267 0.0533 21.0081541 105.7035282 20190810121242 
1 0.1847 0.0783 -0.1072 21.0081541 105.7035282 20190810121242 
1 0.1249 -0.0941 -0.1685 21.0081541 105.7035282 20190810121242 
1 -0.0088 0.0442 0.2201 21.0081541 105.7035282 20190810121242 
1 0.2102 -0.1951 -0.4078 21.0081541 105.7035282 20190810121242 
1 0.1197 0.1046 -0.3861 21.0081541 105.7035282 20190810121242 
1 0.1472 -0.2902 -0.4107 21.0081541 105.7035282 20190810121242 
1 0.1736 -0.0558 -0.4893 21.0081541 105.7035282 20190810121242 
1 0.0600 -0.1450 -0.5551 21.0081541 105.7035282 20190810121242 
1 0.2244 -0.1465 -0.7100 21.0081541 105.7035282 20190810121242 
1 0.2226 -0.1443 -0.7007 21.0081541 105.7035282 20190810121242 
1 0.1148 -0.3362 -0.3002 21.0081541 105.7035282 20190810121242 
1 0.1372 -0.2079 -0.4469 21.0081541 105.7035282 20190810121242 
1 0.1556 -0.1683 -0.5377 21.0081541 105.7035282 20190810121242 
1 0.1344 -0.2662 -0.6249 21.0081541 105.7035282 20190810121242 
1 0.1286 0.0381 -0.3311 21.0081541 105.7035282 20190810121243 
1 0.1034 -0.3975 -0.2929 21.0081541 105.7035282 20190810121243 
1 0.0839 0.0368 -0.0576 21.0081541 105.7035282 20190810121243 
1 0.2354 -0.0622 -0.0746 21.0081541 105.7035282 20190810121243 
1 0.2036 -0.1294 0.2013 21.0081541 105.7035282 20190810121243 
1 0.1589 0.1174 0.5130 21.0081541 105.7035282 20190810121243 
1 0.2084 -0.1263 0.2984 21.0081541 105.7035282 20190810121243 
1 0.1336 0.2228 0.3747 21.0081541 105.7035282 20190810121243 
1 0.1977 0.0370 0.2544 21.0081541 105.7035282 20190810121243 
1 0.1288 0.1395 0.7066 21.0081541 105.7035282 20190810121243 
1 0.1904 0.1262 0.4896 21.0081541 105.7035282 20190810121243 
1 0.0542 0.0823 0.6012 21.0081541 105.7035282 20190810121243 
1 0.0654 0.0230 0.8723 21.0081541 105.7035282 20190810121243 
1 0.1797 0.2748 0.9311 21.0081541 105.7035282 20190810121243 
1 0.3354 0.0804 0.5786 21.0081541 105.7035282 20190810121243 
1 -0.0335 0.1992 1.3070 21.0081541 105.7035282 20190810121243 
1 0.1227 0.3608 0.9009 21.0081541 105.7035282 20190810121243 
1 0.2938 0.0420 0.7181 21.0081541 105.7035282 20190810121243 
1 0.3495 0.2174 1.1789 21.0081541 105.7035282 20190810121243 
1 0.3049 0.2745 1.0171 21.0081541 105.7035282 20190810121243 
1 0.2388 0.1138 0.1061 21.0081541 105.7035282 20190810121243 
1 0.2513 0.0615 0.5361 21.0081541 105.7035282 20190810121243 
1 0.4585 0.1485 0.5270 21.0081541 105.7035282 20190810121243 
1 0.3665 0.2448 0.4210 21.0081541 105.7035282 20190810121243 
1 0.0479 -0.0132 0.2599 21.0081541 105.7035282 20190810121243 
1 0.2628 0.0769 0.0226 21.0081541 105.7035282 20190810121243 
1 0.3621 0.0634 -0.3634 21.0081541 105.7035282 20190810121243 
1 0.3711 0.0181 -0.3269 21.0081541 105.7035282 20190810121243 
1 0.3062 -0.0872 -0.3733 21.0081541 105.7035282 20190810121243 
1 0.2529 -0.0823 -0.4635 21.0081541 105.7035282 20190810121243 
1 0.3196 -0.0869 -0.4997 21.0081541 105.7035282 20190810121243 
1 0.3256 0.0217 0.1574 21.0081541 105.7035282 20190810121243 
1 0.2583 -0.2226 -0.2837 21.0081924 105.703731 20190810121243 
1 0.0953 0.1978 -0.1638 21.0081924 105.703731 20190810121243 
1 0.3120 -0.3469 -0.4190 21.0081924 105.703731 20190810121243 
1 0.2436 -0.0655 0.1077 21.0081924 105.703731 20190810121243 
1 0.1594 -0.0193 0.3780 21.0081924 105.703731 20190810121243 
1 0.1643 -0.2982 0.5474 21.0081924 105.703731 20190810121243 
1 0.1003 0.0988 0.8721 21.0081924 105.703731 20190810121243 
1 0.1967 0.2157 0.6412 21.0081924 105.703731 20190810121243 
1 0.2922 -0.0617 0.2862 21.0081924 105.703731 20190810121243 
1 0.1439 -0.0631 0.8598 21.0081924 105.703731 20190810121243 
1 0.1514 0.2433 0.5431 21.0081924 105.703731 20190810121243 
1 0.1800 0.1454 0.8450 21.0081924 105.703731 20190810121243 
1 0.1246 0.0689 0.8458 21.0081924 105.703731 20190810121243 
1 0.4507 0.4285 0.7593 21.0081924 105.703731 20190810121243 
1 0.5454 0.0772 -0.6366 21.0081924 105.703731 20190810121243 
1 -0.1419 0.6262 0.1853 21.0081924 105.703731 20190810121243 
1 0.7542 -0.0498 -1.1740 21.0081924 105.703731 20190810121243 
1 0.4530 0.2941 -0.5874 21.0081924 105.703731 20190810121244 
1 0.3863 -0.1334 -0.0619 21.0081924 105.703731 20190810121244 
1 0.4436 0.3171 -0.7314 21.0081924 105.703731 20190810121244 
1 0.7625 -0.1375 -2.6294 21.0081924 105.703731 20190810121244 
1 0.3378 0.2204 -1.4866 21.0081924 105.703731 20190810121244 
1 0.5453 -0.0026 -1.6919 21.0081924 105.703731 20190810121244 
1 0.3799 0.2533 -2.1744 21.0081924 105.703731 20190810121244 
1 0.4843 -0.1609 -2.3406 21.0081924 105.703731 20190810121244 
1 0.5294 0.1483 -1.7603 21.0081924 105.703731 20190810121244 
1 0.3652 0.0112 -1.9384 21.0081924 105.703731 20190810121244 
1 0.4071 -0.0242 -2.0100 21.0081924 105.703731 20190810121244 
1 0.4027 -0.0404 -1.9639 21.0081924 105.703731 20190810121244 
1 0.3704 0.2453 -1.9502 21.0081924 105.703731 20190810121244 
1 0.3275 0.0027 -1.3475 21.0081924 105.703731 20190810121244 
1 0.4101 -0.0194 -0.9913 21.0081924 105.703731 20190810121244 
1 0.2704 -0.0251 -1.2805 21.0081924 105.703731 20190810121244 
1 0.3320 0.2300 -0.5627 21.0081924 105.703731 20190810121244 
1 0.3744 -0.0896 -0.2217 21.0081924 105.703731 20190810121244 
1 0.4214 0.1220 -0.0688 21.0081924 105.703731 20190810121244 
1 0.1140 -0.0962 0.4494 21.0081924 105.703731 20190810121244 
1 0.3110 0.3653 0.6578 21.0081924 105.703731 20190810121244 
1 0.3614 0.1774 0.1445 21.0081924 105.703731 20190810121244 
1 -0.1443 -0.0621 1.9184 21.0081924 105.703731 20190810121244 
1 0.4084 0.1584 1.4602 21.0081924 105.703731 20190810121244 
1 0.4803 0.3824 0.7308 21.0081924 105.703731 20190810121244 
1 -0.0097 0.1942 1.9312 21.0081924 105.703731 20190810121244 
1 0.3653 0.1613 1.7585 21.0081924 105.703731 20190810121244 
1 0.3622 0.2897 0.6823 21.0081924 105.703731 20190810121244 
1 0.0420 0.3203 2.2964 21.0081924 105.703731 20190810121244 
1 0.2757 0.0035 1.4554 21.0081924 105.703731 20190810121244 
1 0.5222 0.4706 0.7384 21.0081924 105.703731 20190810121244 
1 0.2737 0.0961 0.8993 21.0081924 105.703731 20190810121244 
1 0.2786 0.2308 0.6440 21.0081924 105.703731 20190810121244 
1 0.2659 0.0893 0.7688 21.0081924 105.703731 20190810121244 
1 0.3730 0.2538 0.4656 21.0082403 105.70394 20190810121244 
1 0.3663 -0.1340 0.2614 21.0082403 105.70394 20190810121244 
1 0.2337 0.3210 0.6838 21.0082403 105.70394 20190810121244 
1 0.2443 0.0507 -0.1422 21.0082403 105.70394 20190810121244 
1 0.3136 0.2330 -0.4476 21.0082403 105.70394 20190810121244 
1 0.4719 -0.1333 -0.4092 21.0082403 105.70394 20190810121244 
1 0.4717 0.3381 0.1842 21.0082403 105.70394 20190810121244 
1 0.2323 -0.0816 -0.0281 21.0082403 105.70394 20190810121244 
1 0.4238 0.1265 -0.1056 21.0082403 105.70394 20190810121244 
1 0.4914 0.0894 -0.4857 21.0082403 105.70394 20190810121244 
1 0.4595 0.1631 -0.9362 21.0082403 105.70394 20190810121244 
1 0.4194 0.0628 -0.8216 21.0082403 105.70394 20190810121244 
1 0.4213 -0.2313 -1.4623 21.0082403 105.70394 20190810121244 
1 0.4430 0.2822 -0.9315 21.0082403 105.70394 20190810121244 
1 0.7488 -0.4471 -1.0954 21.0082403 105.70394 20190810121244 
1 0.2997 0.1675 -0.9138 21.0082403 105.70394 20190810121244 
1 0.3844 -0.1582 -1.8346 21.0082403 105.70394 20190810121244 
1 0.3566 -0.0052 -1.4118 21.0082403 105.70394 20190810121245 
1 0.5005 -0.0927 -0.9919 21.0082403 105.70394 20190810121245 
1 0.3010 -0.0968 -1.2244 21.0082403 105.70394 20190810121245 
1 0.3089 0.0526 -1.0606 21.0082403 105.70394 20190810121245 
1 0.3039 -0.1893 -1.0096 21.0082403 105.70394 20190810121245 
1 0.3925 0.0220 -0.2987 21.0082403 105.70394 20190810121245 
1 0.4168 0.0912 -0.0373 21.0082403 105.70394 20190810121245 
1 0.2656 -0.0207 0.4341 21.0082403 105.70394 20190810121245 
1 0.2261 0.3251 0.3093 21.0082403 105.70394 20190810121245 
1 0.3315 0.2005 0.2137 21.0082403 105.70394 20190810121245 
1 0.3148 0.1371 0.8057 21.0082403 105.70394 20190810121245 
1 0.1436 0.2636 1.1852 21.0082403 105.70394 20190810121245 
1 0.2344 0.2440 0.6187 21.0082403 105.70394 20190810121245 
1 0.2313 0.4540 1.1778 21.0082403 105.70394 20190810121245 
1 0.2801 0.3629 1.4962 21.0082403 105.70394 20190810121245 
1 0.1673 0.1006 1.2894 21.0082403 105.70394 20190810121245 
1 0.1109 0.3804 1.4388 21.0082403 105.70394 20190810121245 
1 0.2989 0.2371 1.1362 21.0082403 105.70394 20190810121245 
1 0.3934 0.2020 1.0459 21.0082403 105.70394 20190810121245 
1 0.1969 0.2464 1.3026 21.0082403 105.70394 20190810121245 
1 0.2462 0.0839 0.9056 21.0082403 105.70394 20190810121245 
1 0.4068 0.1370 0.4579 21.0082403 105.70394 20190810121245 
1 0.3514 0.1422 0.6559 21.0082403 105.70394 20190810121245 
1 0.4165 0.1710 0.2552 21.0082403 105.70394 20190810121245 
1 0.3627 -0.1380 0.0005 21.0082403 105.70394 20190810121245 
1 0.3317 0.0717 -0.1260 21.0082403 105.70394 20190810121245 
1 0.2958 0.1156 -0.1045 21.0082403 105.70394 20190810121245 
1 0.4273 -0.1903 -0.0553 21.0082403 105.70394 20190810121245 
1 0.2679 0.1075 -0.0069 21.0082403 105.70394 20190810121245 
1 0.2001 -0.0784 -0.5487 21.0082403 105.70394 20190810121245 
1 0.2983 0.0037 0.0161 21.0082944 105.7041564 20190810121245 
1 0.3284 -0.0389 -0.2116 21.0082944 105.7041564 20190810121245 
1 0.2172 -0.1628 -0.0771 21.0082944 105.7041564 20190810121245 
1 -0.0898 -0.1839 0.3151 21.0082944 105.7041564 20190810121245 
1 0.0020 0.0502 -0.1362 21.0082944 105.7041564 20190810121245 
1 0.1090 -0.0140 -0.0199 21.0082944 105.7041564 20190810121245 
1 -0.0399 -0.2505 0.2770 21.0082944 105.7041564 20190810121245 
1 0.1705 -0.0777 0.1769 21.0082944 105.7041564 20190810121245 
1 0.2289 -0.0269 -0.3270 21.0082944 105.7041564 20190810121245 
1 0.1200 -0.1294 -0.2003 21.0082944 105.7041564 20190810121245 
1 0.1027 -0.0810 0.1381 21.0082944 105.7041564 20190810121245 
1 0.1763 -0.0905 -0.2924 21.0082944 105.7041564 20190810121245 
1 -0.0794 0.0260 -0.1033 21.0082944 105.7041564 20190810121245 
1 0.1623 -0.2426 0.0902 21.0082944 105.7041564 20190810121245 
1 0.0675 0.2482 0.1918 21.0082944 105.7041564 20190810121245 
1 0.0326 -0.1010 -0.1396 21.0082944 105.7041564 20190810121245 
1 -0.0753 -0.0704 0.1647 21.0082944 105.7041564 20190810121245 
1 0.0622 0.1730 0.2419 21.0082944 105.7041564 20190810121245 
1 -0.0533 0.2597 0.3890 21.0082944 105.7041564 20190810121246 
1 -0.0410 0.1370 0.5607 21.0082944 105.7041564 20190810121246 
1 0.0101 -0.0335 0.4197 21.0082944 105.7041564 20190810121246 
1 0.0199 0.1969 0.0221 21.0082944 105.7041564 20190810121246 
1 0.0734 -0.0682 0.1493 21.0082944 105.7041564 20190810121246 
1 0.0481 0.1678 0.6219 21.0082944 105.7041564 20190810121246 
1 0.0453 -0.0200 0.1831 21.0082944 105.7041564 20190810121246 
1 -0.0645 -0.0084 -0.2931 21.0082944 105.7041564 20190810121246 
1 0.1935 -0.2826 -0.4131 21.0082944 105.7041564 20190810121246 
1 -0.1552 0.0534 0.0467 21.0082944 105.7041564 20190810121246 
1 0.1178 -0.1970 -0.4947 21.0082944 105.7041564 20190810121246 
1 0.1763 -0.1527 -0.8855 21.0082944 105.7041564 20190810121246 
1 -0.2895 -0.0748 -0.2428 21.0082944 105.7041564 20190810121246 
1 0.3626 -0.6393 -1.1164 21.0082944 105.7041564 20190810121246 
1 0.1785 -0.0784 -0.3004 21.0082944 105.7041564 20190810121246 
1 -0.0654 -0.4223 0.1595 21.0082944 105.7041564 20190810121246 
1 -0.0371 0.0323 -0.2817 21.0082944 105.7041564 20190810121246 
1 0.1382 -0.1749 -0.8325 21.0082944 105.7041564 20190810121246 
1 0.0442 -0.3005 -0.3967 21.0082944 105.7041564 20190810121246 
1 -0.0074 -0.2719 -0.0570 21.0082944 105.7041564 20190810121246 
1 -0.2348 -0.0527 -0.1090 21.0082944 105.7041564 20190810121246 
1 0.0731 -0.2407 -0.5106 21.0082944 105.7041564 20190810121246 
1 0.0879 -0.3981 0.5456 21.0082944 105.7041564 20190810121246 
1 -0.1159 0.0562 1.0344 21.0082944 105.7041564 20190810121246 
1 -0.0300 -0.0549 0.4205 21.0082944 105.7041564 20190810121246 
1 0.0062 -0.1215 0.7038 21.0082944 105.7041564 20190810121246 
1 0.0982 -0.0972 0.9053 21.0082944 105.7041564 20190810121246 
1 -0.1871 0.0751 0.6935 21.0082944 105.7041564 20190810121246 
1 -0.0458 -0.2195 0.4740 21.0082944 105.7041564 20190810121246 
1 0.2038 -0.1694 0.0313 21.0082944 105.7041564 20190810121246 
1 -0.1142 -0.0645 0.7047 21.0082944 105.7041564 20190810121246 
1 -0.0574 0.1061 0.7321 21.0082944 105.7041564 20190810121246 
1 0.1177 -0.2706 0.2500 21.0082944 105.7041564 20190810121246 
1 0.1756 0.3900 0.1031 21.0082944 105.7041564 20190810121246 
1 -0.1744 -0.1400 -0.0137 21.0083471 105.704372 20190810121246 
1 0.1495 0.2196 -0.4011 21.0083471 105.704372 20190810121246 
1 0.0716 0.0380 -0.2983 21.0083471 105.704372 20190810121246 
1 -0.1379 0.1021 0.1661 21.0083471 105.704372 20190810121246 
1 0.0497 0.0126 -0.1189 21.0083471 105.704372 20190810121246 
1 -0.0879 0.3317 -0.3887 21.0083471 105.704372 20190810121246 
1 -0.1179 -0.2535 -0.3730 21.0083471 105.704372 20190810121246 
1 -0.2055 0.2158 0.2965 21.0083471 105.704372 20190810121246 
1 0.0379 0.0768 0.1047 21.0083471 105.704372 20190810121246 
1 -0.0102 0.1345 0.4248 21.0083471 105.704372 20190810121246 
1 0.1104 -0.5888 0.7820 21.0083471 105.704372 20190810121246 
1 -0.0090 -0.0687 0.7820 21.0083471 105.704372 20190810121246 
1 0.0534 -0.1817 0.5362 21.0083471 105.704372 20190810121246 
1 0.1126 -0.2295 0.4334 21.0083471 105.704372 20190810121246 
1 0.0807 -0.2231 0.2694 21.0083471 105.704372 20190810121247 
1 -0.0464 -0.2802 -0.3564 21.0083471 105.704372 20190810121247 
1 -0.0573 0.0035 -0.5445 21.0083471 105.704372 20190810121247 
1 0.2558 -0.3269 -0.6118 21.0083471 105.704372 20190810121247 
1 -0.0699 -0.0493 -0.2911 21.0083471 105.704372 20190810121247 
1 -0.0611 -0.3291 -0.3833 21.0083471 105.704372 20190810121247 
1 0.0104 0.0323 -0.5123 21.0083471 105.704372 20190810121247 
1 0.0385 -0.1865 -0.8966 21.0083471 105.704372 20190810121247 
1 0.0483 -0.1617 -0.5930 21.0083471 105.704372 20190810121247 
1 -0.1472 0.0727 -0.1868 21.0083471 105.704372 20190810121247 
1 -0.0557 0.0252 -0.6068 21.0083471 105.704372 20190810121247 
1 0.0699 0.0802 -0.2580 21.0083471 105.704372 20190810121247 
1 -0.1495 0.1168 0.5063 21.0083471 105.704372 20190810121247 
1 0.1138 0.1698 0.0516 21.0083471 105.704372 20190810121247 
1 -0.0886 -0.0814 -0.4109 21.0083471 105.704372 20190810121247 
1 -0.0294 0.2238 0.3354 21.0083471 105.704372 20190810121247 
1 0.0006 0.4147 0.3746 21.0083471 105.704372 20190810121247 
1 0.0306 0.0514 0.3613 21.0083471 105.704372 20190810121247 
1 -0.1045 0.2306 0.5114 21.0083471 105.704372 20190810121247 
1 -0.0592 0.3405 -0.3989 21.0083471 105.704372 20190810121247 
1 -0.0272 0.1177 -0.2027 21.0083471 105.704372 20190810121247 
1 0.1386 -0.0911 0.1794 21.0083471 105.704372 20190810121247 
1 -0.0693 0.2989 0.1305 21.0083471 105.704372 20190810121247 
1 -0.1387 0.2627 -0.1650 21.0083471 105.704372 20190810121247 
1 -0.1427 -0.0338 0.0935 21.0083471 105.704372 20190810121247 
1 0.0202 0.1847 0.2615 21.0083471 105.704372 20190810121247 
1 -0.0648 -0.0229 0.1852 21.0083471 105.704372 20190810121247 
1 -0.0504 0.0239 0.0847 21.0083471 105.704372 20190810121247 
1 0.0444 0.0389 -0.1468 21.0083471 105.704372 20190810121247 
1 -0.0072 0.0235 -0.0779 21.0083471 105.704372 20190810121247 
1 -0.0853 -0.0051 0.1881 21.0083471 105.704372 20190810121247 
1 -0.1112 0.0770 -0.0634 21.0083471 105.704372 20190810121247 
1 -0.1122 0.1004 -0.0725 21.0083471 105.704372 20190810121247 
1 -0.0857 -0.2047 -0.2538 21.0083471 105.704372 20190810121247 
1 -0.0418 0.2052 -0.3462 21.0083945 105.7045909 20190810121247 
1 -0.2110 -0.1268 0.0009 21.0083945 105.7045909 20190810121247 
1 -0.0477 0.1260 0.5252 21.0083945 105.7045909 20190810121247 
1 -0.1613 0.3398 0.5356 21.0083945 105.7045909 20190810121247 
1 -0.0918 0.0520 0.4355 21.0083945 105.7045909 20190810121247 
1 -0.0243 0.1062 0.5366 21.0083945 105.7045909 20190810121247 
1 -0.1411 0.3287 0.3231 21.0083945 105.7045909 20190810121247 
1 -0.0923 -0.0489 0.3242 21.0083945 105.7045909 20190810121247 
1 -0.1408 0.2234 0.7186 21.0083945 105.7045909 20190810121247 
1 -0.1408 -0.0014 0.3702 21.0083945 105.7045909 20190810121247 
1 -0.1711 0.2826 0.0703 21.0083945 105.7045909 20190810121247 
1 0.0548 -0.1937 0.0888 21.0083945 105.7045909 20190810121247 
1 -0.1690 0.4804 0.6267 21.0083945 105.7045909 20190810121247 
1 0.0250 -0.4767 -0.3056 21.0083945 105.7045909 20190810121247 
1 -0.2112 0.0959 0.3353 21.0083945 105.7045909 20190810121247 
1 0.0202 -0.0944 0.0901 21.0083945 105.7045909 20190810121247 
1 -0.1402 0.1353 0.1350 21.0083945 105.7045909 20190810121247 
1 0.1180 -0.4354 -0.2648 21.0083945 105.7045909 20190810121247 
1 -0.1441 0.2125 -0.0769 21.0083945 105.7045909 20190810121248 
1 -0.0716 -0.2001 -0.8397 21.0083945 105.7045909 20190810121248 
1 -0.1029 -0.1037 -0.1972 21.0083945 105.7045909 20190810121248 
1 -0.0260 -0.2510 -0.0930 21.0083945 105.7045909 20190810121248 
1 -0.0973 0.1423 -0.3312 21.0083945 105.7045909 20190810121248 
1 -0.0527 -0.1135 -0.4338 21.0083945 105.7045909 20190810121248 
1 -0.1017 0.0385 0.0084 21.0083945 105.7045909 20190810121248 
1 -0.0292 -0.1837 -0.3071 21.0083945 105.7045909 20190810121248 
1 -0.0505 0.0267 0.2176 21.0083945 105.7045909 20190810121248 
1 -0.1050 -0.0599 0.1506 21.0083945 105.7045909 20190810121248 
1 -0.1555 0.1497 -0.1563 21.0083945 105.7045909 20190810121248 
1 -0.0785 -0.1398 0.1297 21.0083945 105.7045909 20190810121248 
1 -0.0269 0.0014 0.0058 21.0083945 105.7045909 20190810121248 
1 -0.1696 0.1065 0.0148 21.0083945 105.7045909 20190810121248 
1 -0.0707 -0.1492 0.1046 21.0083945 105.7045909 20190810121248 
1 -0.2219 0.0997 0.4621 21.0083945 105.7045909 20190810121248 
1 -0.0664 0.0945 0.1077 21.0083945 105.7045909 20190810121248 
1 -0.2116 0.0376 -0.0840 21.0083945 105.7045909 20190810121248 
1 -0.0241 0.1699 -0.0296 21.0083945 105.7045909 20190810121248 
1 -0.1026 0.0203 0.1702 21.0083945 105.7045909 20190810121248 
1 -0.0372 -0.0074 0.4538 21.0083945 105.7045909 20190810121248 
1 -0.0988 -0.0715 0.4063 21.0083945 105.7045909 20190810121248 
1 -0.0023 0.1442 -0.3449 21.0083945 105.7045909 20190810121248 
1 -0.1451 -0.1653 -0.0930 21.0083945 105.7045909 20190810121248 
1 -0.0789 0.0939 0.1195 21.0083945 105.7045909 20190810121248 
1 -0.0639 -0.0774 -0.2364 21.0083945 105.7045909 20190810121248 
1 -0.0299 -0.1719 -0.1388 21.0083945 105.7045909 20190810121248 
1 -0.0441 0.0555 -0.2148 21.0083945 105.7045909 20190810121248 
1 -0.1162 -0.0832 -0.3440 21.0083945 105.7045909 20190810121248 
1 -0.0124 -0.2889 -0.2179 21.0083945 105.7045909 20190810121248 
1 -0.2637 0.2910 -0.0281 21.0083945 105.7045909 20190810121248 
1 0.0642 -0.1757 -0.5233 21.0084457 105.7048054 20190810121248 
1 -0.1624 0.1346 0.3428 21.0084457 105.7048054 20190810121248 
1 -0.0669 -0.1615 0.0826 21.0084457 105.7048054 20190810121248 
1 -0.0600 0.1068 -0.3343 21.0084457 105.7048054 20190810121248 
1 -0.0741 -0.2204 0.0212 21.0084457 105.7048054 20190810121248 
1 -0.0991 0.1807 0.3759 21.0084457 105.7048054 20190810121248 
1 -0.0773 -0.0122 0.0131 21.0084457 105.7048054 20190810121248 
1 -0.1284 -0.0306 0.5750 21.0084457 105.7048054 20190810121248 
1 -0.0024 -0.1205 -0.0086 21.0084457 105.7048054 20190810121248 
1 -0.3098 0.4533 0.2582 21.0084457 105.7048054 20190810121248 
1 -0.0969 -0.3672 0.4086 21.0084457 105.7048054 20190810121248 
1 -0.0040 -0.1434 0.6045 21.0084457 105.7048054 20190810121248 
1 -0.1370 0.2400 0.1156 21.0084457 105.7048054 20190810121248 
1 -0.0646 0.0904 0.2536 21.0084457 105.7048054 20190810121248 
1 0.0205 -0.3211 0.3736 21.0084457 105.7048054 20190810121248 
1 -0.2067 0.3910 0.6679 21.0084457 105.7048054 20190810121248 
1 0.0376 -0.1158 -0.3294 21.0084457 105.7048054 20190810121248 
1 -0.0974 0.1971 0.0675 21.0084457 105.7048054 20190810121248 
1 -0.1084 -0.0623 0.0906 21.0084457 105.7048054 20190810121249 
1 -0.1055 0.2312 -0.1164 21.0084457 105.7048054 20190810121249 
1 -0.0702 0.0034 -0.2239 21.0084457 105.7048054 20190810121249 
1 0.0444 -0.0514 -0.1174 21.0084457 105.7048054 20190810121249 
1 -0.2332 0.5079 0.1532 21.0084457 105.7048054 20190810121249 
1 -0.0143 -0.3720 0.0087 21.0084457 105.7048054 20190810121249 
1 -0.0481 0.1856 0.1947 21.0084457 105.7048054 20190810121249 
1 -0.0838 0.1909 -0.3318 21.0084457 105.7048054 20190810121249 
1 -0.0079 -0.1473 0.0550 21.0084457 105.7048054 20190810121249 
1 -0.0956 0.0242 0.2798 21.0084457 105.7048054 20190810121249 
1 0.0346 -0.1907 -0.6118 21.0084457 105.7048054 20190810121249 
1 -0.0821 -0.0462 -0.0900 21.0084457 105.7048054 20190810121249 
1 -0.1794 -0.1985 -0.0708 21.0084457 105.7048054 20190810121249 
1 0.0493 -0.1324 -0.2615 21.0084457 105.7048054 20190810121249 
1 0.0381 -0.2953 -0.3159 21.0084457 105.7048054 20190810121249 
1 -0.1122 0.2213 -0.6828 21.0084457 105.7048054 20190810121249 
1 -0.1904 -0.4260 -0.8899 21.0084457 105.7048054 20190810121249 
1 0.0516 0.0286 0.1246 21.0084457 105.7048054 20190810121249 
1 0.1124 -0.3834 -0.3690 21.0084457 105.7048054 20190810121249 
1 -0.2805 0.2385 -0.0639 21.0084457 105.7048054 20190810121249 
1 -0.1311 -0.1855 -0.4868 21.0084457 105.7048054 20190810121249 
1 0.0249 0.2610 -0.4495 21.0084457 105.7048054 20190810121249 
1 -0.1195 -0.3007 0.3045 21.0084457 105.7048054 20190810121249 
1 -0.1799 0.3001 0.3869 21.0084457 105.7048054 20190810121249 
1 0.0253 -0.0621 -0.7026 21.0084457 105.7048054 20190810121249 
1 -0.1608 0.3566 0.1798 21.0084457 105.7048054 20190810121249 
1 -0.0598 0.3108 0.5601 21.0084457 105.7048054 20190810121249 
1 0.1090 0.0957 -0.0063 21.0084457 105.7048054 20190810121249 
1 -0.1880 0.3176 0.1492 21.0084457 105.7048054 20190810121249 
1 -0.2617 0.4581 0.2297 21.0084457 105.7048054 20190810121249 
1 0.1189 0.2475 -0.0582 21.0084457 105.7048054 20190810121249 
1 0.0596 0.2592 0.1522 21.0084457 105.7048054 20190810121249 
1 -0.2461 0.3413 0.3532 21.0084457 105.7048054 20190810121249 
1 -0.0038 0.4811 -0.4871 21.0084457 105.7048054 20190810121249 
1 -0.0230 0.2051 -0.1559 21.0084911 105.7050207 20190810121249 
1 0.0493 0.3142 -0.1042 21.0084911 105.7050207 20190810121249 
1 -0.1095 0.5762 -0.2971 21.0084911 105.7050207 20190810121249 
1 -0.0486 0.1601 -0.4945 21.0084911 105.7050207 20190810121249 
1 -0.1321 0.3137 0.0108 21.0084911 105.7050207 20190810121249 
1 0.0946 0.3957 -0.4030 21.0084911 105.7050207 20190810121249 
1 -0.2068 0.2201 -0.2069 21.0084911 105.7050207 20190810121249 
1 0.0122 0.3362 -0.2720 21.0084911 105.7050207 20190810121249 
1 -0.0381 0.2558 -0.4076 21.0084911 105.7050207 20190810121249 
1 -0.0891 0.2751 0.1012 21.0084911 105.7050207 20190810121249 
1 -0.0002 0.3581 0.2113 21.0084911 105.7050207 20190810121249 
1 -0.0472 0.0784 -0.0281 21.0084911 105.7050207 20190810121249 
1 -0.0648 0.4156 0.0892 21.0084911 105.7050207 20190810121249 
1 -0.1639 0.3546 0.3461 21.0084911 105.7050207 20190810121249 
1 -0.0131 0.1379 0.3037 21.0084911 105.7050207 20190810121249 
1 -0.0766 0.4473 0.1615 21.0084911 105.7050207 20190810121250 
1 0.0009 0.1796 0.2279 21.0084911 105.7050207 20190810121250 
1 -0.1003 0.5496 0.6750 21.0084911 105.7050207 20190810121250 
1 -0.2135 0.2058 0.2666 21.0084911 105.7050207 20190810121250 
1 -0.1200 0.4502 0.4400 21.0084911 105.7050207 20190810121250 
1 -0.0476 0.4402 0.4716 21.0084911 105.7050207 20190810121250 
1 -0.1717 0.6128 0.6002 21.0084911 105.7050207 20190810121250 
1 -0.0179 0.1054 0.2460 21.0084911 105.7050207 20190810121250 
1 -0.0742 0.1390 0.3908 21.0084911 105.7050207 20190810121250 
1 -0.0630 0.6029 0.0751 21.0084911 105.7050207 20190810121250 
1 -0.0248 0.3283 0.3127 21.0084911 105.7050207 20190810121250 
1 0.0154 0.1826 0.4574 21.0084911 105.7050207 20190810121250 
1 -0.1176 0.3321 0.0867 21.0084911 105.7050207 20190810121250 
1 0.0529 0.4063 -0.3896 21.0084911 105.7050207 20190810121250 
1 0.0577 0.0393 -0.5157 21.0084911 105.7050207 20190810121250 
1 -0.0659 0.3593 -0.2580 21.0084911 105.7050207 20190810121250 
1 -0.0480 0.1865 -0.4346 21.0084911 105.7050207 20190810121250 
1 -0.0240 0.1779 -0.5206 21.0084911 105.7050207 20190810121250 
1 0.0448 0.3918 -0.5476 21.0084911 105.7050207 20190810121250 
1 -0.0058 0.1157 -0.4147 21.0084911 105.7050207 20190810121250 
1 -0.0113 0.3371 -0.3251 21.0084911 105.7050207 20190810121250 
1 -0.0258 0.1205 -0.5561 21.0084911 105.7050207 20190810121250 
1 0.0033 0.4628 -0.6573 21.0084911 105.7050207 20190810121250 
1 0.0263 0.1888 -0.3172 21.0084911 105.7050207 20190810121250 
1 0.0162 0.3257 -0.1326 21.0084911 105.7050207 20190810121250 
1 -0.0878 0.1442 -0.5867 21.0084911 105.7050207 20190810121250 
1 0.0162 0.4488 -0.5515 21.0084911 105.7050207 20190810121250 
1 -0.0600 0.2801 -0.2917 21.0084911 105.7050207 20190810121250 
1 -0.0939 0.3493 -0.1347 21.0084911 105.7050207 20190810121250 
1 0.0535 -0.1743 -0.3169 21.0084911 105.7050207 20190810121250 
1 0.0047 0.7878 -0.1270 21.0084911 105.7050207 20190810121250 
1 -0.0689 0.1099 -0.1307 21.0084911 105.7050207 20190810121250 
1 0.0722 0.0822 0.1722 21.0084911 105.7050207 20190810121250 
1 -0.0205 0.2440 -0.0626 21.0084911 105.7050207 20190810121250 
1 -0.1273 0.2502 -0.2197 21.0085456 105.7052338 20190810121250 
1 0.0227 0.3136 0.0800 21.0085456 105.7052338 20190810121250 
1 0.0189 0.1346 -0.0667 21.0085456 105.7052338 20190810121250 
1 -0.0100 0.4311 0.1917 21.0085456 105.7052338 20190810121250 
1 -0.1340 0.1882 -0.0475 21.0085456 105.7052338 20190810121250 
1 0.0539 0.4148 -0.0956 21.0085456 105.7052338 20190810121250 
1 0.0236 0.2370 -0.1043 21.0085456 105.7052338 20190810121250 
1 -0.0205 0.3741 0.1052 21.0085456 105.7052338 20190810121250 
1 -0.0745 0.2424 -0.0085 21.0085456 105.7052338 20190810121250 
1 -0.0246 0.4803 -0.5722 21.0085456 105.7052338 20190810121250 
1 -0.0960 0.1275 0.0302 21.0085456 105.7052338 20190810121250 
1 0.1409 0.3342 0.3421 21.0085456 105.7052338 20190810121250 
1 -0.1093 0.6227 -0.0735 21.0085456 105.7052338 20190810121250 
1 0.0433 -0.2513 -0.2639 21.0085456 105.7052338 20190810121250 
1 -0.0524 0.5965 0.5490 21.0085456 105.7052338 20190810121250 
1 0.0614 -0.1705 -0.2062 21.0085456 105.7052338 20190810121250 
1 -0.0181 0.2623 0.4065 21.0085456 105.7052338 20190810121251 
1 -0.0240 0.0686 -0.2021 21.0085456 105.7052338 20190810121251 
1 0.0216 0.2777 -0.0392 21.0085456 105.7052338 20190810121251 
1 0.0283 -0.1448 0.4438 21.0085456 105.7052338 20190810121251 
1 -0.0575 0.2079 0.2362 21.0085456 105.7052338 20190810121251 
1 -0.0172 0.0657 -0.4819 21.0085456 105.7052338 20190810121251 
1 0.0499 -0.0021 0.1366 21.0085456 105.7052338 20190810121251 
1 0.0019 0.3349 0.2831 21.0085456 105.7052338 20190810121251 
1 -0.0981 0.0452 -0.0772 21.0085456 105.7052338 20190810121251 
1 0.0216 0.2287 0.0597 21.0085456 105.7052338 20190810121251 
1 -0.0252 -0.0591 -0.1102 21.0085456 105.7052338 20190810121251 
1 -0.0564 0.5668 0.2392 21.0085456 105.7052338 20190810121251 
1 -0.0295 -0.4969 -0.1444 21.0085456 105.7052338 20190810121251 
1 -0.0805 0.2718 0.4448 21.0085456 105.7052338 20190810121251 
1 0.0093 0.1508 -0.0060 21.0085456 105.7052338 20190810121251 
1 0.0960 -0.0141 0.1670 21.0085456 105.7052338 20190810121251 
1 -0.1224 -0.2043 0.5936 21.0085456 105.7052338 20190810121251 
1 0.0221 0.0337 0.0430 21.0085456 105.7052338 20190810121251 
1 -0.0010 -0.1443 -0.0756 21.0085456 105.7052338 20190810121251 
1 0.0639 0.1060 0.1152 21.0085456 105.7052338 20190810121251 
1 -0.0306 0.0529 -0.3037 21.0085456 105.7052338 20190810121251 
1 -0.0182 -0.1036 0.0351 21.0085456 105.7052338 20190810121251 
1 -0.0524 0.1102 0.0193 21.0085456 105.7052338 20190810121251 
1 0.1089 -0.0373 -0.4690 21.0085456 105.7052338 20190810121251 
1 0.0057 0.1475 0.2303 21.0085456 105.7052338 20190810121251 
1 -0.0105 -0.0865 -0.0086 21.0085456 105.7052338 20190810121251 
1 -0.1131 0.1926 -0.2033 21.0085456 105.7052338 20190810121251 
1 -0.0249 -0.1121 -0.1034 21.0085456 105.7052338 20190810121251 
1 0.0994 0.1005 0.2708 21.0085456 105.7052338 20190810121251 
1 -0.0989 -0.0283 0.0093 21.0085456 105.7052338 20190810121251 
1 -0.0914 -0.0682 0.1878 21.0085456 105.7052338 20190810121251 
1 0.2063 -0.0364 0.0324 21.0085456 105.7052338 20190810121251 
1 -0.0913 0.1009 -0.0176 21.0085456 105.7052338 20190810121251 
1 0.0215 0.0517 0.1950 21.0086084 105.7054415 20190810121251 
1 -0.0198 -0.2192 0.0189 21.0086084 105.7054415 20190810121251 
1 0.0672 0.0504 -0.3778 21.0086084 105.7054415 20190810121251 
1 -0.0716 -0.0106 0.0066 21.0086084 105.7054415 20190810121251 
1 0.0903 -0.1382 0.0249 21.0086084 105.7054415 20190810121251 
1 -0.0135 0.0113 -0.2044 21.0086084 105.7054415 20190810121251 
1 -0.0909 0.0049 -0.1688 21.0086084 105.7054415 20190810121251 
1 -0.0576 -0.3861 -0.1399 21.0086084 105.7054415 20190810121251 
1 -0.0626 0.1132 0.0573 21.0086084 105.7054415 20190810121251 
1 -0.0382 -0.4024 -0.0708 21.0086084 105.7054415 20190810121251 
1 -0.0849 -0.0157 -0.0047 21.0086084 105.7054415 20190810121251 
1 -0.1277 -0.2360 -0.1285 21.0086084 105.7054415 20190810121251 
1 -0.1118 -0.1095 0.2794 21.0086084 105.7054415 20190810121251 
1 -0.0832 -0.5478 0.3934 21.0086084 105.7054415 20190810121251 
1 -0.1701 -0.2016 0.3138 21.0086084 105.7054415 20190810121251 
1 -0.0860 -0.3086 0.0562 21.0086084 105.7054415 20190810121251 
1 -0.0399 -0.4915 0.2141 21.0086084 105.7054415 20190810121251 
1 -0.3239 -0.3170 0.9330 21.0086084 105.7054415 20190810121252 
1 -0.1596 -0.4970 0.0153 21.0086084 105.7054415 20190810121252 
1 -0.0366 -0.3633 -0.0345 21.0086084 105.7054415 20190810121252 
1 -0.1783 -0.3785 0.2730 21.0086084 105.7054415 20190810121252 
1 -0.2037 -0.4439 -0.0016 21.0086084 105.7054415 20190810121252 
1 0.1066 -0.7664 -0.2111 21.0086084 105.7054415 20190810121252 
1 -0.2651 -0.1380 0.4912 21.0086084 105.7054415 20190810121252 
1 -0.1399 -0.7198 -0.1964 21.0086084 105.7054415 20190810121252 
1 -0.0651 -0.2136 -0.2231 21.0086084 105.7054415 20190810121252 
1 -0.2357 -0.6988 -0.2985 21.0086084 105.7054415 20190810121252 
1 -0.2608 -0.4796 -0.0420 21.0086084 105.7054415 20190810121252 
1 -0.2363 -0.6908 -0.2170 21.0086084 105.7054415 20190810121252 
1 -0.1833 -0.1737 0.0581 21.0086084 105.7054415 20190810121252 
1 -0.2008 -0.6273 -0.1483 21.0086084 105.7054415 20190810121252 
1 -0.2292 -0.3651 0.2981 21.0086084 105.7054415 20190810121252 
1 -0.2999 -0.2522 0.3993 21.0086084 105.7054415 20190810121252 
1 -0.1912 -0.2863 0.0779 21.0086084 105.7054415 20190810121252 
1 -0.0973 -0.4521 0.2483 21.0086084 105.7054415 20190810121252 
1 -0.3388 -0.1160 0.3688 21.0086084 105.7054415 20190810121252 
1 -0.2184 -0.0491 -0.3366 21.0086084 105.7054415 20190810121252 
1 -0.0328 -0.2970 -0.1802 21.0086084 105.7054415 20190810121252 
1 -0.2110 -0.2459 -0.0170 21.0086084 105.7054415 20190810121252 
1 -0.0680 -0.1310 -0.7830 21.0086084 105.7054415 20190810121252 
1 -0.3472 0.1487 -0.4549 21.0086084 105.7054415 20190810121252 
1 -0.3248 -0.6616 -0.4238 21.0086084 105.7054415 20190810121252 
1 -0.3410 0.1890 0.0380 21.0086084 105.7054415 20190810121252 
1 -0.2636 -0.6151 -0.4507 21.0086084 105.7054415 20190810121252 
1 -0.3084 0.0172 0.1332 21.0086084 105.7054415 20190810121252 
1 -0.2512 -0.5733 -0.8351 21.0086084 105.7054415 20190810121252 
1 -0.2307 -0.2273 0.1606 21.0086084 105.7054415 20190810121252 
1 -0.1178 -0.1387 0.2176 21.0086571 105.7056561 20190810121252 
1 -0.2531 -0.5884 0.2325 21.0086571 105.7056561 20190810121252 
1 -0.3549 -0.6247 0.1622 21.0086571 105.7056561 20190810121252 
1 -0.2930 -0.1745 0.0300 21.0086571 105.7056561 20190810121252 
1 -0.1948 -0.5287 -0.2702 21.0086571 105.7056561 20190810121252 
1 -0.3266 -0.6272 0.1056 21.0086571 105.7056561 20190810121252 
1 -0.2659 -0.3117 -0.0639 21.0086571 105.7056561 20190810121252 
1 -0.1312 -0.2656 -0.2333 21.0086571 105.7056561 20190810121252 
1 -0.4214 -0.4774 0.2776 21.0086571 105.7056561 20190810121252 
1 -0.2034 -0.3221 0.0089 21.0086571 105.7056561 20190810121252 
1 -0.3123 -0.3666 -0.3524 21.0086571 105.7056561 20190810121252 
1 -0.3092 -0.2445 0.0672 21.0086571 105.7056561 20190810121252 
1 -0.3631 -0.4226 0.1261 21.0086571 105.7056561 20190810121252 
1 -0.1871 -0.1537 -0.0045 21.0086571 105.7056561 20190810121252 
1 -0.3576 -0.2482 -0.2671 21.0086571 105.7056561 20190810121252 
1 -0.3021 -0.0970 0.1725 21.0086571 105.7056561 20190810121252 
1 -0.1956 -0.1706 0.0448 21.0086571 105.7056561 20190810121252 
1 -0.3007 -0.0784 0.1332 21.0086571 105.7056561 20190810121253 
1 -0.3709 -0.1921 0.3321 21.0086571 105.7056561 20190810121253 
1 -0.1007 -0.0382 0.0080 21.0086571 105.7056561 20190810121253 
1 -0.3138 0.0986 0.2148 21.0086571 105.7056561 20190810121253 
1 -0.1499 -0.1297 0.1540 21.0086571 105.7056561 20190810121253 
1 -0.2064 -0.0728 0.0903 21.0086571 105.7056561 20190810121253 
1 -0.2547 0.0168 0.1298 21.0086571 105.7056561 20190810121253 
1 -0.2556 -0.3999 0.0689 21.0086571 105.7056561 20190810121253 
1 -0.1852 -0.0526 0.4127 21.0086571 105.7056561 20190810121253 
1 -0.3476 -0.4338 0.3526 21.0086571 105.7056561 20190810121253 
1 -0.1669 0.1393 -0.1641 21.0086571 105.7056561 20190810121253 
1 -0.3324 -0.5681 0.0032 21.0086571 105.7056561 20190810121253 
1 -0.2182 -0.0861 0.3141 21.0086571 105.7056561 20190810121253 
1 -0.3406 -0.4728 0.0375 21.0086571 105.7056561 20190810121253 
1 -0.1374 -0.1354 -0.0769 21.0086571 105.7056561 20190810121253 
1 -0.1101 -0.6626 -0.4365 21.0086571 105.7056561 20190810121253 
1 -0.1106 -0.2253 0.3588 21.0086571 105.7056561 20190810121253 
1 -0.1959 -0.6325 -0.1294 21.0086571 105.7056561 20190810121253 
1 -0.0480 -0.0642 -0.4230 21.0086571 105.7056561 20190810121253 
1 -0.3237 -0.4744 -0.3800 21.0086571 105.7056561 20190810121253 
1 -0.2041 -0.2368 0.1175 21.0086571 105.7056561 20190810121253 
1 -0.0595 -0.4253 -0.5922 21.0086571 105.7056561 20190810121253 
1 -0.3089 -0.5274 -0.2295 21.0086571 105.7056561 20190810121253 
1 -0.1747 -0.0160 -0.1789 21.0086571 105.7056561 20190810121253 
1 -0.0316 -0.3645 -0.4910 21.0086571 105.7056561 20190810121253 
1 -0.2444 -0.0017 0.2075 21.0086571 105.7056561 20190810121253 
1 -0.0478 -0.4074 0.0516 21.0086571 105.7056561 20190810121253 
1 -0.1505 -0.0691 -0.2350 21.0086571 105.7056561 20190810121253 
1 -0.0351 -0.1633 -0.2379 21.0086571 105.7056561 20190810121253 
1 -0.1368 -0.2277 0.0731 21.0086571 105.7056561 20190810121253 
1 0.0588 -0.0972 -0.0396 21.0086571 105.7056561 20190810121253 
1 -0.1568 -0.2753 -0.5466 21.0086571 105.7056561 20190810121253 
1 0.0322 -0.0549 -0.1466 21.0086571 105.7056561 20190810121253 
1 0.0402 -0.3947 -0.5931 21.0086571 105.7056561 20190810121253 
1 -0.0781 0.0130 -0.2238 21.0086571 105.7056561 20190810121253 
1 -0.0975 -0.5106 -0.2271 21.0086571 105.7056561 20190810121253 
1 0.1079 0.2246 -0.5368 21.0086571 105.7056561 20190810121253 
1 -0.1025 -0.3547 -0.5382 21.0087079 105.7058689 20190810121253 
1 -0.0258 -0.0259 -0.2313 21.0087079 105.7058689 20190810121253 
1 0.0488 -0.3598 -0.6617 21.0087079 105.7058689 20190810121253 
1 -0.1181 0.1387 -0.4308 21.0087079 105.7058689 20190810121253 
1 -0.1550 -0.1828 -0.1010 21.0087079 105.7058689 20190810121253 
1 0.0904 -0.1561 0.0088 21.0087079 105.7058689 20190810121253 
1 -0.1405 -0.0317 0.1871 21.0087079 105.7058689 20190810121253 
1 -0.0964 -0.1467 -0.2028 21.0087079 105.7058689 20190810121253 
1 -0.0862 -0.2460 0.1547 21.0087079 105.7058689 20190810121253 
1 -0.0783 0.1332 0.6263 21.0087079 105.7058689 20190810121253 
1 0.0073 -0.2684 -0.1489 21.0087079 105.7058689 20190810121253 
1 -0.2037 -0.2689 0.6395 21.0087079 105.7058689 20190810121253 
1 -0.0310 -0.2206 0.2279 21.0087079 105.7058689 20190810121253 
1 0.0811 -0.0108 0.2438 21.0087079 105.7058689 20190810121254 
1 -0.0952 -0.1611 0.8868 21.0087079 105.7058689 20190810121254 
1 -0.1814 -0.3684 0.6081 21.0087079 105.7058689 20190810121254 
1 0.1762 -0.2078 -0.5851 21.0087079 105.7058689 20190810121254 
1 -0.1321 -0.3723 0.1909 21.0087079 105.7058689 20190810121254 
1 -0.1276 -0.1358 0.8321 21.0087079 105.7058689 20190810121254 
1 -0.0012 -0.5081 0.1306 21.0087079 105.7058689 20190810121254 
1 -0.2384 0.0104 -0.0209 21.0087079 105.7058689 20190810121254 
1 -0.2598 -0.4636 -0.1469 21.0087079 105.7058689 20190810121254 
1 -0.1085 -0.1019 0.1502 21.0087079 105.7058689 20190810121254 
1 -0.1490 -0.5340 0.0326 21.0087079 105.7058689 20190810121254 
1 0.0263 -0.1799 0.2024 21.0087079 105.7058689 20190810121254 
1 -0.1765 -0.2548 -0.0195 21.0087079 105.7058689 20190810121254 
1 -0.0594 -0.1553 0.2911 21.0087079 105.7058689 20190810121254 
1 -0.0151 -0.2838 0.2692 21.0087079 105.7058689 20190810121254 
1 0.0699 -0.1602 -0.1569 21.0087079 105.7058689 20190810121254 
1 -0.2140 -0.2224 0.0094 21.0087079 105.7058689 20190810121254 
1 -0.1324 -0.1957 0.2779 21.0087079 105.7058689 20190810121254 
1 0.0709 -0.2165 0.1422 21.0087079 105.7058689 20190810121254 
1 -0.1008 -0.3189 -0.0253 21.0087079 105.7058689 20190810121254 
1 -0.2153 -0.2432 0.1373 21.0087079 105.7058689 20190810121254 
1 -0.1657 0.1322 0.0848 21.0087079 105.7058689 20190810121254 
1 -0.0036 -0.2755 0.2425 21.0087079 105.7058689 20190810121254 
1 -0.0653 -0.1258 0.3720 21.0087079 105.7058689 20190810121254 
1 -0.3514 -0.0955 0.7513 21.0087079 105.7058689 20190810121254 
1 -0.0921 -0.1796 0.2837 21.0087079 105.7058689 20190810121254 
1 0.0997 -0.2966 -0.1493 21.0087079 105.7058689 20190810121254 
1 -0.5837 -0.1438 1.3898 21.0087079 105.7058689 20190810121254 
1 -0.0413 -0.0748 0.6601 21.0087079 105.7058689 20190810121254 
1 -0.0652 -0.3600 0.3795 21.0087079 105.7058689 20190810121254 
1 -0.2542 0.2645 0.9097 21.0087079 105.7058689 20190810121254 
1 -0.3959 -0.3672 0.5785 21.0087079 105.7058689 20190810121254 
1 0.2432 -0.4886 -0.4181 21.0087079 105.7058689 20190810121254 
1 -0.3878 -0.1332 0.0952 21.0087079 105.7058689 20190810121254 
1 -0.0014 -0.4704 0.3538 21.0087079 105.7058689 20190810121254 
1 -0.0418 0.2084 0.5358 21.0087079 105.7058689 20190810121254 
1 -0.0681 -0.1577 -0.8548 21.0087079 105.7058689 20190810121254 
1 -0.1714 -0.1926 -0.6037 21.0087601 105.7060811 20190810121254 
1 0.1115 -0.4424 -0.5631 21.0087601 105.7060811 20190810121254 
1 -0.1540 -0.2820 -0.7543 21.0087601 105.7060811 20190810121254 
1 -0.1665 -0.2406 -1.4307 21.0087601 105.7060811 20190810121254 
1 0.0811 -0.2579 -0.9629 21.0087601 105.7060811 20190810121254 
1 -0.0890 0.0488 -0.7095 21.0087601 105.7060811 20190810121254 
1 -0.2663 -0.3246 -1.1172 21.0087601 105.7060811 20190810121254 
1 -0.0516 -0.1670 -1.1168 21.0087601 105.7060811 20190810121254 
1 0.0697 -0.3895 -1.4441 21.0087601 105.7060811 20190810121254 
1 -0.2705 0.0284 -0.9075 21.0087601 105.7060811 20190810121254 
1 -0.1957 -0.0611 -0.7764 21.0087601 105.7060811 20190810121254 
1 0.0711 -0.3002 -0.8911 21.0087601 105.7060811 20190810121254 
1 -0.1362 -0.1450 -0.1167 21.0087601 105.7060811 20190810121254 
1 -0.2517 0.2569 0.0814 21.0087601 105.7060811 20190810121255 
1 -0.0249 -0.2047 -0.6628 21.0087601 105.7060811 20190810121255 
1 -0.2175 -0.1300 0.0749 21.0087601 105.7060811 20190810121255 
1 -0.1257 0.2628 0.0915 21.0087601 105.7060811 20190810121255 
1 -0.1891 -0.1839 -0.0532 21.0087601 105.7060811 20190810121255 
1 -0.3192 0.2352 0.7450 21.0087601 105.7060811 20190810121255 
1 -0.2035 0.6087 0.5408 21.0087601 105.7060811 20190810121255 
1 -0.0551 -0.0834 0.5765 21.0087601 105.7060811 20190810121255 
1 -0.0856 0.0795 0.9509 21.0087601 105.7060811 20190810121255 
1 -0.4591 0.3312 0.6322 21.0087601 105.7060811 20190810121255 
1 -0.2639 0.1286 0.8828 21.0087601 105.7060811 20190810121255 
1 -0.2358 0.0894 1.0960 21.0087601 105.7060811 20190810121255 
1 -0.1796 0.4925 0.8110 21.0087601 105.7060811 20190810121255 
1 -0.3823 -0.1099 0.5553 21.0087601 105.7060811 20190810121255 
1 -0.2434 -0.0180 0.7983 21.0087601 105.7060811 20190810121255 
1 -0.2549 0.0219 0.8921 21.0087601 105.7060811 20190810121255 
1 -0.1976 0.1500 1.0096 21.0087601 105.7060811 20190810121255 
1 -0.3311 -0.0431 1.2062 21.0087601 105.7060811 20190810121255 
1 -0.2145 -0.0094 0.3051 21.0087601 105.7060811 20190810121255 
1 -0.0144 0.2654 -0.0039 21.0087601 105.7060811 20190810121255 
1 -0.2983 -0.2124 0.6092 21.0087601 105.7060811 20190810121255 
1 -0.1211 -0.3484 0.8997 21.0087601 105.7060811 20190810121255 
1 -0.1884 0.3463 0.2875 21.0087601 105.7060811 20190810121255 
1 -0.1302 -0.0204 0.0308 21.0087601 105.7060811 20190810121255 
1 -0.1221 -0.0037 -0.1809 21.0087601 105.7060811 20190810121255 
1 -0.1225 -0.3471 -0.6434 21.0087601 105.7060811 20190810121255 
1 -0.0866 0.3118 -0.2674 21.0087601 105.7060811 20190810121255 
1 -0.1181 -0.0052 -0.1573 21.0087601 105.7060811 20190810121255 
1 -0.0088 -0.1145 -0.2927 21.0087601 105.7060811 20190810121255 
1 -0.0867 0.3085 -0.5611 21.0087601 105.7060811 20190810121255 
1 0.0049 -0.3563 -1.1168 21.0087601 105.7060811 20190810121255 
1 -0.1795 0.1193 -0.8742 21.0087601 105.7060811 20190810121255 
1 -0.1614 -0.1710 -1.0363 21.0088074 105.7062896 20190810121255 
1 -0.0617 0.2325 -0.9806 21.0088074 105.7062896 20190810121255 
1 -0.1665 -0.2379 -0.8659 21.0088074 105.7062896 20190810121255 
1 -0.2083 0.0504 -0.6948 21.0088074 105.7062896 20190810121255 
1 -0.0628 -0.1166 -1.1363 21.0088074 105.7062896 20190810121255 
1 -0.0154 0.0778 -0.6771 21.0088074 105.7062896 20190810121255 
1 -0.2462 -0.0362 -0.1973 21.0088074 105.7062896 20190810121255 
1 -0.1745 -0.0229 -0.3872 21.0088074 105.7062896 20190810121255 
1 -0.1194 -0.0606 -0.3064 21.0088074 105.7062896 20190810121255 
1 -0.0869 0.1098 0.0348 21.0088074 105.7062896 20190810121255 
1 -0.1095 -0.1639 -0.1747 21.0088074 105.7062896 20190810121255 
1 -0.2407 0.1339 0.0729 21.0088074 105.7062896 20190810121255 
1 -0.1608 -0.0976 -0.1428 21.0088074 105.7062896 20190810121255 
1 -0.0512 -0.1367 0.1192 21.0088074 105.7062896 20190810121255 
1 -0.1393 0.0600 0.3021 21.0088074 105.7062896 20190810121255 
1 -0.3288 -0.0690 0.2947 21.0088074 105.7062896 20190810121255 
1 -0.1382 -0.2288 0.2232 21.0088074 105.7062896 20190810121255 
1 -0.0489 0.1625 0.2219 21.0088074 105.7062896 20190810121255 
1 -0.2031 0.1485 0.3594 21.0088074 105.7062896 20190810121255 
1 -0.2283 -0.2280 0.5962 21.0088074 105.7062896 20190810121256 
1 0.0107 -0.1192 0.1240 21.0088074 105.7062896 20190810121256 
1 -0.1254 0.3895 0.2144 21.0088074 105.7062896 20190810121256 
1 -0.1063 -0.1310 0.2714 21.0088074 105.7062896 20190810121256 
1 -0.0578 0.0715 0.2673 21.0088074 105.7062896 20190810121256 
1 0.0278 0.1398 -0.3934 21.0088074 105.7062896 20190810121256 
1 -0.1663 0.1967 0.0030 21.0088074 105.7062896 20190810121256 
1 0.0357 0.1124 -0.2432 21.0088074 105.7062896 20190810121256 
1 -0.0650 0.1543 -0.3410 21.0088074 105.7062896 20190810121256 
1 -0.0588 -0.0703 -0.3182 21.0088074 105.7062896 20190810121256 
1 -0.0916 0.0741 -0.4850 21.0088074 105.7062896 20190810121256 
1 -0.0836 0.2325 -0.8746 21.0088074 105.7062896 20190810121256 
1 -0.0868 0.2443 -0.5889 21.0088074 105.7062896 20190810121256 
1 -0.1033 -0.0346 -0.1070 21.0088074 105.7062896 20190810121256 
1 -0.0479 -0.0425 -0.4100 21.0088074 105.7062896 20190810121256 
1 -0.0749 0.3309 -0.3542 21.0088074 105.7062896 20190810121256 
1 -0.1630 -0.0254 -0.0623 21.0088074 105.7062896 20190810121256 
1 -0.0850 -0.1058 0.0869 21.0088074 105.7062896 20190810121256 
1 -0.0865 0.1325 -0.1254 21.0088074 105.7062896 20190810121256 
1 -0.1735 -0.0048 0.1467 21.0088074 105.7062896 20190810121256 
1 -0.1215 -0.0553 0.3418 21.0088074 105.7062896 20190810121256 
1 -0.1255 0.0575 0.4497 21.0088074 105.7062896 20190810121256 
1 -0.1022 0.0045 0.5753 21.0088074 105.7062896 20190810121256 
1 0.1294 -0.2028 0.3924 21.0088074 105.7062896 20190810121256 
1 -0.1702 0.0852 0.4749 21.0088074 105.7062896 20190810121256 
1 -0.0502 -0.1612 0.4319 21.0088074 105.7062896 20190810121256 
1 0.0375 -0.0810 0.5884 21.0088074 105.7062896 20190810121256 
1 0.0385 -0.1164 0.4411 21.0088074 105.7062896 20190810121256 
1 -0.0089 0.0770 0.2719 21.0088074 105.7062896 20190810121256 
1 -0.0049 -0.2923 0.2297 21.0088074 105.7062896 20190810121256 
1 -0.0010 0.1813 0.3440 21.0088074 105.7062896 20190810121256 
1 0.0711 -0.1660 0.0336 21.0088586 105.706505 20190810121256 
1 0.0450 -0.0239 0.2522 21.0088586 105.706505 20190810121256 
1 -0.0537 0.0873 -0.1247 21.0088586 105.706505 20190810121256 
1 -0.0695 0.0760 -0.0031 21.0088586 105.706505 20190810121256 
1 0.2159 -0.1618 -0.3006 21.0088586 105.706505 20190810121256 
1 0.0892 0.0971 -0.2834 21.0088586 105.706505 20190810121256 
1 -0.0860 0.0943 -0.2990 21.0088586 105.706505 20190810121256 
1 0.0509 -0.0531 -0.1726 21.0088586 105.706505 20190810121256 
1 0.1355 -0.1445 -0.2268 21.0088586 105.706505 20190810121256 
1 0.0736 0.2199 -0.4626 21.0088586 105.706505 20190810121256 
1 0.0676 0.1109 -0.7734 21.0088586 105.706505 20190810121256 
1 0.0836 -0.2074 -0.5697 21.0088586 105.706505 20190810121256 
1 0.1211 0.3521 -0.3504 21.0088586 105.706505 20190810121256 
1 0.0706 -0.1253 -0.6125 21.0088586 105.706505 20190810121256 
1 -0.0302 -0.0944 -0.0546 21.0088586 105.706505 20190810121256 
1 0.1248 -0.0348 -0.7929 21.0088586 105.706505 20190810121256 
1 -0.1355 0.3333 -0.7002 21.0088586 105.706505 20190810121257 
1 0.1043 -0.2385 -0.4833 21.0088586 105.706505 20190810121257 
1 0.0386 -0.0366 -0.0574 21.0088586 105.706505 20190810121257 
1 -0.2491 0.1829 -0.1443 21.0088586 105.706505 20190810121257 
1 0.0298 -0.1481 0.0556 21.0088586 105.706505 20190810121257 
1 0.0267 -0.1865 0.6624 21.0088586 105.706505 20190810121257 
1 -0.1643 0.1068 0.9383 21.0088586 105.706505 20190810121257 
1 -0.0254 -0.1593 1.0104 21.0088586 105.706505 20190810121257 
1 -0.0440 -0.2770 0.8309 21.0088586 105.706505 20190810121257 
1 -0.1854 0.2166 1.2676 21.0088586 105.706505 20190810121257 
1 0.0110 -0.1490 1.0282 21.0088586 105.706505 20190810121257 
1 0.1039 -0.0401 1.1521 21.0088586 105.706505 20190810121257 
1 -0.0385 0.0550 1.1270 21.0088586 105.706505 20190810121257 
1 -0.1630 0.1772 0.8927 21.0088586 105.706505 20190810121257 
1 0.1798 -0.0685 0.2646 21.0088586 105.706505 20190810121257 
1 0.1213 -0.0840 0.2594 21.0088586 105.706505 20190810121257 
1 -0.0839 0.4191 0.2992 21.0088586 105.706505 20190810121257 
1 0.1404 -0.0434 -0.5266 21.0088586 105.706505 20190810121257 
1 0.0253 0.1222 -0.1917 21.0088586 105.706505 20190810121257 
1 0.1565 0.3354 -0.3054 21.0088586 105.706505 20190810121257 
1 0.0630 -0.0379 -0.4989 21.0088586 105.706505 20190810121257 
1 -0.0370 0.1944 -0.5218 21.0088586 105.706505 20190810121257 
1 0.0447 0.0509 -0.8487 21.0088586 105.706505 20190810121257 
1 0.0251 0.1570 -0.4680 21.0088586 105.706505 20190810121257 
1 0.0889 0.0457 -0.3483 21.0088586 105.706505 20190810121257 
1 -0.0568 0.1326 -0.3340 21.0088586 105.706505 20190810121257 
1 0.0606 -0.0027 -0.4555 21.0088586 105.706505 20190810121257 
1 0.0112 -0.0215 0.1916 21.0088586 105.706505 20190810121257 
1 0.0542 -0.0922 0.1674 21.0088586 105.706505 20190810121257 
1 -0.0520 -0.1552 0.3362 21.0088586 105.706505 20190810121257 
1 -0.0089 -0.0893 0.2235 21.0088586 105.706505 20190810121257 
1 -0.0773 0.0683 0.4294 21.0088586 105.706505 20190810121257 
1 0.0295 -0.0841 0.4384 21.0088586 105.706505 20190810121257 
1 0.0268 -0.0939 0.5146 21.0089107 105.7067201 20190810121257 
1 -0.0189 -0.1617 0.3291 21.0089107 105.7067201 20190810121257 
1 0.0284 0.1321 0.3409 21.0089107 105.7067201 20190810121257 
1 0.0095 -0.1775 0.4269 21.0089107 105.7067201 20190810121257 
1 0.0259 0.2162 0.6813 21.0089107 105.7067201 20190810121257 
1 0.0949 -0.0764 -0.1408 21.0089107 105.7067201 20190810121257 
1 0.0102 -0.0174 -0.1705 21.0089107 105.7067201 20190810121257 
1 -0.0758 0.2411 0.3111 21.0089107 105.7067201 20190810121257 
1 0.0983 -0.1146 -0.2900 21.0089107 105.7067201 20190810121257 
1 0.0751 -0.0128 -0.2061 21.0089107 105.7067201 20190810121257 
1 -0.0963 0.0790 0.0072 21.0089107 105.7067201 20190810121257 
1 -0.1053 0.2852 0.0215 21.0089107 105.7067201 20190810121257 
1 0.0835 -0.1757 -0.2034 21.0089107 105.7067201 20190810121257 
1 0.0326 -0.1531 0.1546 21.0089107 105.7067201 20190810121257 
1 -0.0601 0.1385 -0.0021 21.0089107 105.7067201 20190810121257 
1 0.0247 0.0199 -0.2770 21.0089107 105.7067201 20190810121257 
1 -0.0660 -0.0986 0.2155 21.0089107 105.7067201 20190810121257 
1 0.0211 0.2722 0.4037 21.0089107 105.7067201 20190810121258 
1 0.0259 -0.1135 0.0152 21.0089107 105.7067201 20190810121258 
1 -0.0427 0.1347 0.1227 21.0089107 105.7067201 20190810121258 
1 -0.0279 -0.0506 -0.2094 21.0089107 105.7067201 20190810121258 
1 -0.0186 0.1807 0.0875 21.0089107 105.7067201 20190810121258 
1 0.0318 0.0082 0.1198 21.0089107 105.7067201 20190810121258 
1 -0.0684 0.2427 0.1209 21.0089107 105.7067201 20190810121258 
1 -0.0449 0.2075 0.0971 21.0089107 105.7067201 20190810121258 
1 -0.1010 0.0218 0.3591 21.0089107 105.7067201 20190810121258 
1 0.0243 0.0914 0.2582 21.0089107 105.7067201 20190810121258 
1 0.0175 0.0166 0.1704 21.0089107 105.7067201 20190810121258 
1 -0.1642 0.0465 0.3987 21.0089107 105.7067201 20190810121258 
1 -0.0599 -0.1362 0.5721 21.0089107 105.7067201 20190810121258 
1 0.0576 0.1228 0.4105 21.0089107 105.7067201 20190810121258 
1 0.0287 0.0639 0.4254 21.0089107 105.7067201 20190810121258 
1 -0.2414 -0.2099 0.7582 21.0089107 105.7067201 20190810121258 
1 -0.0673 0.0429 0.6141 21.0089107 105.7067201 20190810121258 
1 -0.0962 -0.0254 0.6184 21.0089107 105.7067201 20190810121258 
1 -0.1286 -0.0311 0.8137 21.0089107 105.7067201 20190810121258 
1 -0.2366 0.2206 1.0707 21.0089107 105.7067201 20190810121258 
1 -0.0478 0.3202 0.4877 21.0089107 105.7067201 20190810121258 
1 -0.1801 0.2138 0.6681 21.0089107 105.7067201 20190810121258 
1 -0.4102 0.1836 1.5142 21.0089107 105.7067201 20190810121258 
1 -0.1260 0.1151 1.0074 21.0089107 105.7067201 20190810121258 
1 -0.2364 0.1705 1.1187 21.0089107 105.7067201 20190810121258 
1 -0.3706 0.1547 1.5008 21.0089107 105.7067201 20190810121258 
1 -0.3053 0.4789 1.5008 21.0089107 105.7067201 20190810121258 
1 0.0054 0.1071 0.8234 21.0089107 105.7067201 20190810121258 
1 -0.3232 -0.4547 2.4222 21.0089107 105.7067201 20190810121258 
1 -0.1625 -0.3447 1.8093 21.0089107 105.7067201 20190810121258 
1 -0.4191 0.4962 1.4653 21.0089107 105.7067201 20190810121258 
1 0.5531 -0.9649 -0.4317 21.0089107 105.7067201 20190810121258 
1 -0.1433 -0.4484 1.2096 21.0089107 105.7067201 20190810121258 
1 -0.2187 0.4797 1.1314 21.0089576 105.7069263 20190810121258 
1 0.3813 -0.2900 -0.9041 21.0089576 105.7069263 20190810121258 
1 0.8636 -0.2774 -1.4019 21.0089576 105.7069263 20190810121258 
1 -1.5760 0.1958 1.6503 21.0089576 105.7069263 20190810121258 
1 1.4513 -0.3396 -3.5623 21.0089576 105.7069263 20190810121258 
1 0.3205 -0.2167 -3.3582 21.0089576 105.7069263 20190810121258 
1 -0.8644 0.1296 0.4360 21.0089576 105.7069263 20190810121258 
1 0.6852 0.4743 -3.8723 21.0089576 105.7069263 20190810121258 
1 0.8669 -0.0078 -5.1549 21.0089576 105.7069263 20190810121258 
1 -0.8763 -0.8116 0.0997 21.0089576 105.7069263 20190810121258 
1 0.5145 0.4113 -2.2736 21.0089576 105.7069263 20190810121258 
1 0.0965 -0.1522 -5.1177 21.0089576 105.7069263 20190810121258 
1 -0.2371 -0.3783 -2.6128 21.0089576 105.7069263 20190810121258 
1 0.3321 0.0640 -2.5825 21.0089576 105.7069263 20190810121258 
1 -0.2439 0.1698 -2.8766 21.0089576 105.7069263 20190810121258 
1 -0.0917 -0.3374 -1.3387 21.0089576 105.7069263 20190810121258 
1 0.2702 0.5164 -1.3904 21.0089576 105.7069263 20190810121258 
1 -0.1750 -0.2267 -1.2039 21.0089576 105.7069263 20190810121258 
1 0.0820 0.1209 -0.2140 21.0089576 105.7069263 20190810121259 
1 0.0434 0.4592 -0.6294 21.0089576 105.7069263 20190810121259 
1 0.0275 -0.0949 0.0598 21.0089576 105.7069263 20190810121259 
1 -0.1147 0.0161 0.7505 21.0089576 105.7069263 20190810121259 
1 0.0094 0.4099 0.4049 21.0089576 105.7069263 20190810121259 
1 0.1175 -0.2188 0.0544 21.0089576 105.7069263 20190810121259 
1 -0.1535 0.1852 1.3193 21.0089576 105.7069263 20190810121259 
1 -0.0601 0.0922 1.1508 21.0089576 105.7069263 20190810121259 
1 0.0012 0.0427 1.1616 21.0089576 105.7069263 20190810121259 
1 -0.1471 0.1016 1.4906 21.0089576 105.7069263 20190810121259 
1 -0.0926 0.2902 1.2160 21.0089576 105.7069263 20190810121259 
1 -0.0844 -0.1987 1.1908 21.0089576 105.7069263 20190810121259 
1 0.0119 0.0095 1.4138 21.0089576 105.7069263 20190810121259 
1 0.0561 -0.0954 0.8136 21.0089576 105.7069263 20190810121259 
1 0.0293 -0.0433 0.6086 21.0089576 105.7069263 20190810121259 
1 -0.0220 0.2441 1.0955 21.0089576 105.7069263 20190810121259 
1 0.2799 -0.1607 0.2015 21.0089576 105.7069263 20190810121259 
1 -0.0061 0.0486 0.5107 21.0089576 105.7069263 20190810121259 
1 0.1282 -0.0467 -0.1436 21.0089576 105.7069263 20190810121259 
1 0.1376 0.1024 -0.3599 21.0089576 105.7069263 20190810121259 
1 0.0228 -0.0985 -0.0355 21.0089576 105.7069263 20190810121259 
1 0.1806 0.2734 -0.1254 21.0089576 105.7069263 20190810121259 
1 0.1861 -0.0385 -0.8019 21.0089576 105.7069263 20190810121259 
1 -0.0220 0.1085 -0.5134 21.0089576 105.7069263 20190810121259 
1 -0.1456 0.1539 -0.4797 21.0089576 105.7069263 20190810121259 
1 0.2004 0.0694 -0.5197 21.0089576 105.7069263 20190810121259 
1 0.1896 -0.1051 -0.1489 21.0089576 105.7069263 20190810121259 
1 0.1725 0.3130 -0.5659 21.0089576 105.7069263 20190810121259 
1 -0.0895 -0.6687 -0.4729 21.0089576 105.7069263 20190810121259 
1 -0.0460 -0.2095 0.1308 21.0089576 105.7069263 20190810121259 
1 0.1267 0.6031 0.4315 21.0089576 105.7069263 20190810121259 
1 0.4283 0.3641 -1.2203 21.0089576 105.7069263 20190810121259 
1 0.3965 -0.1728 -1.2815 21.0089576 105.7069263 20190810121259 
1 -1.2343 1.4456 1.9635 21.0090102 105.7071321 20190810121259 
1 0.7494 -1.8792 -1.8528 21.0090102 105.7071321 20190810121259 
1 1.6205 0.7616 -0.7334 21.0090102 105.7071321 20190810121259 
1 -2.1824 -0.7372 2.8381 21.0090102 105.7071321 20190810121259 
1 -0.1612 0.7017 -2.1234 21.0090102 105.7071321 20190810121259 
1 1.9762 0.6024 -3.7171 21.0090102 105.7071321 20190810121259 
1 -1.6692 -1.3043 3.7042 21.0090102 105.7071321 20190810121259 
1 0.1625 2.0996 2.3751 21.0090102 105.7071321 20190810121259 
1 1.3669 -1.5421 -4.2954 21.0090102 105.7071321 20190810121259 
1 -0.9976 -0.1609 1.3430 21.0090102 105.7071321 20190810121259 
1 0.0784 -0.3087 2.6250 21.0090102 105.7071321 20190810121259 
1 0.2908 0.1850 -1.3746 21.0090102 105.7071321 20190810121259 
1 0.3405 -0.2277 -0.9724 21.0090102 105.7071321 20190810121259 
1 -0.3602 0.1268 1.7269 21.0090102 105.7071321 20190810121259 
1 -0.1261 -0.1401 -0.0549 21.0090102 105.7071321 20190810121300 
1 0.6026 0.1362 -0.8062 21.0090102 105.7071321 20190810121300 
1 0.2524 -0.3843 0.0308 21.0090102 105.7071321 20190810121300 
1 -0.2620 0.1219 0.2502 21.0090102 105.7071321 20190810121300 
1 0.1826 0.3341 -0.6503 21.0090102 105.7071321 20190810121300 
1 0.1332 -0.0244 0.0672 21.0090102 105.7071321 20190810121300 
1 0.1277 0.1639 -0.0223 21.0090102 105.7071321 20190810121300 
1 0.1659 -0.0381 -1.0927 21.0090102 105.7071321 20190810121300 
1 -0.0142 -0.1173 -0.3086 21.0090102 105.7071321 20190810121300 
1 0.0723 0.2001 0.3404 21.0090102 105.7071321 20190810121300 
1 0.2378 0.1140 -0.2095 21.0090102 105.7071321 20190810121300 
1 0.0272 -0.2429 -0.0354 21.0090102 105.7071321 20190810121300 
1 -0.0366 0.1464 0.0119 21.0090102 105.7071321 20190810121300 
1 0.0713 0.2207 -0.1744 21.0090102 105.7071321 20190810121300 
1 0.1049 -0.1968 0.2715 21.0090102 105.7071321 20190810121300 
1 -0.0310 -0.1240 0.8643 21.0090102 105.7071321 20190810121300 
1 -0.1394 0.1768 0.6557 21.0090102 105.7071321 20190810121300 
1 -0.0038 0.1190 0.5673 21.0090102 105.7071321 20190810121300 
1 0.2047 -0.1474 0.6818 21.0090102 105.7071321 20190810121300 
1 0.0171 -0.2049 0.7657 21.0090102 105.7071321 20190810121300 
1 -0.0420 0.0030 0.9963 21.0090102 105.7071321 20190810121300 
1 0.0822 -0.0750 0.4240 21.0090102 105.7071321 20190810121300 
1 0.2071 -0.4018 0.4257 21.0090102 105.7071321 20190810121300 
1 0.0447 0.1179 0.7791 21.0090102 105.7071321 20190810121300 
1 0.1229 -0.1340 -0.2734 21.0090102 105.7071321 20190810121300 
1 -0.0166 -0.1666 -0.2848 21.0090102 105.7071321 20190810121300 
1 0.1823 -0.0741 -0.3290 21.0090102 105.7071321 20190810121300 
1 0.2744 -0.1698 -0.4718 21.0090102 105.7071321 20190810121300 
1 0.1567 -0.2301 -0.5878 21.0090102 105.7071321 20190810121300 
1 0.1891 -0.1060 -0.9018 21.0090102 105.7071321 20190810121300 
1 0.1651 -0.0635 -1.1700 21.0090102 105.7071321 20190810121300 
1 0.1457 -0.0118 -0.6586 21.0090102 105.7071321 20190810121300 
1 0.3352 0.0151 -1.1656 21.0090102 105.7071321 20190810121300 
1 0.2041 -0.1159 -1.5980 21.0090102 105.7071321 20190810121300 
1 0.0881 -0.1047 -1.0337 21.0090102 105.7071321 20190810121300 
1 0.1049 0.0867 -1.1813 21.0090604 105.707343 20190810121300 
1 0.1540 -0.1033 -1.3689 21.0090604 105.707343 20190810121300 
1 0.2580 -0.0495 -0.8686 21.0090604 105.707343 20190810121300 
1 0.0297 0.1851 -0.6014 21.0090604 105.707343 20190810121300 
1 0.0465 0.0622 -0.8861 21.0090604 105.707343 20190810121300 
1 0.0703 -0.0353 -0.4367 21.0090604 105.707343 20190810121300 
1 0.1050 0.0537 -0.0571 21.0090604 105.707343 20190810121300 
1 0.1189 0.1839 -0.0298 21.0090604 105.707343 20190810121300 
1 -0.0954 0.0537 0.2880 21.0090604 105.707343 20190810121300 
1 0.0287 0.0008 0.5009 21.0090604 105.707343 20190810121300 
1 0.0512 0.2371 0.5967 21.0090604 105.707343 20190810121300 
1 0.0984 0.1940 0.9252 21.0090604 105.707343 20190810121300 
1 -0.0254 0.0072 1.1134 21.0090604 105.707343 20190810121300 
1 -0.0259 0.1851 1.0299 21.0090604 105.707343 20190810121300 
1 -0.0134 -0.0113 1.1582 21.0090604 105.707343 20190810121300 
1 0.0181 -0.0375 1.1484 21.0090604 105.707343 20190810121300 
1 0.0912 0.0506 1.2228 21.0090604 105.707343 20190810121300 
1 -0.1269 -0.1472 1.6423 21.0090604 105.707343 20190810121301 
1 0.0408 -0.0836 0.2620 21.0090604 105.707343 20190810121301 
1 0.1571 -0.0600 0.3001 21.0090604 105.707343 20190810121301 
1 -0.0462 -0.2157 1.5455 21.0090604 105.707343 20190810121301 
