1 -0.0495 0.0449 -0.0353 20.9961531 105.5404015 20190811062134 
1 0.0211 -0.0079 0.0527 20.9961544 105.5404013 20190811062134 
1 -0.0171 0.0421 -0.0131 20.9961544 105.5404013 20190811062134 
1 0.0176 -0.0233 -0.0343 20.9961544 105.5404013 20190811062134 
1 -0.0268 0.0061 -0.0109 20.9961544 105.5404013 20190811062134 
1 0.0277 0.0064 -0.0392 20.9961544 105.5404013 20190811062134 
1 0.0079 0.0131 0.0188 20.9961544 105.5404013 20190811062134 
1 -0.0245 0.0038 -0.0646 20.9961544 105.5404013 20190811062134 
1 0.0523 0.0138 0.0723 20.9961544 105.5404013 20190811062134 
1 -0.0034 0.0414 -0.0443 20.9961544 105.5404013 20190811062134 
1 0.0279 0.0164 0.0520 20.9961544 105.5404013 20190811062134 
1 -0.0104 0.0477 0.0109 20.9961544 105.5404013 20190811062134 
1 0.0173 0.0050 -0.0094 20.9961544 105.5404013 20190811062134 
1 -0.0189 0.0342 0.0453 20.9961544 105.5404013 20190811062134 
1 -0.0032 0.0112 -0.0505 20.9961544 105.5404013 20190811062134 
1 -0.0150 0.0258 0.0431 20.9961544 105.5404013 20190811062134 
1 -0.0337 -0.0036 -0.0691 20.9961544 105.5404013 20190811062135 
1 0.0126 0.0015 0.0521 20.9961544 105.5404013 20190811062135 
1 -0.0242 0.0271 -0.0703 20.9961544 105.5404013 20190811062135 
1 -0.0052 -0.0189 0.0102 20.9961544 105.5404013 20190811062135 
1 -0.0455 0.0141 0.0092 20.9961544 105.5404013 20190811062135 
1 0.0058 -0.0150 -0.0183 20.9961544 105.5404013 20190811062135 
1 0.0009 0.0275 0.0294 20.9961544 105.5404013 20190811062135 
1 -0.0053 0.0058 -0.0445 20.9961544 105.5404013 20190811062135 
1 0.0186 -0.0077 0.0811 20.9961544 105.5404013 20190811062135 
1 -0.0064 0.0291 -0.0474 20.9961544 105.5404013 20190811062135 
1 0.0406 0.0065 0.0317 20.9961544 105.5404013 20190811062135 
1 -0.0162 0.0234 -0.0374 20.9961544 105.5404013 20190811062135 
1 0.0146 -0.0064 0.0107 20.9961544 105.5404013 20190811062135 
1 0.0018 0.0412 0.0237 20.9961544 105.5404013 20190811062135 
1 0.0077 -0.0040 -0.0309 20.9961544 105.5404013 20190811062135 
1 -0.0040 0.0125 0.0257 20.9961544 105.5404013 20190811062135 
1 -0.0170 0.0092 -0.0365 20.9961544 105.5404013 20190811062135 
1 0.0160 0.0022 0.0821 20.9961544 105.5404013 20190811062135 
1 -0.0507 0.0052 -0.0320 20.9961544 105.5404013 20190811062135 
1 0.0240 -0.0149 0.0481 20.9961544 105.5404013 20190811062135 
1 -0.0187 0.0193 -0.0230 20.9961544 105.5404013 20190811062135 
1 -0.0153 -0.0165 0.0102 20.9961544 105.5404013 20190811062135 
1 -0.0055 -0.0003 0.0217 20.9961544 105.5404013 20190811062135 
1 0.0203 -0.0134 -0.0201 20.9961544 105.5404013 20190811062135 
1 -0.0073 0.0042 0.0115 20.9961544 105.5404013 20190811062135 
1 0.0103 -0.0112 -0.0560 20.9961544 105.5404013 20190811062135 
1 0.0239 0.0147 0.0512 20.9961544 105.5404013 20190811062135 
1 -0.0237 -0.0033 -0.0530 20.9961544 105.5404013 20190811062135 
1 0.0503 -0.0002 0.0575 20.9961544 105.5404013 20190811062135 
1 0.0032 0.0229 -0.0682 20.9961544 105.5404013 20190811062135 
1 -0.0010 -0.0051 0.0391 20.9961544 105.5404013 20190811062135 
1 0.0091 0.0091 -0.0065 20.9961544 105.5404013 20190811062135 
1 0.0081 -0.0052 0.0068 20.9961544 105.5404013 20190811062135 
1 -0.0246 0.0007 -0.0111 20.9961544 105.5404013 20190811062135 
1 0.0169 -0.0022 0.0217 20.9961544 105.5404013 20190811062135 
1 -0.0051 -0.0033 0.0030 20.9961544 105.5404013 20190811062135 
1 -0.0215 -0.0143 -0.0130 20.9961557 105.540402 20190811062135 
1 0.0060 0.0001 0.0294 20.9961557 105.540402 20190811062135 
1 -0.0162 0.0056 -0.0387 20.9961557 105.540402 20190811062135 
1 0.0082 0.0152 0.0601 20.9961557 105.540402 20190811062135 
1 0.0033 -0.0203 -0.0365 20.9961557 105.540402 20190811062135 
1 -0.0403 -0.0078 0.0452 20.9961557 105.540402 20190811062135 
1 0.0130 0.0180 -0.0357 20.9961557 105.540402 20190811062135 
1 -0.0140 0.0146 0.0066 20.9961557 105.540402 20190811062135 
1 -0.0227 0.0103 -0.0396 20.9961557 105.540402 20190811062135 
1 0.0013 -0.0136 0.0513 20.9961557 105.540402 20190811062135 
1 0.0193 0.0237 -0.0265 20.9961557 105.540402 20190811062135 
1 -0.0131 0.0024 0.0236 20.9961557 105.540402 20190811062135 
1 0.0403 0.0075 0.0117 20.9961557 105.540402 20190811062135 
1 -0.0043 -0.0216 0.0027 20.9961557 105.540402 20190811062135 
1 0.0278 -0.0086 -0.0229 20.9961557 105.540402 20190811062135 
1 0.0096 -0.0075 -0.0187 20.9961557 105.540402 20190811062136 
1 0.0017 -0.0020 -0.0059 20.9961557 105.540402 20190811062136 
1 -0.0035 -0.0279 -0.0020 20.9961557 105.540402 20190811062136 
1 0.0106 -0.0013 0.0079 20.9961557 105.540402 20190811062136 
1 -0.0257 -0.0068 -0.0553 20.9961557 105.540402 20190811062136 
1 -0.0127 0.0101 0.0324 20.9961557 105.540402 20190811062136 
1 -0.0014 -0.0163 -0.0016 20.9961557 105.540402 20190811062136 
1 -0.0370 0.0110 0.0091 20.9961557 105.540402 20190811062136 
1 0.0162 0.0023 -0.0459 20.9961557 105.540402 20190811062136 
1 -0.0228 0.0135 0.0239 20.9961557 105.540402 20190811062136 
1 -0.0178 -0.0106 -0.0136 20.9961557 105.540402 20190811062136 
1 0.0140 0.0036 0.0224 20.9961557 105.540402 20190811062136 
1 -0.0134 -0.0075 -0.0359 20.9961557 105.540402 20190811062136 
1 -0.0356 0.0154 0.0277 20.9961557 105.540402 20190811062136 
1 0.0331 0.0008 -0.0108 20.9961557 105.540402 20190811062136 
1 -0.0078 0.0064 -0.0009 20.9961557 105.540402 20190811062136 
1 -0.0005 -0.0360 -0.0385 20.9961557 105.540402 20190811062136 
1 0.0058 0.0038 0.0593 20.9961557 105.540402 20190811062136 
1 0.0690 0.0209 -0.0396 20.9961557 105.540402 20190811062136 
1 -0.0273 -0.0359 0.0329 20.9961557 105.540402 20190811062136 
1 0.0578 0.0186 -0.0202 20.9961557 105.540402 20190811062136 
1 -0.0212 -0.0341 0.0207 20.9961557 105.540402 20190811062136 
1 0.0273 0.0430 0.0323 20.9961557 105.540402 20190811062136 
1 0.0080 -0.0116 -0.0470 20.9961557 105.540402 20190811062136 
1 -0.0020 0.0271 0.0230 20.9961557 105.540402 20190811062136 
1 0.0140 -0.0205 -0.0370 20.9961557 105.540402 20190811062136 
1 0.0042 0.0263 0.0363 20.9961557 105.540402 20190811062136 
1 -0.0240 -0.0076 -0.0366 20.9961557 105.540402 20190811062136 
1 0.0112 0.0113 0.0160 20.9961557 105.540402 20190811062136 
1 0.0031 -0.0036 -0.0585 20.9961557 105.540402 20190811062136 
1 -0.0406 -0.0115 0.0340 20.9961557 105.540402 20190811062136 
1 0.0303 -0.0075 0.0088 20.9961557 105.540402 20190811062136 
1 -0.0364 0.0047 0.0137 20.9961569 105.5404021 20190811062136 
1 0.0042 0.0015 -0.0394 20.9961569 105.5404021 20190811062136 
1 0.0047 -0.0118 0.0392 20.9961569 105.5404021 20190811062136 
1 -0.0060 -0.0126 -0.0102 20.9961569 105.5404021 20190811062136 
1 -0.0274 -0.0101 0.0376 20.9961569 105.5404021 20190811062136 
1 0.0698 0.0185 -0.0725 20.9961569 105.5404021 20190811062136 
1 -0.0339 -0.0046 0.0104 20.9961569 105.5404021 20190811062136 
1 0.0259 -0.0130 0.0262 20.9961569 105.5404021 20190811062136 
1 0.0145 0.0002 0.0468 20.9961569 105.5404021 20190811062136 
1 0.0154 0.0325 -0.0529 20.9961569 105.5404021 20190811062136 
1 -0.0116 0.0171 0.0186 20.9961569 105.5404021 20190811062136 
1 0.0344 0.0431 -0.0162 20.9961569 105.5404021 20190811062136 
1 -0.0711 -0.0029 0.0400 20.9961569 105.5404021 20190811062136 
1 0.0637 0.0462 -0.0158 20.9961569 105.5404021 20190811062136 
1 -0.0447 0.0285 -0.0488 20.9961569 105.5404021 20190811062136 
1 -0.0295 0.0782 -0.0061 20.9961569 105.5404021 20190811062136 
1 0.0520 0.0223 -0.0074 20.9961569 105.5404021 20190811062136 
1 -0.0943 0.1116 -0.0509 20.9961569 105.5404021 20190811062137 
1 0.0328 0.0408 -0.0593 20.9961569 105.5404021 20190811062137 
1 0.0186 0.0943 -0.0609 20.9961569 105.5404021 20190811062137 
1 -0.0561 0.0734 -0.0181 20.9961569 105.5404021 20190811062137 
1 0.0048 0.1528 0.0209 20.9961569 105.5404021 20190811062137 
1 0.0122 0.1188 -0.0658 20.9961569 105.5404021 20190811062137 
1 -0.0387 0.1780 0.0263 20.9961569 105.5404021 20190811062137 
1 0.0055 0.1591 0.0054 20.9961569 105.5404021 20190811062137 
1 -0.0067 0.2581 0.0378 20.9961569 105.5404021 20190811062137 
1 0.0081 0.2534 -0.0240 20.9961569 105.5404021 20190811062137 
1 0.0275 0.2513 0.0551 20.9961569 105.5404021 20190811062137 
1 -0.0193 0.2861 0.0043 20.9961569 105.5404021 20190811062137 
1 0.0374 0.2780 0.0831 20.9961569 105.5404021 20190811062137 
1 0.0188 0.3187 0.0035 20.9961569 105.5404021 20190811062137 
1 -0.0064 0.2886 0.0257 20.9961569 105.5404021 20190811062137 
1 0.0236 0.2913 0.0308 20.9961569 105.5404021 20190811062137 
1 0.0191 0.2482 0.0527 20.9961569 105.5404021 20190811062137 
1 -0.0456 0.2685 0.0008 20.9961569 105.5404021 20190811062137 
1 0.0659 0.2297 0.0500 20.9961569 105.5404021 20190811062137 
1 -0.0167 0.2287 -0.0002 20.9961569 105.5404021 20190811062137 
1 -0.0048 0.1619 0.0559 20.9961569 105.5404021 20190811062137 
1 0.0012 0.2070 0.0019 20.9961569 105.5404021 20190811062137 
1 -0.0083 0.1592 -0.0062 20.9961569 105.5404021 20190811062137 
1 -0.0495 0.2105 -0.0141 20.9961569 105.5404021 20190811062137 
1 0.0130 0.0952 -0.0196 20.9961569 105.5404021 20190811062137 
1 -0.0344 0.2066 -0.0207 20.9961569 105.5404021 20190811062137 
1 0.0136 0.1590 -0.0143 20.9961569 105.5404021 20190811062137 
1 0.0265 0.1943 -0.0260 20.9961569 105.5404021 20190811062137 
1 -0.0437 0.1420 -0.0022 20.9961569 105.5404021 20190811062137 
1 0.0181 0.1751 0.0394 20.9961569 105.5404021 20190811062137 
1 0.0087 0.1443 -0.0084 20.9961569 105.5404021 20190811062137 
1 -0.0050 0.1831 -0.0120 20.9961569 105.5404021 20190811062137 
1 0.0230 0.1334 0.0012 20.9961569 105.5404021 20190811062137 
1 0.0012 0.1421 -0.0116 20.9961569 105.5404021 20190811062137 
1 -0.0076 0.1200 -0.0213 20.9961573 105.5404014 20190811062137 
1 0.0377 0.1337 -0.0050 20.9961573 105.5404014 20190811062137 
1 -0.0325 0.1193 -0.0424 20.9961573 105.5404014 20190811062137 
1 -0.0192 0.1136 0.0214 20.9961573 105.5404014 20190811062137 
1 0.0217 0.0962 -0.0395 20.9961573 105.5404014 20190811062137 
1 -0.0366 0.1209 0.0078 20.9961573 105.5404014 20190811062137 
1 0.0018 0.1263 -0.0075 20.9961573 105.5404014 20190811062137 
1 0.0287 0.1365 -0.0055 20.9961573 105.5404014 20190811062137 
1 -0.0362 0.0896 0.0011 20.9961573 105.5404014 20190811062137 
1 -0.0062 0.1337 0.0108 20.9961573 105.5404014 20190811062137 
1 0.0272 0.1556 -0.0393 20.9961573 105.5404014 20190811062137 
1 -0.0208 0.1487 0.0207 20.9961573 105.5404014 20190811062137 
1 0.0030 0.1201 -0.0353 20.9961573 105.5404014 20190811062137 
1 -0.0086 0.1744 0.0192 20.9961573 105.5404014 20190811062137 
1 0.0330 0.1835 -0.0087 20.9961573 105.5404014 20190811062137 
1 0.0046 0.2029 0.0225 20.9961573 105.5404014 20190811062138 
1 -0.0267 0.1738 -0.0398 20.9961573 105.5404014 20190811062138 
1 0.0201 0.2238 0.0335 20.9961573 105.5404014 20190811062138 
1 0.0115 0.1947 -0.0067 20.9961573 105.5404014 20190811062138 
1 -0.0345 0.2435 0.0050 20.9961573 105.5404014 20190811062138 
1 0.0122 0.1665 -0.0035 20.9961573 105.5404014 20190811062138 
1 0.0551 0.2160 -0.0321 20.9961573 105.5404014 20190811062138 
1 -0.0412 0.2700 0.0418 20.9961573 105.5404014 20190811062138 
1 -0.0105 0.2251 -0.0262 20.9961573 105.5404014 20190811062138 
1 -0.0129 0.3138 -0.0523 20.9961573 105.5404014 20190811062138 
1 0.1181 0.2917 0.0159 20.9961573 105.5404014 20190811062138 
1 -0.1049 0.3448 -0.0904 20.9961573 105.5404014 20190811062138 
1 0.0575 0.4129 0.0690 20.9961573 105.5404014 20190811062138 
1 -0.0080 0.3597 -0.0610 20.9961573 105.5404014 20190811062138 
1 -0.0128 0.4921 -0.0695 20.9961573 105.5404014 20190811062138 
1 -0.0288 0.4946 0.0570 20.9961573 105.5404014 20190811062138 
1 0.0588 0.5344 -0.0226 20.9961573 105.5404014 20190811062138 
1 -0.0492 0.6384 -0.0854 20.9961573 105.5404014 20190811062138 
1 -0.0057 0.7309 0.0488 20.9961573 105.5404014 20190811062138 
1 0.0409 0.7355 0.0189 20.9961573 105.5404014 20190811062138 
1 -0.0263 0.8516 -0.0459 20.9961573 105.5404014 20190811062138 
1 0.0020 0.8931 -0.0070 20.9961573 105.5404014 20190811062138 
1 0.0298 0.8550 0.0487 20.9961573 105.5404014 20190811062138 
1 0.0555 0.8994 -0.0623 20.9961573 105.5404014 20190811062138 
1 -0.0482 0.9125 0.0246 20.9961573 105.5404014 20190811062138 
1 0.0456 0.9987 0.0754 20.9961573 105.5404014 20190811062138 
1 -0.0350 0.9497 -0.0360 20.9961573 105.5404014 20190811062138 
1 0.0344 0.9374 0.0621 20.9961573 105.5404014 20190811062138 
1 0.0182 1.1064 -0.0674 20.9961573 105.5404014 20190811062138 
1 -0.0453 1.0253 -0.0114 20.9961573 105.5404014 20190811062138 
1 0.0189 1.1264 -0.0353 20.9961573 105.5404014 20190811062138 
1 -0.0595 1.1777 -0.0663 20.9961573 105.5404014 20190811062138 
1 0.0659 1.2857 -0.0065 20.9961573 105.5404014 20190811062138 
1 0.0100 1.3738 -0.0699 20.9961573 105.5404014 20190811062138 
1 0.0477 1.3872 0.0208 20.9961583 105.5404007 20190811062138 
1 0.0169 1.4507 -0.0186 20.9961583 105.5404007 20190811062138 
1 0.0505 1.4363 -0.0386 20.9961583 105.5404007 20190811062138 
1 -0.0830 1.4420 0.0161 20.9961583 105.5404007 20190811062138 
1 0.0338 1.3809 0.0328 20.9961583 105.5404007 20190811062138 
1 -0.0452 1.4070 0.0269 20.9961583 105.5404007 20190811062138 
1 -0.1363 1.2304 0.0719 20.9961583 105.5404007 20190811062138 
1 -0.1709 1.2313 -0.0023 20.9961583 105.5404007 20190811062138 
1 -0.0878 1.2760 0.0344 20.9961583 105.5404007 20190811062138 
1 -0.1620 1.2366 0.0352 20.9961583 105.5404007 20190811062138 
1 0.0903 1.3541 -0.0226 20.9961583 105.5404007 20190811062138 
1 -0.1562 1.2640 -0.1175 20.9961583 105.5404007 20190811062138 
1 0.1564 1.3354 -0.0765 20.9961583 105.5404007 20190811062138 
1 -0.0777 1.0562 -0.0596 20.9961583 105.5404007 20190811062138 
1 0.1100 1.1390 0.0662 20.9961583 105.5404007 20190811062138 
1 -0.0765 1.1114 -0.1027 20.9961583 105.5404007 20190811062139 
1 0.0843 1.0563 0.0005 20.9961583 105.5404007 20190811062139 
1 -0.0420 0.9514 0.1216 20.9961583 105.5404007 20190811062139 
1 0.0455 0.9789 -0.0337 20.9961583 105.5404007 20190811062139 
1 -0.0479 0.9528 -0.0677 20.9961583 105.5404007 20190811062139 
1 0.0608 0.8269 0.0025 20.9961583 105.5404007 20190811062139 
1 -0.0269 0.7504 -0.0215 20.9961583 105.5404007 20190811062139 
1 0.0948 0.7707 0.0422 20.9961583 105.5404007 20190811062139 
1 -0.0696 0.7595 -0.0321 20.9961583 105.5404007 20190811062139 
1 -0.0487 0.6724 -0.0791 20.9961583 105.5404007 20190811062139 
1 -0.0456 0.4804 0.1023 20.9961583 105.5404007 20190811062139 
1 -0.1516 0.5969 -0.0823 20.9961583 105.5404007 20190811062139 
1 -0.1196 0.5058 -0.0362 20.9961583 105.5404007 20190811062139 
1 -0.1453 0.4279 0.0764 20.9961583 105.5404007 20190811062139 
1 -0.1427 0.3716 0.0015 20.9961583 105.5404007 20190811062139 
1 -0.0112 0.4634 -0.0126 20.9961583 105.5404007 20190811062139 
1 -0.0519 0.3282 -0.0037 20.9961583 105.5404007 20190811062139 
1 -0.0161 0.4345 0.0365 20.9961583 105.5404007 20190811062139 
1 -0.0018 0.3603 0.0048 20.9961583 105.5404007 20190811062139 
1 0.0577 0.3396 -0.0446 20.9961583 105.5404007 20190811062139 
1 -0.1219 0.3140 -0.0450 20.9961583 105.5404007 20190811062139 
1 0.0650 0.2721 0.0371 20.9961583 105.5404007 20190811062139 
1 -0.1188 0.2511 -0.0842 20.9961583 105.5404007 20190811062139 
1 -0.0279 0.2130 0.0168 20.9961583 105.5404007 20190811062139 
1 -0.0504 0.2392 0.0412 20.9961583 105.5404007 20190811062139 
1 -0.0383 0.1852 0.0551 20.9961583 105.5404007 20190811062139 
1 0.0325 0.3868 -0.0043 20.9961583 105.5404007 20190811062139 
1 -0.0162 0.0856 -0.1081 20.9961583 105.5404007 20190811062139 
1 0.0060 0.3174 0.1106 20.9961583 105.5404007 20190811062139 
1 -0.0915 0.2955 -0.1378 20.9961583 105.5404007 20190811062139 
1 0.0921 0.2145 0.0396 20.9961583 105.5404007 20190811062139 
1 -0.1010 0.2155 -0.0599 20.9961583 105.5404007 20190811062139 
1 -0.0015 0.0574 0.0282 20.9961583 105.5404007 20190811062139 
1 -0.0748 0.2716 -0.1062 20.9961583 105.5404007 20190811062139 
1 -0.0702 0.0497 -0.0035 20.9961583 105.5404007 20190811062139 
1 -0.0847 0.2291 0.1072 20.9961583 105.5404007 20190811062139 
1 -0.1921 0.1215 -0.0668 20.9961673 105.5404015 20190811062139 
1 0.0313 0.1808 -0.0677 20.9961673 105.5404015 20190811062139 
1 -0.3162 0.2228 -0.0276 20.9961673 105.5404015 20190811062139 
1 0.0773 0.2091 -0.1131 20.9961673 105.5404015 20190811062139 
1 -0.2883 0.1289 0.0072 20.9961673 105.5404015 20190811062139 
1 0.0497 0.1420 0.0994 20.9961673 105.5404015 20190811062139 
1 -0.0916 0.1873 -0.1497 20.9961673 105.5404015 20190811062139 
1 0.0137 0.1600 0.0151 20.9961673 105.5404015 20190811062139 
1 0.0355 0.2068 0.1193 20.9961673 105.5404015 20190811062139 
1 0.0939 0.2067 -0.1234 20.9961673 105.5404015 20190811062139 
1 -0.2410 0.2301 -0.0529 20.9961673 105.5404015 20190811062139 
1 0.0303 0.3241 0.1227 20.9961673 105.5404015 20190811062139 
1 -0.1680 0.2153 -0.0867 20.9961673 105.5404015 20190811062139 
1 -0.1245 0.4517 0.0698 20.9961673 105.5404015 20190811062139 
1 0.0444 0.2483 -0.0656 20.9961673 105.5404015 20190811062140 
1 -0.3441 0.3465 -0.0345 20.9961673 105.5404015 20190811062140 
1 0.0027 0.4068 0.1700 20.9961673 105.5404015 20190811062140 
1 -0.0094 0.2336 -0.0347 20.9961673 105.5404015 20190811062140 
1 -0.1131 0.4802 0.0377 20.9961673 105.5404015 20190811062140 
1 0.0055 0.2000 -0.0522 20.9961673 105.5404015 20190811062140 
1 -0.0737 0.3840 0.1344 20.9961673 105.5404015 20190811062140 
1 -0.1001 0.3265 -0.0946 20.9961673 105.5404015 20190811062140 
1 -0.0170 0.2641 0.0158 20.9961673 105.5404015 20190811062140 
1 -0.2035 0.2754 0.0428 20.9961673 105.5404015 20190811062140 
1 0.1108 0.3929 0.0015 20.9961673 105.5404015 20190811062140 
1 -0.3279 0.1862 -0.0412 20.9961673 105.5404015 20190811062140 
1 0.1007 0.3619 -0.0234 20.9961673 105.5404015 20190811062140 
1 -0.1951 0.2621 -0.1118 20.9961673 105.5404015 20190811062140 
1 -0.0713 0.3441 0.2554 20.9961673 105.5404015 20190811062140 
1 -0.1413 0.4580 0.0753 20.9961673 105.5404015 20190811062140 
1 0.0741 0.3859 0.1168 20.9961673 105.5404015 20190811062140 
1 -0.1301 0.5256 -0.0321 20.9961673 105.5404015 20190811062140 
1 0.0161 0.4558 0.1014 20.9961673 105.5404015 20190811062140 
1 -0.0078 0.4470 -0.0541 20.9961673 105.5404015 20190811062140 
1 -0.1577 0.5062 0.0009 20.9961673 105.5404015 20190811062140 
1 0.1375 0.4769 0.0333 20.9961673 105.5404015 20190811062140 
1 -0.2802 0.4474 -0.0449 20.9961673 105.5404015 20190811062140 
1 0.0853 0.4756 0.0333 20.9961673 105.5404015 20190811062140 
1 -0.1797 0.4546 -0.1559 20.9961673 105.5404015 20190811062140 
1 -0.0858 0.3890 -0.0465 20.9961673 105.5404015 20190811062140 
1 0.0521 0.4436 -0.1630 20.9961673 105.5404015 20190811062140 
1 -0.0870 0.3642 -0.1201 20.9961673 105.5404015 20190811062140 
1 0.1377 0.3526 -0.0508 20.9961673 105.5404015 20190811062140 
1 -0.0322 0.2917 -0.0410 20.9961673 105.5404015 20190811062140 
1 0.2439 0.4322 0.1362 20.9961673 105.5404015 20190811062140 
1 0.1158 0.3633 -0.1953 20.9961673 105.5404015 20190811062140 
1 -0.0275 0.3142 -0.0143 20.9961673 105.5404015 20190811062140 
1 0.4239 0.3787 0.0879 20.9961673 105.5404015 20190811062140 
1 -0.2827 0.3198 0.0051 20.9962263 105.5403946 20190811062140 
1 -0.2936 0.3209 0.0041 20.9962263 105.5403946 20190811062140 
1 -0.0141 0.4824 -0.1093 20.9962263 105.5403946 20190811062140 
1 0.2730 0.4592 0.0470 20.9962263 105.5403946 20190811062140 
1 -0.0301 0.5159 -0.0480 20.9962263 105.5403946 20190811062140 
1 0.1948 0.3787 0.1312 20.9962263 105.5403946 20190811062140 
1 0.0095 0.4649 0.1160 20.9962263 105.5403946 20190811062140 
1 0.0851 0.4110 -0.0710 20.9962263 105.5403946 20190811062140 
1 0.0607 0.5052 -0.1490 20.9962263 105.5403946 20190811062140 
1 -0.0195 0.3345 0.1780 20.9962263 105.5403946 20190811062140 
1 -0.0573 0.4771 0.2475 20.9962263 105.5403946 20190811062140 
1 0.1567 0.4323 -0.2023 20.9962263 105.5403946 20190811062140 
1 -0.1133 0.4457 -0.1100 20.9962263 105.5403946 20190811062140 
1 0.0002 0.3573 0.1403 20.9962263 105.5403946 20190811062140 
1 -0.0103 0.3594 -0.0943 20.9962263 105.5403946 20190811062141 
1 0.1296 0.4375 -0.2060 20.9962263 105.5403946 20190811062141 
1 -0.0298 0.4580 -0.2066 20.9962263 105.5403946 20190811062141 
1 0.1068 0.3547 0.1664 20.9962263 105.5403946 20190811062141 
1 0.0506 0.4960 0.0053 20.9962263 105.5403946 20190811062141 
1 -0.1076 0.4625 -0.2221 20.9962263 105.5403946 20190811062141 
1 0.1049 0.4978 0.1493 20.9962263 105.5403946 20190811062141 
1 -0.1406 0.4975 0.0008 20.9962263 105.5403946 20190811062141 
1 0.0700 0.4798 0.0671 20.9962263 105.5403946 20190811062141 
1 -0.0498 0.6335 -0.0191 20.9962263 105.5403946 20190811062141 
1 -0.0968 0.5974 -0.0053 20.9962263 105.5403946 20190811062141 
1 0.1877 0.5855 0.0974 20.9962263 105.5403946 20190811062141 
1 -0.0784 0.7079 -0.2367 20.9962263 105.5403946 20190811062141 
1 -0.0055 0.6571 -0.0522 20.9962263 105.5403946 20190811062141 
1 -0.0461 0.6873 0.3554 20.9962263 105.5403946 20190811062141 
1 0.1273 0.6537 0.1277 20.9962263 105.5403946 20190811062141 
1 0.0148 0.7343 -0.1199 20.9962263 105.5403946 20190811062141 
1 0.1640 0.7377 -0.2943 20.9962263 105.5403946 20190811062141 
1 0.0186 0.4367 0.0952 20.9962263 105.5403946 20190811062141 
1 0.0650 0.7409 0.3610 20.9962263 105.5403946 20190811062141 
1 -0.0392 0.5742 0.1083 20.9962263 105.5403946 20190811062141 
1 -0.0188 0.6246 0.0340 20.9962263 105.5403946 20190811062141 
1 -0.2430 0.5189 0.1424 20.9962263 105.5403946 20190811062141 
1 0.0613 0.5290 0.0784 20.9962263 105.5403946 20190811062141 
1 -0.1251 0.4526 -0.2480 20.9962263 105.5403946 20190811062141 
1 0.1055 0.4244 -0.1452 20.9962263 105.5403946 20190811062141 
1 -0.4392 0.3946 0.0060 20.9962263 105.5403946 20190811062141 
1 0.0947 0.2310 0.0359 20.9962263 105.5403946 20190811062141 
1 -0.2658 0.0891 -0.0819 20.9962263 105.5403946 20190811062141 
1 -0.1043 -0.1018 0.1575 20.9962263 105.5403946 20190811062141 
1 0.0109 -0.2603 0.0728 20.9962263 105.5403946 20190811062141 
1 -0.1522 -0.5311 0.0696 20.9962263 105.5403946 20190811062141 
1 0.0394 -0.6105 -0.0394 20.9962263 105.5403946 20190811062141 
1 -0.1644 -0.8434 -0.1588 20.9962263 105.5403946 20190811062141 
1 -0.2324 -1.0496 0.2175 20.9962746 105.540384 20190811062141 
1 -0.1540 -0.9529 0.0748 20.9962746 105.540384 20190811062141 
1 0.0083 -1.3101 0.0723 20.9962746 105.540384 20190811062141 
1 -0.0604 -1.1478 -0.0665 20.9962746 105.540384 20190811062141 
1 -0.2181 -1.6276 0.0123 20.9962746 105.540384 20190811062141 
1 -0.0557 -1.7712 0.3938 20.9962746 105.540384 20190811062141 
1 0.0308 -1.6653 0.0592 20.9962746 105.540384 20190811062141 
1 -0.1802 -2.0198 -0.0908 20.9962746 105.540384 20190811062141 
1 -0.1513 -1.7562 -0.0470 20.9962746 105.540384 20190811062141 
1 -0.1134 -1.6625 -0.2392 20.9962746 105.540384 20190811062141 
1 0.0128 -1.4250 0.0629 20.9962746 105.540384 20190811062141 
1 -0.0466 -1.2541 0.0310 20.9962746 105.540384 20190811062141 
1 -0.3463 -1.3435 0.0608 20.9962746 105.540384 20190811062141 
1 -0.0706 -1.1532 0.1999 20.9962746 105.540384 20190811062142 
1 0.2115 -1.1008 -0.1222 20.9962746 105.540384 20190811062142 
1 -0.2579 -1.2689 0.0201 20.9962746 105.540384 20190811062142 
1 -0.0026 -0.9173 0.2063 20.9962746 105.540384 20190811062142 
1 0.0871 -0.6190 -0.0830 20.9962746 105.540384 20190811062142 
1 -0.2240 -0.3217 -0.0343 20.9962746 105.540384 20190811062142 
1 -0.0957 -0.4530 -0.0062 20.9962746 105.540384 20190811062142 
1 -0.1147 -0.4560 0.0980 20.9962746 105.540384 20190811062142 
1 -0.0539 -0.3542 0.1817 20.9962746 105.540384 20190811062142 
1 -0.0887 -0.5553 0.1029 20.9962746 105.540384 20190811062142 
1 -0.0466 -0.5417 0.1784 20.9962746 105.540384 20190811062142 
1 0.1055 -0.5694 0.0410 20.9962746 105.540384 20190811062142 
1 -0.1409 -0.4119 -0.0882 20.9962746 105.540384 20190811062142 
1 0.1274 -0.2943 -0.4421 20.9962746 105.540384 20190811062142 
1 0.0899 -0.5615 -0.3399 20.9962746 105.540384 20190811062142 
1 -0.1331 -0.4145 -0.3279 20.9962746 105.540384 20190811062142 
1 0.4294 -0.5755 -0.5534 20.9962746 105.540384 20190811062142 
1 -0.1166 -0.6770 -0.0727 20.9962746 105.540384 20190811062142 
1 0.1136 -0.5128 0.1134 20.9962746 105.540384 20190811062142 
1 0.0743 -0.6521 -0.5520 20.9962746 105.540384 20190811062142 
1 -0.2347 -0.8130 -0.3012 20.9962746 105.540384 20190811062142 
1 0.1036 -0.8488 -0.0457 20.9962746 105.540384 20190811062142 
1 -0.2715 -0.6908 -0.1436 20.9962746 105.540384 20190811062142 
1 -0.1321 -0.5021 -0.0355 20.9962746 105.540384 20190811062142 
1 -0.1084 -0.4492 -0.2979 20.9962746 105.540384 20190811062142 
1 -0.3857 -0.6891 0.1803 20.9962746 105.540384 20190811062142 
1 0.1569 -0.3941 0.4936 20.9962746 105.540384 20190811062142 
1 -0.2487 -0.2545 0.0607 20.9962746 105.540384 20190811062142 
1 -0.1082 -0.5047 0.0615 20.9962746 105.540384 20190811062142 
1 -0.1192 -0.3963 -0.1102 20.9962746 105.540384 20190811062142 
1 -0.1369 -0.3479 -0.0589 20.9962746 105.540384 20190811062142 
1 -0.0475 -0.2070 -0.0890 20.9962746 105.540384 20190811062142 
1 -0.2551 -0.1665 -0.0094 20.9962746 105.540384 20190811062142 
1 0.1275 -0.0792 0.1472 20.9962746 105.540384 20190811062142 
1 -0.1069 0.0156 0.0273 20.9962746 105.540384 20190811062142 
1 0.2082 -0.2322 0.5079 20.9962746 105.540384 20190811062142 
1 0.0805 -0.1185 0.4029 20.9962746 105.540384 20190811062142 
1 -0.3502 -0.2877 0.2121 20.996335 105.5403746 20190811062142 
1 0.1023 -0.2101 0.2495 20.996335 105.5403746 20190811062142 
1 -0.2488 -0.1178 0.1653 20.996335 105.5403746 20190811062142 
1 -0.0939 -0.2571 0.1340 20.996335 105.5403746 20190811062142 
1 -0.3172 -0.0033 -0.1904 20.996335 105.5403746 20190811062142 
1 -0.1309 -0.2279 0.4079 20.996335 105.5403746 20190811062142 
1 -0.0508 0.0053 0.5100 20.996335 105.5403746 20190811062142 
1 -0.1846 -0.0542 0.0255 20.996335 105.5403746 20190811062142 
1 0.0170 -0.1642 0.2560 20.996335 105.5403746 20190811062142 
1 -0.2846 0.0768 0.0836 20.996335 105.5403746 20190811062142 
1 0.2059 -0.2493 0.1781 20.996335 105.5403746 20190811062142 
1 -0.2988 -0.0046 0.0103 20.996335 105.5403746 20190811062142 
1 -0.0483 -0.1089 -0.2659 20.996335 105.5403746 20190811062142 
1 0.0497 -0.0931 -0.4669 20.996335 105.5403746 20190811062143 
1 -0.1426 -0.1601 -0.2059 20.996335 105.5403746 20190811062143 
1 0.2161 -0.1718 0.1865 20.996335 105.5403746 20190811062143 
1 -0.2424 -0.1283 0.1889 20.996335 105.5403746 20190811062143 
1 0.2018 -0.1408 0.0902 20.996335 105.5403746 20190811062143 
1 -0.1194 -0.0084 -0.6803 20.996335 105.5403746 20190811062143 
1 0.1484 -0.4297 -0.5380 20.996335 105.5403746 20190811062143 
1 -0.0080 -0.0777 -0.3032 20.996335 105.5403746 20190811062143 
1 -0.1665 -0.3231 0.0660 20.996335 105.5403746 20190811062143 
1 0.3689 -0.1796 -0.0436 20.996335 105.5403746 20190811062143 
1 -0.2668 -0.1037 -0.4894 20.996335 105.5403746 20190811062143 
1 0.2570 -0.2713 0.1572 20.996335 105.5403746 20190811062143 
1 -0.1237 -0.0545 0.0867 20.996335 105.5403746 20190811062143 
1 -0.0967 -0.4043 0.1782 20.996335 105.5403746 20190811062143 
1 0.0778 -0.0596 -0.0618 20.996335 105.5403746 20190811062143 
1 -0.2205 -0.1842 -0.0955 20.996335 105.5403746 20190811062143 
1 0.0976 -0.0858 0.2063 20.996335 105.5403746 20190811062143 
1 -0.3341 0.1688 -0.1542 20.996335 105.5403746 20190811062143 
1 0.1641 0.1928 0.0123 20.996335 105.5403746 20190811062143 
1 -0.3664 0.3394 0.1754 20.996335 105.5403746 20190811062143 
1 0.1160 0.1656 0.4724 20.996335 105.5403746 20190811062143 
1 -0.0676 0.2800 -0.0094 20.996335 105.5403746 20190811062143 
1 -0.1417 -0.0749 0.1712 20.996335 105.5403746 20190811062143 
1 -0.2040 0.1015 0.2579 20.996335 105.5403746 20190811062143 
1 0.0004 -0.1116 0.0429 20.996335 105.5403746 20190811062143 
1 -0.1650 0.0573 -0.2075 20.996335 105.5403746 20190811062143 
1 -0.1385 0.1298 -0.1351 20.996335 105.5403746 20190811062143 
1 -0.1372 -0.1058 0.2216 20.996335 105.5403746 20190811062143 
1 -0.3153 0.0300 -0.0512 20.996335 105.5403746 20190811062143 
1 0.1958 -0.0299 -0.2433 20.996335 105.5403746 20190811062143 
1 -0.2359 -0.0451 0.0247 20.996335 105.5403746 20190811062143 
1 -0.0706 -0.0414 0.2364 20.996335 105.5403746 20190811062143 
1 0.1069 0.0110 -0.3940 20.996335 105.5403746 20190811062143 
1 -0.2252 -0.1500 -0.1617 20.996335 105.5403746 20190811062143 
1 -0.1554 0.0214 0.1225 20.996335 105.5403746 20190811062143 
1 0.0433 -0.0048 -0.0477 20.9964084 105.54036 20190811062143 
1 -0.2529 0.0899 -0.0301 20.9964084 105.54036 20190811062143 
1 -0.1293 -0.0407 0.0253 20.9964084 105.54036 20190811062143 
1 -0.1277 0.1876 -0.2548 20.9964084 105.54036 20190811062143 
1 -0.1879 -0.0198 -0.0052 20.9964084 105.54036 20190811062143 
1 0.0334 0.0560 0.1704 20.9964084 105.54036 20190811062143 
1 -0.1846 0.0816 0.1549 20.9964084 105.54036 20190811062143 
1 -0.0463 0.0094 0.1826 20.9964084 105.54036 20190811062143 
1 -0.3322 0.1014 0.1192 20.9964084 105.54036 20190811062143 
1 0.0388 0.1303 -0.1710 20.9964084 105.54036 20190811062143 
1 -0.2225 0.0741 -0.0430 20.9964084 105.54036 20190811062143 
1 -0.2778 0.1994 0.1757 20.9964084 105.54036 20190811062143 
1 -0.1058 0.0281 0.0726 20.9964084 105.54036 20190811062143 
1 -0.0212 0.2355 -0.2662 20.9964084 105.54036 20190811062143 
1 -0.4016 0.0504 -0.2186 20.9964084 105.54036 20190811062144 
1 0.0059 0.1791 0.0823 20.9964084 105.54036 20190811062144 
1 -0.3918 0.0799 -0.0261 20.9964084 105.54036 20190811062144 
1 0.1296 0.1676 -0.1209 20.9964084 105.54036 20190811062144 
1 -0.5097 0.2110 -0.0370 20.9964084 105.54036 20190811062144 
1 0.3400 0.1006 0.5361 20.9964084 105.54036 20190811062144 
1 -0.6026 0.3377 -0.2299 20.9964084 105.54036 20190811062144 
1 0.0245 0.1005 -0.1376 20.9964084 105.54036 20190811062144 
1 -0.5564 0.1871 -0.2303 20.9964084 105.54036 20190811062144 
1 0.1299 0.1960 -0.0089 20.9964084 105.54036 20190811062144 
1 -0.3197 0.1530 -0.0638 20.9964084 105.54036 20190811062144 
1 0.0569 0.3147 0.0336 20.9964084 105.54036 20190811062144 
1 -0.3532 0.1302 -0.2156 20.9964084 105.54036 20190811062144 
1 0.2199 0.2145 0.0105 20.9964084 105.54036 20190811062144 
1 -0.1903 0.2157 -0.0617 20.9964084 105.54036 20190811062144 
1 -0.0340 0.2397 0.1153 20.9964084 105.54036 20190811062144 
1 -0.3050 0.1855 -0.0060 20.9964084 105.54036 20190811062144 
1 -0.0710 0.2887 -0.1432 20.9964084 105.54036 20190811062144 
1 -0.1953 0.1444 0.1280 20.9964084 105.54036 20190811062144 
1 -0.1289 0.2914 -0.1104 20.9964084 105.54036 20190811062144 
1 -0.2167 0.1698 -0.3579 20.9964084 105.54036 20190811062144 
1 -0.2451 0.2287 0.0434 20.9964084 105.54036 20190811062144 
1 0.2519 0.1340 0.0621 20.9964084 105.54036 20190811062144 
1 -0.5198 0.1493 0.1606 20.9964084 105.54036 20190811062144 
1 0.1429 0.3048 -0.0761 20.9964084 105.54036 20190811062144 
1 -0.3634 0.0730 -0.1710 20.9964084 105.54036 20190811062144 
1 0.0183 0.2468 0.1638 20.9964084 105.54036 20190811062144 
1 -0.3018 0.1790 0.0996 20.9964084 105.54036 20190811062144 
1 -0.0457 0.2387 -0.0645 20.9964084 105.54036 20190811062144 
1 -0.3298 0.1848 -0.2444 20.9964084 105.54036 20190811062144 
1 0.1703 0.1287 0.1581 20.9964084 105.54036 20190811062144 
1 -0.2578 0.1239 0.0909 20.9964084 105.54036 20190811062144 
1 -0.1602 0.0672 0.2068 20.9964084 105.54036 20190811062144 
1 -0.0022 0.2491 0.0590 20.9964084 105.54036 20190811062144 
1 -0.3793 0.1630 0.1389 20.9964084 105.54036 20190811062144 
1 -0.1569 0.1482 0.0954 20.9965068 105.5403385 20190811062144 
1 -0.1709 0.1725 -0.1819 20.9965068 105.5403385 20190811062144 
1 -0.3196 0.1132 0.1391 20.9965068 105.5403385 20190811062144 
1 -0.2528 0.2414 0.0227 20.9965068 105.5403385 20190811062144 
1 0.0437 0.1819 -0.1287 20.9965068 105.5403385 20190811062144 
1 -0.3550 0.0815 0.4495 20.9965068 105.5403385 20190811062144 
1 0.0228 0.1998 0.2003 20.9965068 105.5403385 20190811062144 
1 -0.3163 0.1996 0.1658 20.9965068 105.5403385 20190811062144 
1 -0.1665 0.2137 0.0503 20.9965068 105.5403385 20190811062144 
1 -0.2909 0.1321 0.0091 20.9965068 105.5403385 20190811062144 
1 -0.1875 0.2357 0.3618 20.9965068 105.5403385 20190811062144 
1 -0.4029 0.1731 0.1045 20.9965068 105.5403385 20190811062144 
1 0.0176 0.2515 -0.2478 20.9965068 105.5403385 20190811062144 
1 -0.3906 0.0892 -0.0298 20.9965068 105.5403385 20190811062144 
1 -0.0247 0.1718 0.0817 20.9965068 105.5403385 20190811062144 
1 -0.1430 0.1170 -0.4264 20.9965068 105.5403385 20190811062145 
1 -0.1470 0.0949 -0.2014 20.9965068 105.5403385 20190811062145 
1 0.0304 0.1320 -0.1267 20.9965068 105.5403385 20190811062145 
1 -0.3046 0.0497 0.1020 20.9965068 105.5403385 20190811062145 
1 -0.1189 0.1895 -0.0703 20.9965068 105.5403385 20190811062145 
1 -0.1050 0.0829 -0.2438 20.9965068 105.5403385 20190811062145 
1 -0.2530 0.0594 0.1802 20.9965068 105.5403385 20190811062145 
1 -0.1793 0.1041 0.2847 20.9965068 105.5403385 20190811062145 
1 -0.1593 0.1160 -0.0996 20.9965068 105.5403385 20190811062145 
1 -0.3245 0.0621 -0.0397 20.9965068 105.5403385 20190811062145 
1 -0.1434 0.0881 -0.1203 20.9965068 105.5403385 20190811062145 
1 -0.1089 0.0679 -0.1113 20.9965068 105.5403385 20190811062145 
1 -0.2783 0.0569 0.0175 20.9965068 105.5403385 20190811062145 
1 -0.1372 0.1127 0.0020 20.9965068 105.5403385 20190811062145 
1 -0.2203 0.0660 0.0581 20.9965068 105.5403385 20190811062145 
1 -0.2120 0.1284 -0.0127 20.9965068 105.5403385 20190811062145 
1 -0.2779 0.0825 0.1004 20.9965068 105.5403385 20190811062145 
1 -0.1481 -0.0116 0.0991 20.9965068 105.5403385 20190811062145 
1 -0.1452 0.1159 -0.0900 20.9965068 105.5403385 20190811062145 
1 -0.2887 -0.0074 0.1153 20.9965068 105.5403385 20190811062145 
1 -0.1015 0.0779 0.1579 20.9965068 105.5403385 20190811062145 
1 -0.0900 0.0554 -0.3445 20.9965068 105.5403385 20190811062145 
1 -0.2141 0.0052 -0.1146 20.9965068 105.5403385 20190811062145 
1 -0.0932 0.0233 -0.0120 20.9965068 105.5403385 20190811062145 
1 -0.2623 -0.0628 0.1590 20.9965068 105.5403385 20190811062145 
1 -0.1355 -0.0424 -0.3056 20.9965068 105.5403385 20190811062145 
1 -0.1816 -0.0832 -0.3280 20.9965068 105.5403385 20190811062145 
1 -0.2207 -0.0019 0.1313 20.9965068 105.5403385 20190811062145 
1 -0.0075 -0.0607 -0.0444 20.9965068 105.5403385 20190811062145 
1 -0.2294 0.0465 0.2099 20.9965068 105.5403385 20190811062145 
1 -0.0166 0.0754 -0.1998 20.9965068 105.5403385 20190811062145 
1 -0.0926 0.0668 -0.3042 20.9965068 105.5403385 20190811062145 
1 -0.1020 0.1126 -0.1247 20.9965068 105.5403385 20190811062145 
1 -0.2348 0.0260 -0.0787 20.9965068 105.5403385 20190811062145 
1 0.0722 0.1377 0.0767 20.9965068 105.5403385 20190811062145 
1 -0.6348 0.0608 0.0021 20.996626 105.5403135 20190811062145 
1 0.3463 0.1267 -0.2631 20.996626 105.5403135 20190811062145 
1 -0.6862 -0.0789 0.0903 20.996626 105.5403135 20190811062145 
1 0.1398 0.1217 0.1942 20.996626 105.5403135 20190811062145 
1 -0.3835 -0.1684 0.0292 20.996626 105.5403135 20190811062145 
1 -0.0771 0.1127 -0.0287 20.996626 105.5403135 20190811062145 
1 -0.2532 -0.1656 -0.1928 20.996626 105.5403135 20190811062145 
1 -0.0942 -0.0186 0.0651 20.996626 105.5403135 20190811062145 
1 -0.2838 0.0160 -0.3661 20.996626 105.5403135 20190811062145 
1 -0.0574 -0.2445 0.2462 20.996626 105.5403135 20190811062145 
1 -0.2476 0.1105 0.1414 20.996626 105.5403135 20190811062145 
1 -0.3092 -0.1259 -0.2318 20.996626 105.5403135 20190811062145 
1 -0.1132 -0.1446 0.3295 20.996626 105.5403135 20190811062145 
1 -0.5333 0.0298 0.0689 20.996626 105.5403135 20190811062146 
1 -0.1931 -0.1194 0.2806 20.996626 105.5403135 20190811062146 
1 -0.4526 0.0639 0.0392 20.996626 105.5403135 20190811062146 
1 -0.3303 0.0278 0.0541 20.996626 105.5403135 20190811062146 
1 -0.1780 0.1037 -0.0416 20.996626 105.5403135 20190811062146 
1 -0.2323 -0.0229 -0.2403 20.996626 105.5403135 20190811062146 
1 -0.4766 0.0044 0.3276 20.996626 105.5403135 20190811062146 
1 -0.1832 0.0940 0.1260 20.996626 105.5403135 20190811062146 
1 -0.4310 -0.0713 -0.0241 20.996626 105.5403135 20190811062146 
1 -0.2883 0.0088 0.1669 20.996626 105.5403135 20190811062146 
1 -0.3539 -0.0501 0.3315 20.996626 105.5403135 20190811062146 
1 -0.2530 -0.0523 0.3680 20.996626 105.5403135 20190811062146 
1 -0.4158 -0.0092 -0.3189 20.996626 105.5403135 20190811062146 
1 -0.3109 -0.1205 0.0195 20.996626 105.5403135 20190811062146 
1 -0.4093 -0.0491 0.1880 20.996626 105.5403135 20190811062146 
1 -0.4074 -0.0926 0.2620 20.996626 105.5403135 20190811062146 
1 -0.3276 0.0562 0.1182 20.996626 105.5403135 20190811062146 
1 -0.4140 0.0063 0.0588 20.996626 105.5403135 20190811062146 
1 -0.4050 -0.0718 -0.1525 20.996626 105.5403135 20190811062146 
1 -0.0476 -0.1484 -0.2393 20.996626 105.5403135 20190811062146 
1 -0.6397 -0.4268 -0.0597 20.996626 105.5403135 20190811062146 
1 -0.0739 -0.5618 -0.1220 20.996626 105.5403135 20190811062146 
1 -0.3898 -1.1692 -0.1114 20.996626 105.5403135 20190811062146 
1 -0.1755 -1.3232 0.4428 20.996626 105.5403135 20190811062146 
1 -0.4840 -1.2332 0.2305 20.996626 105.5403135 20190811062146 
1 -0.2359 -1.5474 -0.1661 20.996626 105.5403135 20190811062146 
1 -0.4689 -1.7693 0.0902 20.996626 105.5403135 20190811062146 
1 -0.2552 -1.9438 -0.0753 20.996626 105.5403135 20190811062146 
1 -0.5029 -1.5675 -0.2346 20.996626 105.5403135 20190811062146 
1 -0.5353 -1.3118 -0.2973 20.996626 105.5403135 20190811062146 
1 -0.3914 -1.1526 -0.1310 20.996626 105.5403135 20190811062146 
1 -0.3770 -0.8051 -0.2588 20.996626 105.5403135 20190811062146 
1 -0.5325 -1.0463 -0.4860 20.996626 105.5403135 20190811062146 
1 -0.2307 -0.8205 0.1835 20.996626 105.5403135 20190811062146 
1 -0.6296 -0.8236 -0.1632 20.996626 105.5403135 20190811062146 
1 -0.2943 -0.8224 -0.0114 20.996626 105.5403135 20190811062146 
1 -0.7342 -0.8973 0.2981 20.996626 105.5403135 20190811062146 
1 -0.2470 -0.9977 0.2851 20.9967487 105.5402772 20190811062146 
1 -0.5424 -1.0506 0.0986 20.9967487 105.5402772 20190811062146 
1 -0.2786 -1.1394 0.6043 20.9967487 105.5402772 20190811062146 
1 -0.7194 -1.0606 0.2872 20.9967487 105.5402772 20190811062146 
1 -0.2150 -0.6870 -0.8277 20.9967487 105.5402772 20190811062146 
1 -0.7081 -0.6187 -0.2729 20.9967487 105.5402772 20190811062146 
1 -0.4808 -0.7200 0.1859 20.9967487 105.5402772 20190811062146 
1 -0.2961 -0.8190 -0.0387 20.9967487 105.5402772 20190811062146 
1 -0.5756 -0.6082 -0.1722 20.9967487 105.5402772 20190811062146 
1 -0.3983 -0.6051 -0.1588 20.9967487 105.5402772 20190811062146 
1 -0.3257 -0.5813 -0.6386 20.9967487 105.5402772 20190811062146 
1 -0.4584 -0.8794 -0.0691 20.9967487 105.5402772 20190811062146 
1 -0.4035 -0.7844 0.4546 20.9967487 105.5402772 20190811062146 
1 -0.7022 -0.5150 -0.5292 20.9967487 105.5402772 20190811062146 
1 -0.1898 -0.4362 -0.6874 20.9967487 105.5402772 20190811062147 
1 -0.7252 -0.4985 -0.3198 20.9967487 105.5402772 20190811062147 
1 -0.2762 -0.5812 -0.0743 20.9967487 105.5402772 20190811062147 
1 -0.5806 -0.4736 -0.3880 20.9967487 105.5402772 20190811062147 
1 -0.4196 -0.3878 -0.2599 20.9967487 105.5402772 20190811062147 
1 -0.4113 -0.3887 -0.1381 20.9967487 105.5402772 20190811062147 
1 -0.2010 -0.2187 0.0208 20.9967487 105.5402772 20190811062147 
1 -0.3554 -0.3387 -0.0748 20.9967487 105.5402772 20190811062147 
1 -0.5490 -0.2585 -0.1795 20.9967487 105.5402772 20190811062147 
1 -0.2968 -0.0500 -0.4486 20.9967487 105.5402772 20190811062147 
1 -0.5135 -0.1374 -0.4094 20.9967487 105.5402772 20190811062147 
1 -0.3789 -0.1606 0.1831 20.9967487 105.5402772 20190811062147 
1 -0.4758 -0.1973 0.4381 20.9967487 105.5402772 20190811062147 
1 -0.2429 0.2251 0.2882 20.9967487 105.5402772 20190811062147 
1 -0.3687 -0.0904 0.3992 20.9967487 105.5402772 20190811062147 
1 -0.1922 -0.2061 0.3908 20.9967487 105.5402772 20190811062147 
1 -0.3752 -0.2427 -0.0071 20.9967487 105.5402772 20190811062147 
1 0.0595 -0.2511 0.4017 20.9967487 105.5402772 20190811062147 
1 -0.4449 -0.1884 0.1906 20.9967487 105.5402772 20190811062147 
1 -0.3526 -0.1798 0.3158 20.9967487 105.5402772 20190811062147 
1 -0.0478 -0.1559 0.3757 20.9967487 105.5402772 20190811062147 
1 -0.6122 -0.2219 0.6917 20.9967487 105.5402772 20190811062147 
1 -0.3494 -0.1793 0.6528 20.9967487 105.5402772 20190811062147 
1 -0.2926 -0.1894 0.1726 20.9967487 105.5402772 20190811062147 
1 -0.2631 -0.2300 0.2566 20.9967487 105.5402772 20190811062147 
1 -0.4367 -0.3006 0.2261 20.9967487 105.5402772 20190811062147 
1 -0.2296 -0.1365 -0.0450 20.9967487 105.5402772 20190811062147 
1 -0.4031 -0.3531 0.1189 20.9967487 105.5402772 20190811062147 
1 -0.4040 -0.2455 0.2392 20.9967487 105.5402772 20190811062147 
1 -0.3559 -0.2473 0.0145 20.9967487 105.5402772 20190811062147 
1 -0.5543 -0.2165 0.1945 20.9967487 105.5402772 20190811062147 
1 -0.3611 -0.2427 0.1790 20.9967487 105.5402772 20190811062147 
1 -0.2708 -0.1160 -0.5099 20.9967487 105.5402772 20190811062147 
1 -0.2001 -0.2462 -0.4012 20.9967487 105.5402772 20190811062147 
1 -0.2485 -0.2137 -0.1385 20.9968839 105.5402315 20190811062147 
1 -0.3499 -0.1738 -0.3878 20.9968839 105.5402315 20190811062147 
1 -0.3876 -0.2409 0.1795 20.9968839 105.5402315 20190811062147 
1 -0.2754 -0.1890 0.3324 20.9968839 105.5402315 20190811062147 
1 -0.5830 -0.1805 -0.0311 20.9968839 105.5402315 20190811062147 
1 -0.3891 -0.2578 -0.1134 20.9968839 105.5402315 20190811062147 
1 -0.5363 -0.3050 0.0753 20.9968839 105.5402315 20190811062147 
1 -0.2449 -0.1291 -0.5507 20.9968839 105.5402315 20190811062147 
1 -0.4417 -0.3894 -0.0873 20.9968839 105.5402315 20190811062147 
1 -0.4833 -0.0934 -0.1427 20.9968839 105.5402315 20190811062147 
1 -0.2049 -0.2409 -0.1163 20.9968839 105.5402315 20190811062147 
1 -0.5791 -0.2095 0.2732 20.9968839 105.5402315 20190811062147 
1 -0.3843 -0.2857 0.5944 20.9968839 105.5402315 20190811062147 
1 -0.4086 -0.1425 0.0337 20.9968839 105.5402315 20190811062147 
1 -0.5548 -0.1815 -0.1091 20.9968839 105.5402315 20190811062148 
1 -0.5929 -0.4026 0.2830 20.9968839 105.5402315 20190811062148 
1 -0.0220 -0.0318 -0.1273 20.9968839 105.5402315 20190811062148 
1 -0.4255 -0.2890 0.0415 20.9968839 105.5402315 20190811062148 
1 -0.3754 -0.0639 0.1077 20.9968839 105.5402315 20190811062148 
1 0.1929 -0.1846 -0.0431 20.9968839 105.5402315 20190811062148 
1 -0.2142 -0.2003 0.5924 20.9968839 105.5402315 20190811062148 
1 -0.4171 -0.1035 0.1578 20.9968839 105.5402315 20190811062148 
1 -0.3944 -0.2001 -0.9804 20.9968839 105.5402315 20190811062148 
1 -0.4541 -0.0382 -1.0024 20.9968839 105.5402315 20190811062148 
1 -0.7648 -0.3227 0.0296 20.9968839 105.5402315 20190811062148 
1 0.0408 -0.0314 -0.2133 20.9968839 105.5402315 20190811062148 
1 -0.5314 -0.2652 -0.5395 20.9968839 105.5402315 20190811062148 
1 0.0577 -0.1725 -0.6774 20.9968839 105.5402315 20190811062148 
1 -0.0050 -0.1816 -0.3928 20.9968839 105.5402315 20190811062148 
1 -0.1783 -0.2323 0.3773 20.9968839 105.5402315 20190811062148 
1 -0.5878 -0.2762 -0.2814 20.9968839 105.5402315 20190811062148 
1 -0.6770 -0.2474 -0.9048 20.9968839 105.5402315 20190811062148 
1 -0.6310 -0.3327 -0.2285 20.9968839 105.5402315 20190811062148 
1 -0.5141 -0.3302 0.1103 20.9968839 105.5402315 20190811062148 
1 -0.3473 -0.2907 -0.0074 20.9968839 105.5402315 20190811062148 
1 -0.2722 -0.1767 0.1948 20.9968839 105.5402315 20190811062148 
1 -0.5381 -0.2533 0.6612 20.9968839 105.5402315 20190811062148 
1 -0.0865 -0.0910 0.7220 20.9968839 105.5402315 20190811062148 
1 -0.3071 -0.1262 0.4780 20.9968839 105.5402315 20190811062148 
1 -0.3536 -0.1839 0.2722 20.9968839 105.5402315 20190811062148 
1 -0.3029 0.0202 0.2420 20.9968839 105.5402315 20190811062148 
1 -0.3413 -0.1109 0.1862 20.9968839 105.5402315 20190811062148 
1 -0.4369 -0.2465 0.2328 20.9968839 105.5402315 20190811062148 
1 -0.1210 -0.0549 -0.2056 20.9968839 105.5402315 20190811062148 
1 -0.2882 -0.4468 -0.0240 20.9968839 105.5402315 20190811062148 
1 -0.2831 -0.1031 0.1191 20.9968839 105.5402315 20190811062148 
1 0.1272 -0.1135 -0.3247 20.9968839 105.5402315 20190811062148 
1 0.0148 -0.2249 -0.2412 20.9968839 105.5402315 20190811062148 
1 -0.2576 -0.1676 -0.4383 20.9968839 105.5402315 20190811062148 
1 -0.0045 -0.2131 -0.5605 20.9970268 105.5401837 20190811062148 
1 -0.2763 -0.1547 -0.2071 20.9970268 105.5401837 20190811062148 
1 -0.1901 -0.3125 0.0161 20.9970268 105.5401837 20190811062148 
1 0.0365 -0.1376 -0.1402 20.9970268 105.5401837 20190811062148 
1 -0.0347 -0.2116 -0.3889 20.9970268 105.5401837 20190811062148 
1 -0.0341 -0.2801 -0.6151 20.9970268 105.5401837 20190811062148 
1 -0.0372 -0.3040 -0.0881 20.9970268 105.5401837 20190811062148 
1 -0.0986 -0.2684 0.2224 20.9970268 105.5401837 20190811062148 
1 -0.0634 -0.1066 -0.0818 20.9970268 105.5401837 20190811062148 
1 -0.2954 -0.2184 0.2744 20.9970268 105.5401837 20190811062148 
1 0.0410 -0.2020 0.8366 20.9970268 105.5401837 20190811062148 
1 -0.2543 -0.1402 0.2568 20.9970268 105.5401837 20190811062148 
1 -0.3796 -0.2890 0.0233 20.9970268 105.5401837 20190811062148 
1 -0.2697 -0.1464 0.0058 20.9970268 105.5401837 20190811062148 
1 -0.3605 -0.1505 0.2738 20.9970268 105.5401837 20190811062148 
1 -0.2411 -0.2383 0.6377 20.9970268 105.5401837 20190811062148 
1 -0.4001 -0.1421 0.1823 20.9970268 105.5401837 20190811062149 
1 -0.3172 -0.2873 0.2681 20.9970268 105.5401837 20190811062149 
1 -0.3155 -0.2655 0.6525 20.9970268 105.5401837 20190811062149 
1 -0.2540 -0.1679 0.2389 20.9970268 105.5401837 20190811062149 
1 -0.2778 -0.1311 -0.3897 20.9970268 105.5401837 20190811062149 
1 -0.3578 -0.3096 -0.3837 20.9970268 105.5401837 20190811062149 
1 -0.2112 -0.1658 -0.1762 20.9970268 105.5401837 20190811062149 
1 -0.3976 -0.1875 -0.0653 20.9970268 105.5401837 20190811062149 
1 -0.2792 -0.2408 0.0226 20.9970268 105.5401837 20190811062149 
1 -0.1729 -0.1196 -0.1660 20.9970268 105.5401837 20190811062149 
1 -0.1385 -0.2121 -0.1204 20.9970268 105.5401837 20190811062149 
1 0.0384 -0.2543 -0.0755 20.9970268 105.5401837 20190811062149 
1 -0.1562 -0.2550 -0.5040 20.9970268 105.5401837 20190811062149 
1 -0.1704 -0.3570 -0.1622 20.9970268 105.5401837 20190811062149 
1 -0.0812 -0.2333 0.1907 20.9970268 105.5401837 20190811062149 
1 -0.2256 -0.2006 -0.1579 20.9970268 105.5401837 20190811062149 
1 -0.1914 -0.2620 -0.1034 20.9970268 105.5401837 20190811062149 
1 0.0128 -0.2389 -0.0070 20.9970268 105.5401837 20190811062149 
1 -0.2663 -0.2506 0.1266 20.9970268 105.5401837 20190811062149 
1 -0.1963 -0.1616 0.1491 20.9970268 105.5401837 20190811062149 
1 -0.2124 -0.1600 -0.2153 20.9970268 105.5401837 20190811062149 
1 -0.0419 -0.2768 0.3319 20.9970268 105.5401837 20190811062149 
1 -0.0690 -0.1675 0.3692 20.9970268 105.5401837 20190811062149 
1 -0.3255 -0.0865 -0.4815 20.9970268 105.5401837 20190811062149 
1 -0.3279 -0.3103 -0.4808 20.9970268 105.5401837 20190811062149 
1 -0.3418 -0.3323 0.2978 20.9970268 105.5401837 20190811062149 
1 -0.2008 -0.0808 0.2003 20.9970268 105.5401837 20190811062149 
1 -0.4602 -0.2807 -0.3672 20.9970268 105.5401837 20190811062149 
1 -0.0007 -0.2253 -0.8184 20.9970268 105.5401837 20190811062149 
1 -0.5530 -0.3699 0.2546 20.9970268 105.5401837 20190811062149 
1 -0.0932 -0.0650 0.1205 20.9970268 105.5401837 20190811062149 
1 -0.3116 -0.1597 -0.7355 20.9970268 105.5401837 20190811062149 
1 -0.3680 -0.4351 0.1910 20.9970268 105.5401837 20190811062149 
1 -0.3839 -0.2647 0.7796 20.9970268 105.5401837 20190811062149 
1 -0.1480 -0.0250 0.4299 20.9970268 105.5401837 20190811062149 
1 -0.7327 -0.2490 -0.3541 20.9971716 105.5401318 20190811062149 
1 -0.0364 -0.3766 -0.4063 20.9971716 105.5401318 20190811062149 
1 -0.2492 -0.1275 -0.2552 20.9971716 105.5401318 20190811062149 
1 -0.3078 -0.1118 0.0420 20.9971716 105.5401318 20190811062149 
1 -0.0732 -0.2565 0.0833 20.9971716 105.5401318 20190811062149 
1 -0.3576 -0.2834 0.0965 20.9971716 105.5401318 20190811062149 
1 -0.2823 -0.1185 0.0040 20.9971716 105.5401318 20190811062149 
1 0.0544 -0.1203 -0.1375 20.9971716 105.5401318 20190811062149 
1 -0.3533 -0.3965 0.0562 20.9971716 105.5401318 20190811062149 
1 -0.1416 -0.1642 -0.2569 20.9971716 105.5401318 20190811062149 
1 -0.2716 -0.1202 -0.2002 20.9971716 105.5401318 20190811062149 
1 -0.1916 -0.1970 0.0649 20.9971716 105.5401318 20190811062149 
1 -0.0787 -0.1425 -0.2969 20.9971716 105.5401318 20190811062149 
1 -0.2776 -0.2442 -0.0331 20.9971716 105.5401318 20190811062149 
1 -0.0618 -0.1723 0.1073 20.9971716 105.5401318 20190811062149 
1 -0.3034 -0.3530 -0.0170 20.9971716 105.5401318 20190811062150 
1 -0.2376 -0.2604 0.0229 20.9971716 105.5401318 20190811062150 
1 -0.3644 -0.2204 0.1558 20.9971716 105.5401318 20190811062150 
1 -0.2124 -0.2492 0.1953 20.9971716 105.5401318 20190811062150 
1 -0.1398 -0.1535 -0.1289 20.9971716 105.5401318 20190811062150 
1 -0.3191 -0.2955 -0.2532 20.9971716 105.5401318 20190811062150 
1 -0.6300 -0.1420 0.1008 20.9971716 105.5401318 20190811062150 
1 -0.1046 -0.1767 0.4173 20.9971716 105.5401318 20190811062150 
1 -0.3215 -0.1094 0.2154 20.9971716 105.5401318 20190811062150 
1 -0.3738 -0.3385 0.3111 20.9971716 105.5401318 20190811062150 
1 -0.1350 -0.1626 0.2693 20.9971716 105.5401318 20190811062150 
1 -0.1856 -0.1832 -0.2478 20.9971716 105.5401318 20190811062150 
1 -0.4594 -0.2966 -0.1317 20.9971716 105.5401318 20190811062150 
1 -0.0921 0.0026 -0.2195 20.9971716 105.5401318 20190811062150 
1 -0.5094 -0.2920 0.0818 20.9971716 105.5401318 20190811062150 
1 -0.0566 -0.0910 0.3455 20.9971716 105.5401318 20190811062150 
1 -0.4812 -0.2412 -0.3195 20.9971716 105.5401318 20190811062150 
1 -0.0863 -0.2717 0.1653 20.9971716 105.5401318 20190811062150 
1 -0.2411 -0.0784 0.0473 20.9971716 105.5401318 20190811062150 
1 -0.0903 -0.3957 -0.0976 20.9971716 105.5401318 20190811062150 
1 -0.2085 -0.1866 -0.4435 20.9971716 105.5401318 20190811062150 
1 -0.4115 -0.3449 -0.0454 20.9971716 105.5401318 20190811062150 
1 -0.0956 -0.2818 0.6544 20.9971716 105.5401318 20190811062150 
1 -0.2125 -0.0504 -0.0487 20.9971716 105.5401318 20190811062150 
1 -0.2200 -0.3881 0.0198 20.9971716 105.5401318 20190811062150 
1 -0.1797 -0.2028 0.5749 20.9971716 105.5401318 20190811062150 
1 0.0003 -0.2166 0.1994 20.9971716 105.5401318 20190811062150 
1 -0.4074 -0.2632 0.3146 20.9971716 105.5401318 20190811062150 
1 -0.0410 -0.1050 0.3230 20.9971716 105.5401318 20190811062150 
1 -0.1989 -0.2808 0.1922 20.9971716 105.5401318 20190811062150 
1 -0.0028 -0.0341 0.1967 20.9971716 105.5401318 20190811062150 
1 -0.4708 -0.2368 0.3490 20.9971716 105.5401318 20190811062150 
1 -0.1249 -0.1098 0.3285 20.9971716 105.5401318 20190811062150 
1 -0.1462 0.0244 -0.5653 20.9971716 105.5401318 20190811062150 
1 -0.2521 -0.3750 -0.1039 20.9971716 105.5401318 20190811062150 
1 -0.3332 -0.2234 0.2345 20.9973377 105.5400708 20190811062150 
1 -0.1234 -0.2400 -0.5684 20.9973377 105.5400708 20190811062150 
1 -0.3493 -0.3634 -0.4062 20.9973377 105.5400708 20190811062150 
1 -0.4282 -0.2003 -0.1641 20.9973377 105.5400708 20190811062150 
1 -0.0532 -0.3505 -0.1266 20.9973377 105.5400708 20190811062150 
1 -0.2563 -0.1534 -0.1771 20.9973377 105.5400708 20190811062150 
1 -0.3264 -0.2725 -0.0809 20.9973377 105.5400708 20190811062150 
1 -0.3459 -0.1523 0.2678 20.9973377 105.5400708 20190811062150 
1 -0.2900 -0.0122 0.1037 20.9973377 105.5400708 20190811062150 
1 -0.3180 -0.2835 -0.1547 20.9973377 105.5400708 20190811062150 
1 -0.3678 -0.0501 -0.1352 20.9973377 105.5400708 20190811062150 
1 -0.5835 -0.2453 0.1259 20.9973377 105.5400708 20190811062150 
1 -0.1513 -0.1381 0.3952 20.9973377 105.5400708 20190811062151 
1 -0.4814 -0.1803 0.3397 20.9973377 105.5400708 20190811062151 
1 -0.1772 -0.3151 0.2917 20.9973377 105.5400708 20190811062151 
1 -0.1747 -0.1507 -0.0699 20.9973377 105.5400708 20190811062151 
1 -0.4642 -0.2848 0.0140 20.9973377 105.5400708 20190811062151 
1 -0.1985 -0.2703 0.2681 20.9973377 105.5400708 20190811062151 
1 -0.2100 -0.0229 0.0033 20.9973377 105.5400708 20190811062151 
1 -0.4115 -0.2023 0.4001 20.9973377 105.5400708 20190811062151 
1 0.1365 -0.1226 0.3786 20.9973377 105.5400708 20190811062151 
1 -0.4477 -0.1978 -0.1280 20.9973377 105.5400708 20190811062151 
1 0.0239 -0.1468 0.1478 20.9973377 105.5400708 20190811062151 
1 -0.3142 -0.0813 -0.2164 20.9973377 105.5400708 20190811062151 
1 -0.2461 -0.3340 -0.1095 20.9973377 105.5400708 20190811062151 
1 -0.0624 -0.3957 0.1661 20.9973377 105.5400708 20190811062151 
1 -0.5709 -0.5366 -0.1857 20.9973377 105.5400708 20190811062151 
1 -0.0801 -0.8019 -0.1927 20.9973377 105.5400708 20190811062151 
1 -0.2358 -0.9672 -0.1061 20.9973377 105.5400708 20190811062151 
1 -0.0311 -1.1421 0.1708 20.9973377 105.5400708 20190811062151 
1 -0.4882 -1.1799 -0.3764 20.9973377 105.5400708 20190811062151 
1 -0.3380 -1.3014 -0.3476 20.9973377 105.5400708 20190811062151 
1 -0.0968 -1.0423 -0.3689 20.9973377 105.5400708 20190811062151 
1 -0.5497 -1.0314 -0.2782 20.9973377 105.5400708 20190811062151 
1 -0.1141 -0.8961 0.0299 20.9973377 105.5400708 20190811062151 
1 -0.4284 -0.7922 -0.1885 20.9973377 105.5400708 20190811062151 
1 -0.1557 -1.0361 0.0320 20.9973377 105.5400708 20190811062151 
1 -0.5350 -0.9031 -0.1351 20.9973377 105.5400708 20190811062151 
1 -0.2622 -1.1265 -0.1967 20.9973377 105.5400708 20190811062151 
1 -0.1293 -1.2746 -0.1696 20.9973377 105.5400708 20190811062151 
1 -0.4025 -1.2455 -0.3089 20.9973377 105.5400708 20190811062151 
1 -0.5258 -1.4588 -0.1946 20.9973377 105.5400708 20190811062151 
1 -0.1281 -1.3550 -0.2571 20.9973377 105.5400708 20190811062151 
1 -0.4051 -1.4746 -0.1536 20.9973377 105.5400708 20190811062151 
1 -0.2423 -1.3265 -0.3361 20.9973377 105.5400708 20190811062151 
1 -0.3936 -1.3535 -0.9894 20.9973377 105.5400708 20190811062151 
1 -0.3820 -1.5719 -0.8443 20.9973377 105.5400708 20190811062151 
1 -0.1908 -1.4176 -0.6257 20.9973377 105.5400708 20190811062151 
1 -0.3669 -1.4319 -0.3165 20.9973377 105.5400708 20190811062151 
1 -0.3430 -1.4046 -0.3709 20.9975097 105.5399958 20190811062151 
1 -0.3170 -1.5627 0.2113 20.9975097 105.5399958 20190811062151 
1 -0.5126 -1.6238 0.1831 20.9975097 105.5399958 20190811062151 
1 0.0519 -1.2785 -1.0079 20.9975097 105.5399958 20190811062151 
1 -0.6213 -2.0012 -0.2431 20.9975097 105.5399958 20190811062151 
1 -0.1082 -1.7785 0.3728 20.9975097 105.5399958 20190811062151 
1 -0.3646 -1.4051 0.0995 20.9975097 105.5399958 20190811062151 
1 -0.0169 -1.5327 0.2544 20.9975097 105.5399958 20190811062151 
1 -0.4597 -1.4994 0.8637 20.9975097 105.5399958 20190811062151 
1 0.1068 -1.4068 1.1473 20.9975097 105.5399958 20190811062151 
1 0.0675 -1.3302 0.3381 20.9975097 105.5399958 20190811062151 
1 -0.3840 -1.7228 0.5828 20.9975097 105.5399958 20190811062151 
1 -0.0447 -1.5827 0.6245 20.9975097 105.5399958 20190811062151 
1 -0.0413 -1.4246 0.6933 20.9975097 105.5399958 20190811062151 
1 -0.0929 -1.4161 0.4452 20.9975097 105.5399958 20190811062151 
1 -0.0039 -1.2249 0.1691 20.9975097 105.5399958 20190811062152 
1 0.0433 -1.3868 0.2471 20.9975097 105.5399958 20190811062152 
1 -0.0520 -1.5391 0.7066 20.9975097 105.5399958 20190811062152 
1 -0.0045 -1.2283 -0.0090 20.9975097 105.5399958 20190811062152 
1 0.1304 -1.2516 -0.3442 20.9975097 105.5399958 20190811062152 
1 -0.1948 -1.5879 0.3065 20.9975097 105.5399958 20190811062152 
1 -0.0963 -1.3638 0.4144 20.9975097 105.5399958 20190811062152 
1 -0.0644 -1.1679 -0.6241 20.9975097 105.5399958 20190811062152 
1 0.1808 -1.5207 -0.1651 20.9975097 105.5399958 20190811062152 
1 -0.0830 -1.4346 0.0057 20.9975097 105.5399958 20190811062152 
1 0.0649 -1.2602 -0.3305 20.9975097 105.5399958 20190811062152 
1 -0.0201 -1.4641 -0.1913 20.9975097 105.5399958 20190811062152 
1 0.0351 -1.3139 0.4574 20.9975097 105.5399958 20190811062152 
1 0.0048 -1.1777 -0.0530 20.9975097 105.5399958 20190811062152 
1 0.1938 -1.3850 0.0357 20.9975097 105.5399958 20190811062152 
1 0.0979 -1.3089 0.1614 20.9975097 105.5399958 20190811062152 
1 0.2696 -1.2556 -0.0137 20.9975097 105.5399958 20190811062152 
1 0.1200 -1.4099 0.0303 20.9975097 105.5399958 20190811062152 
1 0.2275 -1.1971 -0.2093 20.9975097 105.5399958 20190811062152 
1 0.1866 -1.3958 -0.0598 20.9975097 105.5399958 20190811062152 
1 0.2680 -1.3257 -0.3034 20.9975097 105.5399958 20190811062152 
1 0.4305 -1.2526 -0.3486 20.9975097 105.5399958 20190811062152 
1 0.4754 -1.1870 -0.2011 20.9975097 105.5399958 20190811062152 
1 0.4371 -1.2886 0.2631 20.9975097 105.5399958 20190811062152 
1 0.3285 -1.3683 0.1378 20.9975097 105.5399958 20190811062152 
1 0.4275 -1.1000 -0.5291 20.9975097 105.5399958 20190811062152 
1 0.3566 -1.2136 -0.2512 20.9975097 105.5399958 20190811062152 
1 0.1710 -1.1725 0.2878 20.9975097 105.5399958 20190811062152 
1 0.3770 -1.2331 0.2637 20.9975097 105.5399958 20190811062152 
1 0.2484 -1.1754 -0.3975 20.9975097 105.5399958 20190811062152 
1 0.1018 -1.1974 -0.1497 20.9975097 105.5399958 20190811062152 
1 0.1237 -1.2999 0.2533 20.9975097 105.5399958 20190811062152 
1 0.4506 -0.9839 0.0087 20.9975097 105.5399958 20190811062152 
1 0.0774 -0.9524 -0.3765 20.9975097 105.5399958 20190811062152 
1 0.0774 -1.1725 0.2009 20.9975097 105.5399958 20190811062152 
1 0.0520 -1.2526 0.2302 20.9975097 105.5399958 20190811062152 
1 0.3300 -1.1021 0.1254 20.997681 105.5399147 20190811062152 
1 0.2314 -1.1296 0.1376 20.997681 105.5399147 20190811062152 
1 0.1928 -1.2308 0.4714 20.997681 105.5399147 20190811062152 
1 0.2388 -1.0432 0.0999 20.997681 105.5399147 20190811062152 
1 0.4184 -0.7897 0.2225 20.997681 105.5399147 20190811062152 
1 0.3924 -0.7459 -0.1630 20.997681 105.5399147 20190811062152 
1 0.4385 -1.3585 0.4909 20.997681 105.5399147 20190811062152 
1 0.3041 -1.2370 0.4475 20.997681 105.5399147 20190811062152 
1 0.5932 -0.7416 -0.4178 20.997681 105.5399147 20190811062152 
1 0.2768 -1.2165 0.2053 20.997681 105.5399147 20190811062152 
1 0.5275 -0.9377 0.3137 20.997681 105.5399147 20190811062152 
1 0.6790 -0.9703 -0.4413 20.997681 105.5399147 20190811062152 
1 0.1594 -0.9789 -0.6742 20.997681 105.5399147 20190811062152 
1 0.1998 -1.1132 0.7677 20.997681 105.5399147 20190811062152 
1 0.5939 -0.9185 0.1389 20.997681 105.5399147 20190811062153 
1 0.3627 -0.9190 -0.1896 20.997681 105.5399147 20190811062153 
1 -0.0244 -1.0837 0.3761 20.997681 105.5399147 20190811062153 
1 0.6041 -0.7972 0.1595 20.997681 105.5399147 20190811062153 
1 0.3254 -1.0365 -0.4668 20.997681 105.5399147 20190811062153 
1 -0.0314 -1.1488 -0.2281 20.997681 105.5399147 20190811062153 
1 0.3819 -0.9906 -0.0476 20.997681 105.5399147 20190811062153 
1 0.4829 -0.9105 -0.1200 20.997681 105.5399147 20190811062153 
1 0.1467 -0.9297 0.3007 20.997681 105.5399147 20190811062153 
1 0.1354 -0.9562 0.1909 20.997681 105.5399147 20190811062153 
1 0.4339 -0.8854 -0.0038 20.997681 105.5399147 20190811062153 
1 0.3193 -0.8370 -0.1746 20.997681 105.5399147 20190811062153 
1 0.2277 -0.9861 0.1126 20.997681 105.5399147 20190811062153 
1 0.1403 -1.0568 0.0366 20.997681 105.5399147 20190811062153 
1 0.4136 -1.1008 -0.0354 20.997681 105.5399147 20190811062153 
1 0.0784 -0.9593 -0.1311 20.997681 105.5399147 20190811062153 
1 0.3231 -0.8506 -0.4916 20.997681 105.5399147 20190811062153 
1 0.3080 -1.1821 -0.5513 20.997681 105.5399147 20190811062153 
1 0.2535 -1.2690 -0.2925 20.997681 105.5399147 20190811062153 
1 0.1678 -1.1345 -0.2542 20.997681 105.5399147 20190811062153 
1 0.3361 -1.2381 -0.0924 20.997681 105.5399147 20190811062153 
1 0.5567 -1.1749 0.0043 20.997681 105.5399147 20190811062153 
1 0.0904 -1.0221 -0.1737 20.997681 105.5399147 20190811062153 
1 0.3461 -1.0625 -0.0572 20.997681 105.5399147 20190811062153 
1 0.2824 -0.9520 -0.2064 20.997681 105.5399147 20190811062153 
1 0.4647 -0.8705 -0.3576 20.997681 105.5399147 20190811062153 
1 0.1857 -0.9918 -0.1896 20.997681 105.5399147 20190811062153 
1 0.3745 -0.9830 0.1149 20.997681 105.5399147 20190811062153 
1 0.2936 -0.9188 -0.1103 20.997681 105.5399147 20190811062153 
1 0.4142 -1.0436 0.1599 20.997681 105.5399147 20190811062153 
1 -0.0030 -0.8785 0.1175 20.997681 105.5399147 20190811062153 
1 0.6012 -0.9391 -0.0155 20.997681 105.5399147 20190811062153 
1 0.4116 -1.1530 -0.0398 20.9978554 105.5398405 20190811062153 
1 0.3737 -1.2712 0.1899 20.9978554 105.5398405 20190811062153 
1 0.3254 -1.2635 0.0015 20.9978554 105.5398405 20190811062153 
1 0.5563 -1.0687 0.1166 20.9978554 105.5398405 20190811062153 
1 0.4143 -1.0903 0.6390 20.9978554 105.5398405 20190811062153 
1 0.3014 -0.9958 0.2973 20.9978554 105.5398405 20190811062153 
1 0.5796 -1.0149 0.4848 20.9978554 105.5398405 20190811062153 
1 0.3474 -0.8812 0.7155 20.9978554 105.5398405 20190811062153 
1 0.7623 -0.7152 0.3166 20.9978554 105.5398405 20190811062153 
1 0.3750 -1.0344 0.0778 20.9978554 105.5398405 20190811062153 
1 0.5683 -1.0594 0.2994 20.9978554 105.5398405 20190811062153 
1 0.4306 -1.0344 0.1376 20.9978554 105.5398405 20190811062153 
1 0.6387 -1.0266 0.0482 20.9978554 105.5398405 20190811062153 
1 0.5494 -1.0578 0.1987 20.9978554 105.5398405 20190811062153 
1 0.4565 -1.1249 0.1806 20.9978554 105.5398405 20190811062153 
1 0.3951 -0.9870 -0.1224 20.9978554 105.5398405 20190811062153 
1 0.5300 -0.8598 -0.4836 20.9978554 105.5398405 20190811062154 
1 0.4043 -0.8579 -0.2239 20.9978554 105.5398405 20190811062154 
1 0.5548 -0.9620 0.0716 20.9978554 105.5398405 20190811062154 
1 0.4506 -0.9715 -0.4731 20.9978554 105.5398405 20190811062154 
1 0.4195 -0.8976 -0.6584 20.9978554 105.5398405 20190811062154 
1 0.2924 -1.0357 -0.2443 20.9978554 105.5398405 20190811062154 
1 0.3314 -1.1579 0.0658 20.9978554 105.5398405 20190811062154 
1 0.5719 -0.9857 -0.7076 20.9978554 105.5398405 20190811062154 
1 0.5041 -1.0183 -0.4100 20.9978554 105.5398405 20190811062154 
1 0.5313 -1.0031 0.0995 20.9978554 105.5398405 20190811062154 
1 0.3254 -1.0784 0.1378 20.9978554 105.5398405 20190811062154 
1 0.6802 -1.0337 0.1523 20.9978554 105.5398405 20190811062154 
1 0.4280 -0.8415 -0.0478 20.9978554 105.5398405 20190811062154 
1 0.3607 -1.0968 0.4544 20.9978554 105.5398405 20190811062154 
1 0.6264 -0.8705 0.2288 20.9978554 105.5398405 20190811062154 
1 0.4380 -1.0738 0.2128 20.9978554 105.5398405 20190811062154 
1 0.1897 -1.0262 0.0553 20.9978554 105.5398405 20190811062154 
1 0.3512 -1.0487 0.4294 20.9978554 105.5398405 20190811062154 
1 0.6429 -1.0649 0.5704 20.9978554 105.5398405 20190811062154 
1 0.1255 -0.8549 -0.0352 20.9978554 105.5398405 20190811062154 
1 0.3204 -1.1245 0.1077 20.9978554 105.5398405 20190811062154 
1 0.4285 -0.8537 0.1361 20.9978554 105.5398405 20190811062154 
1 0.5629 -0.7315 -0.0143 20.9978554 105.5398405 20190811062154 
1 0.2527 -0.8985 -0.1630 20.9978554 105.5398405 20190811062154 
1 0.1284 -0.9420 0.0837 20.9978554 105.5398405 20190811062154 
1 0.5531 -0.8947 -0.2415 20.9978554 105.5398405 20190811062154 
1 0.3288 -0.8838 -0.5774 20.9978554 105.5398405 20190811062154 
1 0.0508 -1.0525 -0.3147 20.9978554 105.5398405 20190811062154 
1 0.5513 -0.8822 -0.5238 20.9978554 105.5398405 20190811062154 
1 0.2351 -0.9033 -0.7916 20.9978554 105.5398405 20190811062154 
1 0.0750 -1.1224 -0.0187 20.9978554 105.5398405 20190811062154 
1 0.3432 -0.8767 -0.0798 20.9978554 105.5398405 20190811062154 
1 0.5383 -0.8549 -0.2500 20.9978554 105.5398405 20190811062154 
1 0.1090 -0.8906 -0.0992 20.9978554 105.5398405 20190811062154 
1 0.1100 -1.1095 0.6293 20.9978554 105.5398405 20190811062154 
1 0.3650 -0.8851 0.3787 20.9978554 105.5398405 20190811062154 
1 0.1209 -0.8917 0.2079 20.9980226 105.5397588 20190811062154 
1 0.4850 -0.7900 0.4446 20.9980226 105.5397588 20190811062154 
1 0.0875 -0.9186 0.5354 20.9980226 105.5397588 20190811062154 
1 0.5959 -0.9854 0.7955 20.9980226 105.5397588 20190811062154 
1 0.1900 -0.8787 -0.0180 20.9980226 105.5397588 20190811062154 
1 0.1972 -0.9974 0.5060 20.9980226 105.5397588 20190811062154 
1 0.3292 -0.6202 0.2592 20.9980226 105.5397588 20190811062154 
1 0.2749 -0.6983 -0.6659 20.9980226 105.5397588 20190811062154 
1 0.5018 -1.3259 2.0959 20.9980226 105.5397588 20190811062154 
1 0.0946 -0.9260 1.6984 20.9980226 105.5397588 20190811062154 
1 0.3146 -0.5492 -2.6219 20.9980226 105.5397588 20190811062154 
