1 0.0008 0.1707 0.0362 21.0027435 105.5409614 20190811062321 
1 0.0045 0.1558 0.0286 21.0027435 105.5409614 20190811062321 
1 -0.0364 0.1129 0.0222 21.0027435 105.5409614 20190811062321 
1 0.0474 0.1504 0.0275 21.0027435 105.5409614 20190811062322 
1 -0.0236 0.1167 -0.0342 21.0027435 105.5409614 20190811062322 
1 0.0140 0.1069 -0.0041 21.0027435 105.5409614 20190811062322 
1 0.0026 0.0929 -0.0136 21.0027435 105.5409614 20190811062322 
1 0.0593 0.0876 0.0161 21.0027435 105.5409614 20190811062322 
1 -0.0476 0.0852 -0.0197 21.0027435 105.5409614 20190811062322 
1 0.1001 0.0615 0.0119 21.0027435 105.5409614 20190811062322 
1 -0.0324 0.1023 -0.0428 21.0027435 105.5409614 20190811062322 
1 0.0325 0.0564 0.0254 21.0027435 105.5409614 20190811062322 
1 0.0319 0.1042 -0.0746 21.0027435 105.5409614 20190811062322 
1 -0.0753 0.0477 0.0222 21.0027435 105.5409614 20190811062322 
1 -0.0126 0.0618 0.0052 21.0027435 105.5409614 20190811062322 
1 -0.0334 0.0591 0.0123 21.0027435 105.5409614 20190811062322 
1 -0.0214 0.0989 0.0267 21.0027435 105.5409614 20190811062322 
1 -0.0384 0.0603 -0.0336 21.0027435 105.5409614 20190811062322 
1 0.0441 0.0753 0.0208 21.0027435 105.5409614 20190811062322 
1 -0.0913 0.0549 0.0131 21.0027435 105.5409614 20190811062322 
1 0.1104 0.0735 0.0292 21.0027435 105.5409614 20190811062322 
1 -0.0444 0.0629 -0.0256 21.0027435 105.5409614 20190811062322 
1 0.0551 0.0857 0.0397 21.0027435 105.5409614 20190811062322 
1 0.0378 0.0484 -0.0188 21.0027435 105.5409614 20190811062322 
1 0.0300 0.0317 0.0127 21.0027435 105.5409614 20190811062322 
1 -0.0311 0.0702 -0.0432 21.0027435 105.5409614 20190811062322 
1 0.0816 0.0704 0.0083 21.0027435 105.5409614 20190811062322 
1 -0.0132 0.0658 -0.0559 21.0027435 105.5409614 20190811062322 
1 -0.0637 0.0522 0.0261 21.0027435 105.5409614 20190811062322 
1 0.0638 0.1035 -0.0288 21.0027435 105.5409614 20190811062322 
1 -0.0558 0.1305 -0.0027 21.0027435 105.5409614 20190811062322 
1 0.0349 0.1227 -0.0015 21.0027435 105.5409614 20190811062322 
1 -0.0074 0.1856 -0.0136 21.0027435 105.5409614 20190811062322 
1 -0.0249 0.2069 -0.0478 21.0027435 105.5409614 20190811062322 
1 0.0186 0.2552 0.0515 21.0027435 105.5409614 20190811062322 
1 -0.0335 0.2622 -0.0243 21.0027435 105.5409614 20190811062322 
1 -0.0148 0.3223 0.0103 21.0027435 105.5409614 20190811062322 
1 0.0005 0.3591 0.0039 21.0027435 105.5409614 20190811062322 
1 -0.0259 0.3510 -0.0278 21.0027435 105.5409614 20190811062322 
1 0.0574 0.4115 0.0272 21.0027434 105.5409603 20190811062322 
1 -0.0246 0.3779 0.0199 21.0027434 105.5409603 20190811062322 
1 0.0472 0.4549 -0.0537 21.0027434 105.5409603 20190811062322 
1 0.0153 0.4598 0.0386 21.0027434 105.5409603 20190811062322 
1 0.0026 0.4343 0.0350 21.0027434 105.5409603 20190811062322 
1 0.0838 0.5200 -0.0857 21.0027434 105.5409603 20190811062322 
1 0.0266 0.5481 0.0369 21.0027434 105.5409603 20190811062322 
1 0.0732 0.5715 0.0180 21.0027434 105.5409603 20190811062322 
1 0.0081 0.6513 -0.0443 21.0027434 105.5409603 20190811062322 
1 0.0850 0.7896 -0.0373 21.0027434 105.5409603 20190811062322 
1 -0.0147 0.9101 -0.0495 21.0027434 105.5409603 20190811062322 
1 0.0481 0.9446 -0.0100 21.0027434 105.5409603 20190811062322 
1 0.1066 1.1738 -0.0703 21.0027434 105.5409603 20190811062322 
1 0.0397 1.2247 -0.0435 21.0027434 105.5409603 20190811062323 
1 0.0427 1.2898 0.0446 21.0027434 105.5409603 20190811062323 
1 0.0855 1.3710 -0.0071 21.0027434 105.5409603 20190811062323 
1 0.0618 1.3364 -0.0092 21.0027434 105.5409603 20190811062323 
1 0.0042 1.3329 0.0190 21.0027434 105.5409603 20190811062323 
1 0.0613 1.3094 0.0785 21.0027434 105.5409603 20190811062323 
1 0.0152 1.2953 -0.0049 21.0027434 105.5409603 20190811062323 
1 -0.0586 1.3326 0.0166 21.0027434 105.5409603 20190811062323 
1 0.0844 1.2765 0.0193 21.0027434 105.5409603 20190811062323 
1 -0.0269 1.3259 0.0551 21.0027434 105.5409603 20190811062323 
1 0.1016 1.3376 -0.0558 21.0027434 105.5409603 20190811062323 
1 -0.0108 1.3295 -0.0892 21.0027434 105.5409603 20190811062323 
1 0.0410 1.3641 0.0295 21.0027434 105.5409603 20190811062323 
1 0.0679 1.2880 -0.0855 21.0027434 105.5409603 20190811062323 
1 -0.1430 1.3867 -0.0572 21.0027434 105.5409603 20190811062323 
1 0.2219 1.3424 0.0303 21.0027434 105.5409603 20190811062323 
1 -0.0693 1.3755 -0.0712 21.0027434 105.5409603 20190811062323 
1 0.0213 1.3208 0.0987 21.0027434 105.5409603 20190811062323 
1 0.2111 1.3241 -0.0933 21.0027434 105.5409603 20190811062323 
1 -0.0448 1.2530 -0.0301 21.0027434 105.5409603 20190811062323 
1 0.1975 1.1812 0.0649 21.0027434 105.5409603 20190811062323 
1 0.0760 1.0366 0.0428 21.0027434 105.5409603 20190811062323 
1 0.1723 1.0000 0.0640 21.0027434 105.5409603 20190811062323 
1 0.1043 0.8974 0.0171 21.0027434 105.5409603 20190811062323 
1 0.0407 0.8876 0.1165 21.0027434 105.5409603 20190811062323 
1 0.0798 0.8425 0.0768 21.0027434 105.5409603 20190811062323 
1 -0.0020 0.8775 -0.0431 21.0027434 105.5409603 20190811062323 
1 -0.0338 0.8304 0.0943 21.0027434 105.5409603 20190811062323 
1 -0.0474 0.8501 0.0374 21.0027434 105.5409603 20190811062323 
1 -0.0197 0.8320 -0.0366 21.0027434 105.5409603 20190811062323 
1 -0.0920 0.8047 -0.0219 21.0027434 105.5409603 20190811062323 
1 0.1067 0.7716 0.0109 21.0027434 105.5409603 20190811062323 
1 -0.1394 0.7468 0.0082 21.0027434 105.5409603 20190811062323 
1 0.1158 0.6914 0.0337 21.0027434 105.5409603 20190811062323 
1 -0.1024 0.6608 -0.0279 21.0027434 105.5409603 20190811062323 
1 0.0415 0.6783 0.0265 21.0027449 105.5409615 20190811062323 
1 -0.1102 0.5912 -0.0867 21.0027449 105.5409615 20190811062323 
1 -0.0191 0.6216 -0.0838 21.0027449 105.5409615 20190811062323 
1 -0.0606 0.5871 -0.1731 21.0027449 105.5409615 20190811062323 
1 -0.0949 0.4896 -0.1111 21.0027449 105.5409615 20190811062323 
1 0.0424 0.4663 -0.0612 21.0027449 105.5409615 20190811062323 
1 -0.0305 0.4382 -0.1691 21.0027449 105.5409615 20190811062323 
1 0.0158 0.4357 -0.1310 21.0027449 105.5409615 20190811062323 
1 0.1419 0.4037 -0.1117 21.0027449 105.5409615 20190811062323 
1 -0.0490 0.3654 -0.0556 21.0027449 105.5409615 20190811062323 
1 0.0985 0.3748 -0.0380 21.0027449 105.5409615 20190811062323 
1 0.0468 0.4098 -0.0948 21.0027449 105.5409615 20190811062323 
1 -0.1808 0.3712 0.1042 21.0027449 105.5409615 20190811062323 
1 0.1551 0.3994 -0.0011 21.0027449 105.5409615 20190811062323 
1 -0.2338 0.3322 -0.0585 21.0027449 105.5409615 20190811062323 
1 0.1371 0.3611 0.0910 21.0027449 105.5409615 20190811062323 
1 -0.1539 0.3368 -0.0558 21.0027449 105.5409615 20190811062324 
1 0.1559 0.3417 0.1243 21.0027449 105.5409615 20190811062324 
1 -0.0926 0.3771 0.0601 21.0027449 105.5409615 20190811062324 
1 0.2009 0.3009 0.1801 21.0027449 105.5409615 20190811062324 
1 -0.0366 0.3811 0.0077 21.0027449 105.5409615 20190811062324 
1 0.1246 0.3712 0.1205 21.0027449 105.5409615 20190811062324 
1 0.1074 0.4336 0.1286 21.0027449 105.5409615 20190811062324 
1 -0.0601 0.3177 0.0437 21.0027449 105.5409615 20190811062324 
1 0.1376 0.3623 -0.0087 21.0027449 105.5409615 20190811062324 
1 -0.2529 0.4441 0.0415 21.0027449 105.5409615 20190811062324 
1 0.2113 0.3504 0.0830 21.0027449 105.5409615 20190811062324 
1 -0.3734 0.2976 0.0070 21.0027449 105.5409615 20190811062324 
1 0.3601 0.3819 0.0775 21.0027449 105.5409615 20190811062324 
1 -0.1308 0.4790 -0.1038 21.0027449 105.5409615 20190811062324 
1 0.2595 0.3952 -0.0586 21.0027449 105.5409615 20190811062324 
1 0.0406 0.4515 -0.0409 21.0027449 105.5409615 20190811062324 
1 0.3239 0.4787 0.1091 21.0027449 105.5409615 20190811062324 
1 -0.0407 0.5418 -0.1164 21.0027449 105.5409615 20190811062324 
1 0.0406 0.6326 0.1944 21.0027449 105.5409615 20190811062324 
1 -0.0165 0.7062 0.1167 21.0027449 105.5409615 20190811062324 
1 -0.0276 0.7454 0.0202 21.0027449 105.5409615 20190811062324 
1 0.0235 0.8476 0.0494 21.0027449 105.5409615 20190811062324 
1 -0.0104 0.7968 -0.1102 21.0027449 105.5409615 20190811062324 
1 0.0430 0.9612 0.0220 21.0027449 105.5409615 20190811062324 
1 0.1577 0.7581 -0.0013 21.0027449 105.5409615 20190811062324 
1 0.1598 0.9086 0.1468 21.0027449 105.5409615 20190811062324 
1 -0.1202 0.9425 0.0656 21.0027449 105.5409615 20190811062324 
1 0.3347 0.8062 0.1790 21.0027449 105.5409615 20190811062324 
1 -0.3241 0.8457 -0.0298 21.0027449 105.5409615 20190811062324 
1 0.3216 0.8998 0.0198 21.0027449 105.5409615 20190811062324 
1 -0.1862 0.8546 -0.2532 21.0027449 105.5409615 20190811062324 
1 0.1212 0.8542 -0.1418 21.0027449 105.5409615 20190811062324 
1 0.0369 0.9314 -0.2233 21.0027449 105.5409615 20190811062324 
1 0.1147 0.8211 -0.3947 21.0027533 105.5409732 20190811062324 
1 -0.1174 0.9238 -0.2525 21.0027533 105.5409732 20190811062324 
1 0.3983 0.8414 -0.2031 21.0027533 105.5409732 20190811062324 
1 -0.1612 0.9690 -0.3844 21.0027533 105.5409732 20190811062324 
1 0.2751 0.9278 0.0050 21.0027533 105.5409732 20190811062324 
1 0.2292 0.8549 -0.0684 21.0027533 105.5409732 20190811062324 
1 -0.1746 1.0050 -0.0131 21.0027533 105.5409732 20190811062324 
1 0.4376 0.7954 0.2523 21.0027533 105.5409732 20190811062324 
1 -0.0682 0.9557 0.2125 21.0027533 105.5409732 20190811062324 
1 0.1329 0.8555 0.1899 21.0027533 105.5409732 20190811062324 
1 0.0573 0.8944 0.1445 21.0027533 105.5409732 20190811062324 
1 -0.2021 0.8058 0.1468 21.0027533 105.5409732 20190811062324 
1 0.2173 0.8062 0.1661 21.0027533 105.5409732 20190811062324 
1 -0.1258 0.8229 0.0443 21.0027533 105.5409732 20190811062324 
1 0.1960 0.9054 0.2912 21.0027533 105.5409732 20190811062325 
1 0.2473 0.7653 -0.1018 21.0027533 105.5409732 20190811062325 
1 -0.0309 0.7823 0.2031 21.0027533 105.5409732 20190811062325 
1 0.5676 0.9091 -0.1529 21.0027533 105.5409732 20190811062325 
1 -0.1892 0.6947 -0.3152 21.0027533 105.5409732 20190811062325 
1 0.5541 0.7470 0.1533 21.0027533 105.5409732 20190811062325 
1 -0.4413 0.7505 -0.2378 21.0027533 105.5409732 20190811062325 
1 0.5111 0.8466 0.0511 21.0027533 105.5409732 20190811062325 
1 -0.2812 0.6176 -0.4856 21.0027533 105.5409732 20190811062325 
1 -0.0986 0.5880 0.0370 21.0027533 105.5409732 20190811062325 
1 0.1598 0.8651 -0.3935 21.0027533 105.5409732 20190811062325 
1 -0.4013 0.5445 -0.2153 21.0027533 105.5409732 20190811062325 
1 -0.0113 0.7331 -0.1374 21.0027533 105.5409732 20190811062325 
1 -0.0445 0.5198 -0.3288 21.0027533 105.5409732 20190811062325 
1 0.0509 0.7011 -0.1814 21.0027533 105.5409732 20190811062325 
1 -0.4769 0.4197 -0.1550 21.0027533 105.5409732 20190811062325 
1 0.3352 0.5399 0.1646 21.0027533 105.5409732 20190811062325 
1 -0.5095 0.4842 -0.1609 21.0027533 105.5409732 20190811062325 
1 0.4535 0.5851 -0.1706 21.0027533 105.5409732 20190811062325 
1 -0.3968 0.3970 -0.1910 21.0027533 105.5409732 20190811062325 
1 0.3090 0.4435 0.3407 21.0027533 105.5409732 20190811062325 
1 -0.6022 0.4253 -0.1447 21.0027533 105.5409732 20190811062325 
1 0.3198 0.4296 0.2123 21.0027533 105.5409732 20190811062325 
1 -0.2961 0.6498 -0.2185 21.0027533 105.5409732 20190811062325 
1 0.0531 0.1735 0.4452 21.0027533 105.5409732 20190811062325 
1 -0.1130 0.5975 -0.1036 21.0027533 105.5409732 20190811062325 
1 0.0306 0.3435 -0.1059 21.0027533 105.5409732 20190811062325 
1 -0.0787 0.4458 0.3310 21.0027533 105.5409732 20190811062325 
1 0.0850 0.3883 -0.2927 21.0027533 105.5409732 20190811062325 
1 0.1041 0.2316 0.0494 21.0027533 105.5409732 20190811062325 
1 -0.1047 0.4636 0.5271 21.0027533 105.5409732 20190811062325 
1 0.0267 0.1957 -0.0835 21.0027533 105.5409732 20190811062325 
1 0.1505 0.2253 0.0812 21.0027533 105.5409732 20190811062325 
1 -0.5803 0.2548 0.0734 21.0027533 105.5409732 20190811062325 
1 0.1427 0.2453 -0.1299 21.0027533 105.5409732 20190811062325 
1 -0.7476 0.1668 -0.1579 21.0027533 105.5409732 20190811062325 
1 -0.7382 0.1405 -0.1542 21.0027933 105.541036 20190811062325 
1 -0.2960 0.2980 0.1161 21.0027933 105.541036 20190811062325 
1 -0.2371 0.2851 -0.1670 21.0027933 105.541036 20190811062325 
1 0.0833 0.1842 0.1825 21.0027933 105.541036 20190811062325 
1 -0.4893 0.3693 0.3136 21.0027933 105.541036 20190811062325 
1 0.5258 0.2103 -0.1661 21.0027933 105.541036 20190811062325 
1 -0.3007 0.3725 -0.0967 21.0027933 105.541036 20190811062325 
1 0.0467 0.2324 0.3959 21.0027933 105.541036 20190811062325 
1 -0.1023 0.2476 0.0740 21.0027933 105.541036 20190811062325 
1 -0.1573 0.2474 0.0516 21.0027933 105.541036 20190811062325 
1 0.1596 0.1442 0.2544 21.0027933 105.541036 20190811062325 
1 -0.0735 0.3336 0.1781 21.0027933 105.541036 20190811062325 
1 0.2710 -0.0482 0.6381 21.0027933 105.541036 20190811062326 
1 0.1364 0.3317 0.2997 21.0027933 105.541036 20190811062326 
1 0.1442 0.1584 -0.0614 21.0027933 105.541036 20190811062326 
1 0.0323 0.1353 0.3050 21.0027933 105.541036 20190811062326 
1 0.2022 0.1818 0.2560 21.0027933 105.541036 20190811062326 
1 -0.0438 -0.0191 0.2471 21.0027933 105.541036 20190811062326 
1 -0.1496 -0.0457 0.5713 21.0027933 105.541036 20190811062326 
1 0.0269 0.0773 0.3696 21.0027933 105.541036 20190811062326 
1 -0.3164 0.0082 0.3363 21.0027933 105.541036 20190811062326 
1 -0.0278 -0.0396 0.7496 21.0027933 105.541036 20190811062326 
1 -0.0200 0.1448 0.1146 21.0027933 105.541036 20190811062326 
1 0.0655 0.0150 0.0414 21.0027933 105.541036 20190811062326 
1 -0.2383 0.0766 -0.0858 21.0027933 105.541036 20190811062326 
1 -0.0667 0.0900 -0.2511 21.0027933 105.541036 20190811062326 
1 -0.2053 -0.0150 -0.1634 21.0027933 105.541036 20190811062326 
1 -0.0976 -0.0185 -0.0133 21.0027933 105.541036 20190811062326 
1 -0.4127 0.1608 -0.2295 21.0027933 105.541036 20190811062326 
1 -0.0294 -0.2004 0.2798 21.0027933 105.541036 20190811062326 
1 -0.1555 0.0531 0.4175 21.0027933 105.541036 20190811062326 
1 0.2783 -0.0864 -0.2252 21.0027933 105.541036 20190811062326 
1 -0.0364 -0.1110 0.2092 21.0027933 105.541036 20190811062326 
1 0.0684 0.0748 0.6462 21.0027933 105.541036 20190811062326 
1 0.4975 -0.1307 0.1768 21.0027933 105.541036 20190811062326 
1 -0.3165 0.0760 0.1879 21.0027933 105.541036 20190811062326 
1 -0.0783 -0.0635 0.9722 21.0027933 105.541036 20190811062326 
1 0.1460 0.1482 0.7751 21.0027933 105.541036 20190811062326 
1 0.1909 0.0748 0.2260 21.0027933 105.541036 20190811062326 
1 0.2206 0.0146 -0.0458 21.0027933 105.541036 20190811062326 
1 0.2464 0.2924 -0.5522 21.0027933 105.541036 20190811062326 
1 -0.0168 -0.1550 -0.3776 21.0027933 105.541036 20190811062326 
1 -0.2945 0.0606 -0.2290 21.0027933 105.541036 20190811062326 
1 0.3884 0.1196 -0.8966 21.0027933 105.541036 20190811062326 
1 0.0733 -0.2871 0.0477 21.0027933 105.541036 20190811062326 
1 -0.1090 0.0049 0.2518 21.0027933 105.541036 20190811062326 
1 0.4839 -0.0547 -0.3111 21.0027933 105.541036 20190811062326 
1 -0.0131 -0.2573 0.4784 21.0028108 105.5411001 20190811062326 
1 0.2731 0.0980 0.1226 21.0028108 105.5411001 20190811062326 
1 -0.0648 -0.3220 0.0349 21.0028108 105.5411001 20190811062326 
1 -0.0804 -0.0307 0.2845 21.0028108 105.5411001 20190811062326 
1 -0.3992 -0.0592 -0.9879 21.0028108 105.5411001 20190811062326 
1 -0.3986 -0.2589 -0.7236 21.0028108 105.5411001 20190811062326 
1 -0.7206 -0.1568 -0.3494 21.0028108 105.5411001 20190811062326 
1 -0.4679 -0.1530 -0.7033 21.0028108 105.5411001 20190811062326 
1 -0.4153 -0.2859 -0.5657 21.0028108 105.5411001 20190811062326 
1 -0.2002 -0.2608 -0.2500 21.0028108 105.5411001 20190811062326 
1 -0.1085 -0.2135 -0.3348 21.0028108 105.5411001 20190811062326 
1 0.0176 -0.3627 -0.2337 21.0028108 105.5411001 20190811062326 
1 0.3286 -0.3113 -0.3895 21.0028108 105.5411001 20190811062326 
1 0.3360 -0.3622 -0.0825 21.0028108 105.5411001 20190811062326 
1 0.3138 -0.3456 0.3734 21.0028108 105.5411001 20190811062327 
1 0.2900 -0.4269 -0.0815 21.0028108 105.5411001 20190811062327 
1 0.1242 -0.5942 -0.0323 21.0028108 105.5411001 20190811062327 
1 -0.4626 -0.4271 -0.1905 21.0028108 105.5411001 20190811062327 
1 -0.1970 -0.7049 -0.3213 21.0028108 105.5411001 20190811062327 
1 -0.6616 -0.7903 0.0413 21.0028108 105.5411001 20190811062327 
1 -0.3506 -0.4665 -0.0952 21.0028108 105.5411001 20190811062327 
1 -0.1866 -0.1953 -0.4011 21.0028108 105.5411001 20190811062327 
1 -0.1195 -0.2586 0.0528 21.0028108 105.5411001 20190811062327 
1 -0.2068 -0.2814 0.3291 21.0028108 105.5411001 20190811062327 
1 0.2474 -0.3240 0.2043 21.0028108 105.5411001 20190811062327 
1 -0.0962 -0.1811 0.2101 21.0028108 105.5411001 20190811062327 
1 0.2553 -0.0809 0.1917 21.0028108 105.5411001 20190811062327 
1 -0.0618 -0.0971 0.1445 21.0028108 105.5411001 20190811062327 
1 0.3222 0.2289 -0.0745 21.0028108 105.5411001 20190811062327 
1 -0.2979 -0.0981 -0.3585 21.0028108 105.5411001 20190811062327 
1 0.1011 -0.2159 0.3012 21.0028108 105.5411001 20190811062327 
1 -0.1611 -0.0291 0.3676 21.0028108 105.5411001 20190811062327 
1 -0.0255 0.0558 0.4938 21.0028108 105.5411001 20190811062327 
1 -0.1860 -0.1215 0.3036 21.0028108 105.5411001 20190811062327 
1 0.0149 -0.2667 0.2363 21.0028108 105.5411001 20190811062327 
1 -0.0622 -0.2296 0.3280 21.0028108 105.5411001 20190811062327 
1 -0.1203 -0.2521 0.2722 21.0028108 105.5411001 20190811062327 
1 -0.0205 -0.5131 0.5783 21.0028108 105.5411001 20190811062327 
1 -0.2582 -0.5099 0.5743 21.0028108 105.5411001 20190811062327 
1 -0.0388 -0.5182 0.4606 21.0028108 105.5411001 20190811062327 
1 -0.2101 -0.4540 0.5059 21.0028108 105.5411001 20190811062327 
1 -0.1004 -0.3469 0.0102 21.0028108 105.5411001 20190811062327 
1 -0.0887 -0.5387 -0.3418 21.0028108 105.5411001 20190811062327 
1 -0.5306 -0.3214 -0.3259 21.0028108 105.5411001 20190811062327 
1 -0.1554 -0.3002 -0.5509 21.0028108 105.5411001 20190811062327 
1 -0.4913 -0.4297 -0.4131 21.0028108 105.5411001 20190811062327 
1 -0.1657 -0.4523 -0.0898 21.0028108 105.5411001 20190811062327 
1 -0.3285 -0.3897 -0.1054 21.0028108 105.5411001 20190811062327 
1 -0.0599 -0.1301 -0.1443 21.0028108 105.5411001 20190811062327 
1 0.0384 -0.2484 -0.2965 21.0028517 105.5411782 20190811062327 
1 -0.1379 -0.2664 -0.1089 21.0028517 105.5411782 20190811062327 
1 0.0961 -0.1482 0.0334 21.0028517 105.5411782 20190811062327 
1 0.2064 0.0047 -0.1457 21.0028517 105.5411782 20190811062327 
1 0.0058 -0.3094 -0.3008 21.0028517 105.5411782 20190811062327 
1 0.1555 -0.6583 -0.3009 21.0028517 105.5411782 20190811062327 
1 -0.0244 -0.7206 -0.0655 21.0028517 105.5411782 20190811062327 
1 0.1290 -1.0511 0.3591 21.0028517 105.5411782 20190811062327 
1 -0.6320 -1.0850 0.6494 21.0028517 105.5411782 20190811062327 
1 -0.3196 -0.8983 0.3309 21.0028517 105.5411782 20190811062327 
1 -0.2765 -1.1607 -0.3437 21.0028517 105.5411782 20190811062327 
1 -0.0704 -1.2095 -0.0483 21.0028517 105.5411782 20190811062327 
1 0.1304 -0.8117 -0.6470 21.0028517 105.5411782 20190811062327 
1 -0.0109 -1.0665 -0.8352 21.0028517 105.5411782 20190811062327 
1 0.0616 -1.2069 -0.0458 21.0028517 105.5411782 20190811062328 
1 0.3003 -1.1067 -0.1482 21.0028517 105.5411782 20190811062328 
1 -0.2461 -1.1412 -0.3683 21.0028517 105.5411782 20190811062328 
1 -0.0274 -0.9691 -0.2686 21.0028517 105.5411782 20190811062328 
1 0.3383 -1.0567 -0.2716 21.0028517 105.5411782 20190811062328 
1 -0.2197 -1.1207 -0.2072 21.0028517 105.5411782 20190811062328 
1 0.0136 -0.7377 -0.4705 21.0028517 105.5411782 20190811062328 
1 -0.2606 -0.9290 0.3785 21.0028517 105.5411782 20190811062328 
1 -0.1190 -0.6060 0.9756 21.0028517 105.5411782 20190811062328 
1 -0.5214 -0.2736 -0.1114 21.0028517 105.5411782 20190811062328 
1 0.1551 -0.4331 0.1130 21.0028517 105.5411782 20190811062328 
1 0.3187 -0.0035 0.4464 21.0028517 105.5411782 20190811062328 
1 0.3619 0.0155 -0.5622 21.0028517 105.5411782 20190811062328 
1 -0.2166 0.1116 -0.6851 21.0028517 105.5411782 20190811062328 
1 0.5529 -0.2421 0.3329 21.0028517 105.5411782 20190811062328 
1 -0.4995 -0.4166 0.7249 21.0028517 105.5411782 20190811062328 
1 0.2681 -0.0760 0.8558 21.0028517 105.5411782 20190811062328 
1 -0.4236 -0.1084 -0.0015 21.0028517 105.5411782 20190811062328 
1 0.0453 -0.2100 0.0706 21.0028517 105.5411782 20190811062328 
1 -0.0978 -0.0729 -0.2017 21.0028517 105.5411782 20190811062328 
1 -0.2051 -0.0353 -0.2584 21.0028517 105.5411782 20190811062328 
1 -0.2242 -0.0333 -0.0590 21.0028517 105.5411782 20190811062328 
1 -0.2595 -0.1152 0.0335 21.0028517 105.5411782 20190811062328 
1 -0.0986 -0.1212 -0.0118 21.0028517 105.5411782 20190811062328 
1 -0.3341 -0.2263 0.3192 21.0028517 105.5411782 20190811062328 
1 0.1796 -0.0634 0.1282 21.0028517 105.5411782 20190811062328 
1 -0.0422 -0.3328 -0.0208 21.0028517 105.5411782 20190811062328 
1 0.0010 -0.0476 -0.3348 21.0028517 105.5411782 20190811062328 
1 0.4090 -0.1709 -0.8691 21.0028517 105.5411782 20190811062328 
1 0.1739 -0.2199 -0.3200 21.0028517 105.5411782 20190811062328 
1 0.2005 -0.0842 -0.3301 21.0028517 105.5411782 20190811062328 
1 0.2159 -0.1098 -0.6127 21.0028517 105.5411782 20190811062328 
1 0.4424 -0.0133 -0.3303 21.0028517 105.5411782 20190811062328 
1 -0.0847 -0.2767 -0.0795 21.0028517 105.5411782 20190811062328 
1 0.0282 0.0300 -0.4058 21.0028517 105.5411782 20190811062328 
1 -0.0029 -0.1656 -0.4993 21.0028517 105.5411782 20190811062328 
1 -0.0858 -0.2846 0.1777 21.0028986 105.5412616 20190811062328 
1 -0.0015 -0.0940 -0.0170 21.0028986 105.5412616 20190811062328 
1 0.1096 -0.2027 -0.1184 21.0028986 105.5412616 20190811062328 
1 -0.2046 -0.0568 -0.0037 21.0028986 105.5412616 20190811062328 
1 0.1093 -0.2389 -0.3405 21.0028986 105.5412616 20190811062328 
1 0.2407 -0.1627 -0.3012 21.0028986 105.5412616 20190811062328 
1 -0.1116 -0.1323 0.0834 21.0028986 105.5412616 20190811062328 
1 0.3223 -0.5756 0.8224 21.0028986 105.5412616 20190811062328 
1 -0.1278 -0.0771 0.7993 21.0028986 105.5412616 20190811062328 
1 -0.4356 0.2017 -1.2337 21.0028986 105.5412616 20190811062328 
1 -1.8287 -1.2723 1.4979 21.0028986 105.5412616 20190811062328 
1 -0.0898 0.8246 0.5037 21.0028986 105.5412616 20190811062328 
1 -0.2016 -0.5067 -1.5675 21.0028986 105.5412616 20190811062328 
1 0.1536 -0.3432 1.1889 21.0028986 105.5412616 20190811062328 
1 1.0172 0.1121 0.6989 21.0028986 105.5412616 20190811062328 
1 0.7259 -0.4191 0.2832 21.0028986 105.5412616 20190811062329 
1 0.1121 0.6243 0.3365 21.0028986 105.5412616 20190811062329 
1 0.5026 -0.8849 0.1339 21.0028986 105.5412616 20190811062329 
1 -0.1058 0.3818 1.1406 21.0028986 105.5412616 20190811062329 
1 -0.1688 0.6538 0.1957 21.0028986 105.5412616 20190811062329 
1 -0.2686 -0.9552 1.7022 21.0028986 105.5412616 20190811062329 
1 -1.2030 1.1897 0.6361 21.0028986 105.5412616 20190811062329 
1 -1.1998 -0.2964 -0.7175 21.0028986 105.5412616 20190811062329 
1 -1.5586 0.1769 1.0263 21.0028986 105.5412616 20190811062329 
1 0.4326 0.7316 -0.4173 21.0028986 105.5412616 20190811062329 
1 0.5949 -0.4822 -0.8443 21.0028986 105.5412616 20190811062329 
1 0.1716 0.6503 0.4839 21.0028986 105.5412616 20190811062329 
1 1.2871 -0.2268 0.2479 21.0028986 105.5412616 20190811062329 
1 -0.0100 0.3308 -0.4247 21.0028986 105.5412616 20190811062329 
1 0.3253 0.3546 -0.9099 21.0028986 105.5412616 20190811062329 
1 0.0348 -0.2496 -0.1188 21.0028986 105.5412616 20190811062329 
1 0.2063 0.4553 0.1417 21.0028986 105.5412616 20190811062329 
1 0.1286 -0.2291 -0.8783 21.0028986 105.5412616 20190811062329 
1 -0.8351 0.0737 0.6228 21.0028986 105.5412616 20190811062329 
1 -0.6447 0.2133 0.5280 21.0028986 105.5412616 20190811062329 
1 -0.0037 0.0998 -0.6054 21.0028986 105.5412616 20190811062329 
1 -1.1120 0.1686 0.0084 21.0028986 105.5412616 20190811062329 
1 -0.6531 0.1134 0.2121 21.0028986 105.5412616 20190811062329 
1 -0.1770 0.1343 -0.1104 21.0028986 105.5412616 20190811062329 
1 -0.2402 0.1251 0.2790 21.0028986 105.5412616 20190811062329 
1 -0.4430 0.2527 -0.1977 21.0028986 105.5412616 20190811062329 
1 0.5506 0.0252 -0.2206 21.0028986 105.5412616 20190811062329 
1 0.0775 0.1024 0.2236 21.0028986 105.5412616 20190811062329 
1 -0.0923 0.2957 0.2655 21.0028986 105.5412616 20190811062329 
1 0.5772 0.1305 0.7018 21.0028986 105.5412616 20190811062329 
1 -0.1746 0.1384 0.9407 21.0028986 105.5412616 20190811062329 
1 -0.4138 0.4750 -0.4208 21.0028986 105.5412616 20190811062329 
1 -0.1893 0.1892 -0.8809 21.0028986 105.5412616 20190811062329 
1 -0.8932 0.2380 -0.2770 21.0029514 105.5413567 20190811062329 
1 -0.0968 0.3203 -0.5175 21.0029514 105.5413567 20190811062329 
1 -0.2744 0.1144 -0.4402 21.0029514 105.5413567 20190811062329 
1 0.0155 0.2242 -0.1488 21.0029514 105.5413567 20190811062329 
1 -0.1371 0.2772 -0.3194 21.0029514 105.5413567 20190811062329 
1 0.4040 0.1032 -0.2943 21.0029514 105.5413567 20190811062329 
1 0.0337 0.0993 -0.4651 21.0029514 105.5413567 20190811062329 
1 -0.1448 0.2396 -0.3349 21.0029514 105.5413567 20190811062329 
1 0.4873 0.1117 -0.3809 21.0029514 105.5413567 20190811062329 
1 0.3074 0.3294 -0.7691 21.0029514 105.5413567 20190811062329 
1 -0.3417 0.1921 -0.5467 21.0029514 105.5413567 20190811062329 
1 0.1873 0.1564 0.0946 21.0029514 105.5413567 20190811062329 
1 -0.4619 0.3636 0.0976 21.0029514 105.5413567 20190811062329 
1 -0.5483 0.1671 0.7778 21.0029514 105.5413567 20190811062329 
1 -0.2601 0.1796 1.2762 21.0029514 105.5413567 20190811062330 
1 -0.1869 0.3786 0.5341 21.0029514 105.5413567 20190811062330 
1 -0.7099 0.3351 -0.2693 21.0029514 105.5413567 20190811062330 
1 0.3538 0.1297 0.7262 21.0029514 105.5413567 20190811062330 
1 -0.3672 0.2225 1.0118 21.0029514 105.5413567 20190811062330 
1 -0.1587 0.2105 0.5589 21.0029514 105.5413567 20190811062330 
1 -0.0260 0.2056 0.4885 21.0029514 105.5413567 20190811062330 
1 -0.0097 0.2490 1.0175 21.0029514 105.5413567 20190811062330 
1 -0.6081 0.1942 0.8509 21.0029514 105.5413567 20190811062330 
1 -0.2125 0.2045 0.8984 21.0029514 105.5413567 20190811062330 
1 -0.5038 0.3240 1.0265 21.0029514 105.5413567 20190811062330 
1 -0.1208 0.3372 0.9917 21.0029514 105.5413567 20190811062330 
1 -0.3193 0.2409 0.4425 21.0029514 105.5413567 20190811062330 
1 0.2806 0.3738 -0.2793 21.0029514 105.5413567 20190811062330 
1 -0.1399 0.1858 -0.1629 21.0029514 105.5413567 20190811062330 
1 0.0109 0.2020 0.5055 21.0029514 105.5413567 20190811062330 
1 0.0900 0.2925 -0.0444 21.0029514 105.5413567 20190811062330 
1 -0.0019 0.0508 -0.0133 21.0029514 105.5413567 20190811062330 
1 0.1346 0.0122 -0.1171 21.0029514 105.5413567 20190811062330 
1 0.0871 -0.1530 -0.3067 21.0029514 105.5413567 20190811062330 
1 -0.0936 -0.3590 -0.2288 21.0029514 105.5413567 20190811062330 
1 0.0447 -0.4754 -0.0758 21.0029514 105.5413567 20190811062330 
1 0.1361 -0.2889 -0.6003 21.0029514 105.5413567 20190811062330 
1 -0.4493 -0.3414 -0.5438 21.0029514 105.5413567 20190811062330 
1 0.0585 -0.2360 0.1128 21.0029514 105.5413567 20190811062330 
1 -0.3405 -0.1189 0.0772 21.0029514 105.5413567 20190811062330 
1 0.0222 0.0520 -0.4901 21.0029514 105.5413567 20190811062330 
1 -0.1160 -0.0516 -0.0384 21.0029514 105.5413567 20190811062330 
1 -0.0410 0.0309 0.4141 21.0029514 105.5413567 20190811062330 
1 -0.1164 0.1035 -0.1595 21.0029514 105.5413567 20190811062330 
1 -0.0284 0.0303 -0.1840 21.0029514 105.5413567 20190811062330 
1 -0.3153 -0.0396 0.4875 21.0029514 105.5413567 20190811062330 
1 -0.2170 0.1147 0.2580 21.0029514 105.5413567 20190811062330 
1 -0.0413 -0.0636 0.0040 21.0029514 105.5413567 20190811062330 
1 -0.5750 -0.1099 0.1981 21.0029514 105.5413567 20190811062330 
1 0.2737 0.0669 0.0507 21.0030117 105.5414607 20190811062330 
1 -0.2448 -0.2292 0.1125 21.0030117 105.5414607 20190811062330 
1 -0.2199 -0.0409 0.3681 21.0030117 105.5414607 20190811062330 
1 0.0774 -0.0463 -0.1054 21.0030117 105.5414607 20190811062330 
1 -0.5098 -0.1121 0.0269 21.0030117 105.5414607 20190811062330 
1 0.0214 0.0606 -0.0779 21.0030117 105.5414607 20190811062330 
1 -0.1424 -0.1068 0.0386 21.0030117 105.5414607 20190811062330 
1 -0.3290 0.0109 0.3165 21.0030117 105.5414607 20190811062330 
1 0.1383 0.0362 -0.2588 21.0030117 105.5414607 20190811062330 
1 -0.3718 -0.0794 0.2400 21.0030117 105.5414607 20190811062330 
1 0.1282 0.0787 -0.0835 21.0030117 105.5414607 20190811062330 
1 -0.1752 -0.1768 -0.2383 21.0030117 105.5414607 20190811062330 
1 0.0024 0.0158 0.2678 21.0030117 105.5414607 20190811062330 
1 0.1895 -0.0255 -0.2502 21.0030117 105.5414607 20190811062330 
1 -0.3026 -0.1429 -0.0907 21.0030117 105.5414607 20190811062331 
1 0.2731 -0.0370 0.1445 21.0030117 105.5414607 20190811062331 
1 -0.3331 -0.0775 -0.1303 21.0030117 105.5414607 20190811062331 
1 -0.0541 -0.1774 0.1275 21.0030117 105.5414607 20190811062331 
1 -0.0279 -0.0270 0.0151 21.0030117 105.5414607 20190811062331 
1 -0.1857 -0.0134 -0.0269 21.0030117 105.5414607 20190811062331 
1 0.3493 -0.1048 -0.1877 21.0030117 105.5414607 20190811062331 
1 -0.4149 -0.0804 0.1559 21.0030117 105.5414607 20190811062331 
1 0.3007 0.0019 0.2483 21.0030117 105.5414607 20190811062331 
1 -0.0009 -0.1133 -0.1176 21.0030117 105.5414607 20190811062331 
1 -0.2879 -0.0348 0.3149 21.0030117 105.5414607 20190811062331 
1 -0.1925 -0.0330 -0.0889 21.0030117 105.5414607 20190811062331 
1 0.0122 -0.0374 -0.1541 21.0030117 105.5414607 20190811062331 
1 -0.2129 -0.0184 0.1130 21.0030117 105.5414607 20190811062331 
1 -0.2102 -0.0672 0.0154 21.0030117 105.5414607 20190811062331 
1 0.4475 0.0985 -0.4387 21.0030117 105.5414607 20190811062331 
1 -0.4120 -0.1438 0.1199 21.0030117 105.5414607 20190811062331 
1 0.0981 0.0472 0.4596 21.0030117 105.5414607 20190811062331 
1 0.2565 0.0304 -0.3901 21.0030117 105.5414607 20190811062331 
1 -0.4831 -0.0954 0.1654 21.0030117 105.5414607 20190811062331 
1 0.4171 0.1719 0.0436 21.0030117 105.5414607 20190811062331 
1 -0.3446 -0.1346 -0.2556 21.0030117 105.5414607 20190811062331 
1 0.2839 -0.0010 0.1363 21.0030117 105.5414607 20190811062331 
1 -0.1232 0.0035 -0.1554 21.0030117 105.5414607 20190811062331 
1 -0.1551 -0.0393 -0.0937 21.0030117 105.5414607 20190811062331 
1 0.1307 -0.1487 -0.0344 21.0030117 105.5414607 20190811062331 
1 -0.1115 0.0366 -0.1821 21.0030117 105.5414607 20190811062331 
1 0.1185 0.0391 -0.0879 21.0030117 105.5414607 20190811062331 
1 -0.1577 -0.1698 0.2747 21.0030117 105.5414607 20190811062331 
1 0.3799 0.0649 0.0269 21.0030117 105.5414607 20190811062331 
1 -0.4011 -0.0880 0.0572 21.0030117 105.5414607 20190811062331 
1 -0.0126 -0.0041 0.2970 21.0030117 105.5414607 20190811062331 
1 -0.3945 -0.1500 0.2115 21.0030117 105.5414607 20190811062331 
1 -0.1840 0.0655 0.3251 21.0030117 105.5414607 20190811062331 
1 -0.6320 -0.0454 0.1572 21.0030117 105.5414607 20190811062331 
1 0.1307 -0.0853 0.3445 21.0030117 105.5414607 20190811062331 
1 -0.2499 0.0941 -0.0283 21.0030117 105.5414607 20190811062331 
1 -0.2669 -0.1903 0.3434 21.0030754 105.5415799 20190811062331 
1 0.0636 0.1350 0.2983 21.0030754 105.5415799 20190811062331 
1 -0.3831 -0.0870 0.1407 21.0030754 105.5415799 20190811062331 
1 0.0624 -0.0209 0.5041 21.0030754 105.5415799 20190811062331 
1 -0.3760 -0.1673 0.4071 21.0030754 105.5415799 20190811062331 
1 -0.1929 -0.4065 0.3219 21.0030754 105.5415799 20190811062331 
1 -0.4785 -0.6017 -0.1501 21.0030754 105.5415799 20190811062331 
1 -0.0042 -1.0585 0.0327 21.0030754 105.5415799 20190811062331 
1 -0.4299 -1.1828 0.1608 21.0030754 105.5415799 20190811062331 
1 0.1851 -1.2387 0.0941 21.0030754 105.5415799 20190811062331 
1 -0.3352 -1.4580 -0.2493 21.0030754 105.5415799 20190811062331 
1 -0.0047 -1.6568 -0.3985 21.0030754 105.5415799 20190811062331 
1 -0.0788 -1.9303 -0.5060 21.0030754 105.5415799 20190811062331 
1 -0.0446 -1.7086 -0.2791 21.0030754 105.5415799 20190811062332 
1 -0.1183 -1.5218 -0.5944 21.0030754 105.5415799 20190811062332 
1 -0.2491 -1.7123 -0.6201 21.0030754 105.5415799 20190811062332 
1 0.1369 -1.6443 -0.6080 21.0030754 105.5415799 20190811062332 
1 -0.2458 -1.5913 -0.4072 21.0030754 105.5415799 20190811062332 
1 -0.1176 -1.3534 -0.4170 21.0030754 105.5415799 20190811062332 
1 -0.4836 -1.0997 -0.8952 21.0030754 105.5415799 20190811062332 
1 -0.0001 -1.1519 -0.5891 21.0030754 105.5415799 20190811062332 
1 -0.2856 -1.0947 -0.3564 21.0030754 105.5415799 20190811062332 
1 0.0073 -1.0585 -0.2887 21.0030754 105.5415799 20190811062332 
1 -0.0543 -1.0645 -0.3026 21.0030754 105.5415799 20190811062332 
1 -0.2437 -1.1841 0.0486 21.0030754 105.5415799 20190811062332 
1 0.1377 -1.1420 -0.1440 21.0030754 105.5415799 20190811062332 
1 -0.2867 -1.2518 -0.0218 21.0030754 105.5415799 20190811062332 
1 -0.2166 -1.3125 0.3742 21.0030754 105.5415799 20190811062332 
1 -0.3104 -1.2119 -0.0031 21.0030754 105.5415799 20190811062332 
1 0.1020 -0.9098 -0.1741 21.0030754 105.5415799 20190811062332 
1 -0.2125 -0.7176 -0.2757 21.0030754 105.5415799 20190811062332 
1 0.0249 -0.8670 -0.0475 21.0030754 105.5415799 20190811062332 
1 -0.3799 -0.8093 0.1728 21.0030754 105.5415799 20190811062332 
1 -0.1390 -0.6803 0.2133 21.0030754 105.5415799 20190811062332 
1 -0.3030 -0.6354 0.0331 21.0030754 105.5415799 20190811062332 
1 0.1442 -0.5228 0.2547 21.0030754 105.5415799 20190811062332 
1 -0.4471 -0.6021 0.0686 21.0030754 105.5415799 20190811062332 
1 0.1647 -0.4904 0.0678 21.0030754 105.5415799 20190811062332 
1 -0.2081 -0.4262 0.0709 21.0030754 105.5415799 20190811062332 
1 0.0555 -0.3728 0.2983 21.0030754 105.5415799 20190811062332 
1 -0.2746 -0.2710 -0.0217 21.0030754 105.5415799 20190811062332 
1 0.1487 -0.2843 -0.2027 21.0030754 105.5415799 20190811062332 
1 -0.2524 -0.4565 0.0310 21.0030754 105.5415799 20190811062332 
1 -0.1628 -0.3116 0.1481 21.0030754 105.5415799 20190811062332 
1 0.3155 -0.2431 -0.0495 21.0030754 105.5415799 20190811062332 
1 -0.2850 -0.3048 -0.0091 21.0030754 105.5415799 20190811062332 
1 -0.0538 -0.4070 0.1888 21.0030754 105.5415799 20190811062332 
1 -0.0566 -0.3752 0.1163 21.0030754 105.5415799 20190811062332 
1 0.2083 -0.3344 -0.0871 21.0030754 105.5415799 20190811062332 
1 -0.4545 -0.4045 -0.3189 21.0031489 105.5417019 20190811062332 
1 0.2013 -0.1936 -0.3228 21.0031489 105.5417019 20190811062332 
1 -0.2212 -0.3012 -0.1434 21.0031489 105.5417019 20190811062332 
1 -0.2882 -0.1632 0.3133 21.0031489 105.5417019 20190811062332 
1 0.0680 -0.2325 -0.1576 21.0031489 105.5417019 20190811062332 
1 -0.1631 -0.1253 -0.0531 21.0031489 105.5417019 20190811062332 
1 -0.0452 -0.0367 -0.0352 21.0031489 105.5417019 20190811062332 
1 -0.1651 -0.5583 0.3426 21.0031489 105.5417019 20190811062332 
1 -0.0015 -0.2254 0.3811 21.0031489 105.5417019 20190811062332 
1 -0.3476 -0.2027 -0.0383 21.0031489 105.5417019 20190811062332 
1 -0.0066 -0.2068 -0.1189 21.0031489 105.5417019 20190811062332 
1 -0.5253 -0.2373 0.5636 21.0031489 105.5417019 20190811062332 
1 -0.1143 -0.0429 0.3613 21.0031489 105.5417019 20190811062332 
1 -0.1316 -0.1298 0.0879 21.0031489 105.5417019 20190811062333 
1 -0.1460 -0.1350 0.0435 21.0031489 105.5417019 20190811062333 
1 -0.3556 -0.2055 0.1979 21.0031489 105.5417019 20190811062333 
1 0.2454 -0.0599 0.0657 21.0031489 105.5417019 20190811062333 
1 -0.3287 -0.2015 0.1331 21.0031489 105.5417019 20190811062333 
1 -0.1312 -0.2171 0.3698 21.0031489 105.5417019 20190811062333 
1 -0.1417 -0.2046 0.1195 21.0031489 105.5417019 20190811062333 
1 -0.1809 -0.2317 0.0321 21.0031489 105.5417019 20190811062333 
1 -0.3501 -0.1791 -0.1887 21.0031489 105.5417019 20190811062333 
1 0.0995 -0.2339 -0.1117 21.0031489 105.5417019 20190811062333 
1 -0.3404 -0.1282 -0.4059 21.0031489 105.5417019 20190811062333 
1 0.2254 -0.3065 -0.3444 21.0031489 105.5417019 20190811062333 
1 -0.1618 -0.1354 -0.3395 21.0031489 105.5417019 20190811062333 
1 0.1404 -0.2253 -0.1078 21.0031489 105.5417019 20190811062333 
1 -0.2435 -0.1564 -0.1899 21.0031489 105.5417019 20190811062333 
1 0.1306 -0.1481 0.0692 21.0031489 105.5417019 20190811062333 
1 -0.4176 -0.2342 -0.1013 21.0031489 105.5417019 20190811062333 
1 0.3768 -0.1095 0.0545 21.0031489 105.5417019 20190811062333 
1 -0.4622 -0.2674 -0.2352 21.0031489 105.5417019 20190811062333 
1 0.2405 -0.1648 -0.1349 21.0031489 105.5417019 20190811062333 
1 -0.4336 -0.2165 -0.0188 21.0031489 105.5417019 20190811062333 
1 0.1439 -0.1027 -0.0210 21.0031489 105.5417019 20190811062333 
1 0.0290 -0.1788 -0.2200 21.0031489 105.5417019 20190811062333 
1 -0.0696 -0.1547 0.2640 21.0031489 105.5417019 20190811062333 
1 0.0852 -0.2032 0.0694 21.0031489 105.5417019 20190811062333 
1 -0.0973 -0.2076 0.1484 21.0031489 105.5417019 20190811062333 
1 -0.1362 -0.0674 0.1148 21.0031489 105.5417019 20190811062333 
1 -0.0070 -0.2714 0.0124 21.0031489 105.5417019 20190811062333 
1 -0.3358 -0.1747 0.2970 21.0031489 105.5417019 20190811062333 
1 0.0281 -0.1108 0.0843 21.0031489 105.5417019 20190811062333 
1 -0.0147 -0.2099 -0.2869 21.0031489 105.5417019 20190811062333 
1 -0.0209 -0.1926 0.0163 21.0031489 105.5417019 20190811062333 
1 -0.0871 -0.2007 0.1762 21.0031489 105.5417019 20190811062333 
1 0.0596 -0.1342 0.4981 21.0031489 105.5417019 20190811062333 
1 -0.2496 -0.1370 -0.1919 21.0031489 105.5417019 20190811062333 
1 0.2456 -0.1316 -0.2613 21.0031489 105.5417019 20190811062333 
1 -0.0920 -0.2779 0.2843 21.0031489 105.5417019 20190811062333 
1 -0.2668 -0.1334 0.2096 21.0032323 105.5418324 20190811062333 
1 0.0825 -0.1341 0.0400 21.0032323 105.5418324 20190811062333 
1 -0.1326 -0.1439 -0.1581 21.0032323 105.5418324 20190811062333 
1 -0.1988 -0.1979 -0.2464 21.0032323 105.5418324 20190811062333 
1 0.2398 -0.1013 0.2248 21.0032323 105.5418324 20190811062333 
1 -0.3250 -0.1299 0.0055 21.0032323 105.5418324 20190811062333 
1 0.0728 -0.2355 -0.3669 21.0032323 105.5418324 20190811062333 
1 -0.2222 -0.1943 0.1365 21.0032323 105.5418324 20190811062333 
1 0.0263 -0.0879 -0.2060 21.0032323 105.5418324 20190811062333 
1 -0.2072 -0.2443 -0.2321 21.0032323 105.5418324 20190811062333 
1 -0.0163 -0.1012 0.0312 21.0032323 105.5418324 20190811062333 
1 -0.1289 -0.1578 -0.4251 21.0032323 105.5418324 20190811062333 
1 -0.0802 -0.2290 0.0656 21.0032323 105.5418324 20190811062333 
1 -0.2769 -0.1573 0.1789 21.0032323 105.5418324 20190811062333 
1 -0.0342 -0.2232 -0.0773 21.0032323 105.5418324 20190811062334 
1 -0.4446 -0.2063 0.4021 21.0032323 105.5418324 20190811062334 
1 0.3476 -0.0791 0.1129 21.0032323 105.5418324 20190811062334 
1 -0.1477 -0.2904 -0.0607 21.0032323 105.5418324 20190811062334 
1 -0.0905 -0.1176 0.1350 21.0032323 105.5418324 20190811062334 
1 -0.3028 -0.2759 -0.0502 21.0032323 105.5418324 20190811062334 
1 0.0156 -0.1590 0.4932 21.0032323 105.5418324 20190811062334 
1 -0.4973 -0.1007 0.4450 21.0032323 105.5418324 20190811062334 
1 0.2232 -0.1343 0.0422 21.0032323 105.5418324 20190811062334 
1 -0.1941 -0.2128 0.0648 21.0032323 105.5418324 20190811062334 
1 0.0875 -0.1239 0.0531 21.0032323 105.5418324 20190811062334 
1 -0.2782 -0.2348 0.1570 21.0032323 105.5418324 20190811062334 
1 0.0398 -0.2033 0.3474 21.0032323 105.5418324 20190811062334 
1 -0.1302 -0.1846 0.2461 21.0032323 105.5418324 20190811062334 
1 -0.0953 -0.1801 0.1886 21.0032323 105.5418324 20190811062334 
1 0.0842 -0.1515 -0.0612 21.0032323 105.5418324 20190811062334 
1 -0.0093 -0.1506 -0.1427 21.0032323 105.5418324 20190811062334 
1 -0.1643 -0.0818 -0.0386 21.0032323 105.5418324 20190811062334 
1 0.1684 0.0552 -0.1149 21.0032323 105.5418324 20190811062334 
1 -0.0678 0.0688 0.0638 21.0032323 105.5418324 20190811062334 
1 0.0044 0.0389 0.3616 21.0032323 105.5418324 20190811062334 
1 0.3546 0.0485 -0.1287 21.0032323 105.5418324 20190811062334 
1 -0.2325 -0.0841 -0.1934 21.0032323 105.5418324 20190811062334 
1 0.0841 -0.1047 -0.0147 21.0032323 105.5418324 20190811062334 
1 -0.0417 -0.1375 -0.1067 21.0032323 105.5418324 20190811062334 
1 -0.0011 -0.1666 -0.0069 21.0032323 105.5418324 20190811062334 
1 -0.0623 -0.2190 -0.1271 21.0032323 105.5418324 20190811062334 
1 0.1474 -0.1439 0.1426 21.0032323 105.5418324 20190811062334 
1 -0.2396 -0.0256 0.0205 21.0032323 105.5418324 20190811062334 
1 -0.1379 -0.1340 -0.0000 21.0032323 105.5418324 20190811062334 
1 -0.1981 0.0608 0.1000 21.0032323 105.5418324 20190811062334 
1 -0.1085 -0.1222 -0.0168 21.0032323 105.5418324 20190811062334 
1 -0.2605 0.0208 -0.2978 21.0032323 105.5418324 20190811062334 
1 -0.0171 -0.0529 -0.0417 21.0032323 105.5418324 20190811062334 
1 -0.0072 -0.1044 0.1157 21.0032323 105.5418324 20190811062334 
1 -0.2248 -0.0513 0.1438 21.0032323 105.5418324 20190811062334 
1 -0.0506 -0.0440 -0.1092 21.0033178 105.5419714 20190811062334 
1 -0.5027 -0.1305 0.1093 21.0033178 105.5419714 20190811062334 
1 0.3689 -0.0349 0.3466 21.0033178 105.5419714 20190811062334 
1 -0.5567 -0.0967 0.0444 21.0033178 105.5419714 20190811062334 
1 -0.0863 0.0600 -0.6067 21.0033178 105.5419714 20190811062334 
1 0.2304 -0.0965 -0.8110 21.0033178 105.5419714 20190811062334 
1 0.1086 -0.0701 -0.0903 21.0033178 105.5419714 20190811062334 
1 -0.0889 0.0150 0.0150 21.0033178 105.5419714 20190811062334 
1 0.3699 0.0655 -0.4043 21.0033178 105.5419714 20190811062334 
1 -0.1556 -0.0903 -0.5173 21.0033178 105.5419714 20190811062334 
1 0.0714 -0.1310 0.0938 21.0033178 105.5419714 20190811062334 
1 -0.0796 0.0089 -0.1489 21.0033178 105.5419714 20190811062334 
1 0.2740 -0.0088 -1.0934 21.0033178 105.5419714 20190811062334 
1 0.2651 -0.3081 -0.3952 21.0033178 105.5419714 20190811062335 
1 -0.2450 -0.0161 0.0357 21.0033178 105.5419714 20190811062335 
1 0.4052 -0.0058 -0.8434 21.0033178 105.5419714 20190811062335 
1 -0.2579 -0.1740 -0.2227 21.0033178 105.5419714 20190811062335 
1 0.1103 -0.0044 0.2492 21.0033178 105.5419714 20190811062335 
1 -0.1229 -0.1347 0.2868 21.0033178 105.5419714 20190811062335 
1 -0.0144 0.2650 -0.2172 21.0033178 105.5419714 20190811062335 
1 0.0080 -0.1874 -0.2782 21.0033178 105.5419714 20190811062335 
1 -0.0250 -0.1297 0.4597 21.0033178 105.5419714 20190811062335 
1 -0.3611 0.1308 -0.2073 21.0033178 105.5419714 20190811062335 
1 0.2233 -0.2159 -0.1360 21.0033178 105.5419714 20190811062335 
1 -0.5518 -0.0483 0.5418 21.0033178 105.5419714 20190811062335 
1 -0.0029 0.0472 0.0707 21.0033178 105.5419714 20190811062335 
1 -0.1967 -0.0629 -0.0431 21.0033178 105.5419714 20190811062335 
1 0.0623 0.1176 -0.1299 21.0033178 105.5419714 20190811062335 
1 -0.0983 -0.2530 -0.3497 21.0033178 105.5419714 20190811062335 
1 0.0405 0.0693 0.1344 21.0033178 105.5419714 20190811062335 
1 -0.1243 0.0742 -0.3114 21.0033178 105.5419714 20190811062335 
1 -0.1504 -0.1916 -0.0036 21.0033178 105.5419714 20190811062335 
1 -0.1530 -0.0158 0.1786 21.0033178 105.5419714 20190811062335 
1 -0.0623 0.0185 -0.3683 21.0033178 105.5419714 20190811062335 
1 0.0295 -0.2369 -0.0485 21.0033178 105.5419714 20190811062335 
1 0.1673 0.0679 -0.2898 21.0033178 105.5419714 20190811062335 
1 -0.1017 -0.1088 -0.3331 21.0033178 105.5419714 20190811062335 
1 -0.1420 -0.1374 0.2302 21.0033178 105.5419714 20190811062335 
1 0.0073 0.0176 -0.2861 21.0033178 105.5419714 20190811062335 
1 -0.0590 -0.1358 -0.0923 21.0033178 105.5419714 20190811062335 
1 -0.2922 -0.0060 0.2044 21.0033178 105.5419714 20190811062335 
1 0.2017 -0.0497 -0.1577 21.0033178 105.5419714 20190811062335 
1 -0.1875 -0.0644 -0.3084 21.0033178 105.5419714 20190811062335 
1 0.2861 0.0403 -0.3669 21.0033178 105.5419714 20190811062335 
1 -0.4586 -0.0961 -0.1498 21.0033178 105.5419714 20190811062335 
1 0.1660 -0.0995 0.8289 21.0033178 105.5419714 20190811062335 
1 0.1068 0.1372 -0.4652 21.0033178 105.5419714 20190811062335 
1 -0.3858 -0.2368 -0.1791 21.0033178 105.5419714 20190811062335 
1 0.1285 0.0738 -0.1206 21.0033178 105.5419714 20190811062335 
1 0.0328 -0.2162 -0.1405 21.0034107 105.5421141 20190811062335 
1 -0.1271 0.0049 -0.3146 21.0034107 105.5421141 20190811062335 
1 0.0299 -0.1997 -0.2158 21.0034107 105.5421141 20190811062335 
1 -0.1133 -0.0652 0.5186 21.0034107 105.5421141 20190811062335 
1 -0.0319 0.0780 -0.1428 21.0034107 105.5421141 20190811062335 
1 0.1242 -0.3263 0.1820 21.0034107 105.5421141 20190811062335 
1 -0.3647 -0.2230 0.8129 21.0034107 105.5421141 20190811062335 
1 -0.1967 0.0602 -0.1526 21.0034107 105.5421141 20190811062335 
1 -0.0098 -0.0984 -0.6661 21.0034107 105.5421141 20190811062335 
1 -0.1991 -0.3655 0.7638 21.0034107 105.5421141 20190811062335 
1 -0.1142 0.0354 0.8081 21.0034107 105.5421141 20190811062335 
1 0.2426 0.1605 -0.4192 21.0034107 105.5421141 20190811062335 
1 -0.4187 -0.3117 0.6046 21.0034107 105.5421141 20190811062335 
1 0.2832 -0.1017 1.4968 21.0034107 105.5421141 20190811062336 
1 -0.7873 0.2205 0.4216 21.0034107 105.5421141 20190811062336 
1 0.4143 -0.1202 -0.0970 21.0034107 105.5421141 20190811062336 
1 0.0071 -0.2702 -0.1158 21.0034107 105.5421141 20190811062336 
1 -0.3150 -0.0942 0.5023 21.0034107 105.5421141 20190811062336 
1 -0.0419 0.0486 0.2967 21.0034107 105.5421141 20190811062336 
1 -0.1359 -0.2118 0.0067 21.0034107 105.5421141 20190811062336 
1 -0.2712 -0.3849 0.5529 21.0034107 105.5421141 20190811062336 
1 -0.2181 0.0030 0.2899 21.0034107 105.5421141 20190811062336 
1 -0.3625 -0.1398 0.3499 21.0034107 105.5421141 20190811062336 
1 -0.5585 -0.2959 0.8971 21.0034107 105.5421141 20190811062336 
1 -0.6475 -0.0022 0.2246 21.0034107 105.5421141 20190811062336 
1 -0.0518 -0.0197 -0.0777 21.0034107 105.5421141 20190811062336 
1 -0.3481 -0.1211 0.6744 21.0034107 105.5421141 20190811062336 
1 -0.4655 0.0750 0.2801 21.0034107 105.5421141 20190811062336 
1 -0.1585 -0.0498 -0.0002 21.0034107 105.5421141 20190811062336 
1 -0.3774 0.0350 0.0611 21.0034107 105.5421141 20190811062336 
1 -0.4986 -0.0611 0.0465 21.0034107 105.5421141 20190811062336 
1 0.2864 0.0219 -0.7799 21.0034107 105.5421141 20190811062336 
1 -0.4780 -0.1258 -0.6899 21.0034107 105.5421141 20190811062336 
1 0.4499 -0.0076 -0.3378 21.0034107 105.5421141 20190811062336 
1 -0.2861 -0.0005 -0.8931 21.0034107 105.5421141 20190811062336 
1 0.0516 -0.0826 -0.5034 21.0034107 105.5421141 20190811062336 
1 -0.0546 -0.0648 -0.5983 21.0034107 105.5421141 20190811062336 
1 0.0734 -0.0910 -0.9903 21.0034107 105.5421141 20190811062336 
1 -0.0702 -0.1090 -0.8831 21.0034107 105.5421141 20190811062336 
1 -0.0867 -0.2197 -0.3194 21.0034107 105.5421141 20190811062336 
1 0.0109 -0.1574 -0.5735 21.0034107 105.5421141 20190811062336 
1 0.0517 -0.1107 -0.6713 21.0034107 105.5421141 20190811062336 
1 -0.3751 -0.1454 -0.2960 21.0034107 105.5421141 20190811062336 
1 0.0275 -0.1037 0.2101 21.0034107 105.5421141 20190811062336 
1 -0.1801 0.0054 -0.2933 21.0034107 105.5421141 20190811062336 
1 -0.3640 -0.1069 -0.0983 21.0034107 105.5421141 20190811062336 
1 0.2026 -0.0740 -0.1911 21.0034107 105.5421141 20190811062336 
1 -0.4888 -0.0834 0.1065 21.0034107 105.5421141 20190811062336 
1 0.0396 -0.0199 0.4906 21.0034107 105.5421141 20190811062336 
1 -0.2153 0.0244 -0.2921 21.003506 105.5422597 20190811062336 
1 -0.1411 -0.1534 -0.0102 21.003506 105.5422597 20190811062336 
1 -0.0399 -0.0182 0.4205 21.003506 105.5422597 20190811062336 
1 -0.0400 -0.0082 0.1702 21.003506 105.5422597 20190811062336 
1 -0.1630 -0.0567 0.0860 21.003506 105.5422597 20190811062336 
1 -0.2811 -0.0869 0.3579 21.003506 105.5422597 20190811062336 
1 -0.1596 -0.0181 0.4977 21.003506 105.5422597 20190811062336 
1 0.3010 -0.0235 0.0145 21.003506 105.5422597 20190811062336 
1 -0.4908 -0.1245 0.0247 21.003506 105.5422597 20190811062336 
1 0.0143 -0.0283 0.5303 21.003506 105.5422597 20190811062336 
1 -0.4073 -0.0480 0.3714 21.003506 105.5422597 20190811062336 
1 -0.0629 0.0518 0.0676 21.003506 105.5422597 20190811062336 
1 0.0026 -0.1820 0.1467 21.003506 105.5422597 20190811062336 
1 -0.0466 -0.0008 0.3828 21.003506 105.5422597 20190811062336 
1 -0.1362 0.0072 -0.2370 21.003506 105.5422597 20190811062336 
1 0.1040 -0.1271 0.1510 21.003506 105.5422597 20190811062337 
1 -0.3633 -0.0066 0.3385 21.003506 105.5422597 20190811062337 
1 0.2960 -0.0671 -0.0698 21.003506 105.5422597 20190811062337 
1 0.1321 0.0622 -0.3996 21.003506 105.5422597 20190811062337 
1 -0.1553 -0.0551 0.0493 21.003506 105.5422597 20190811062337 
1 -0.1069 -0.0960 0.3741 21.003506 105.5422597 20190811062337 
1 0.1081 0.0610 -0.0055 21.003506 105.5422597 20190811062337 
1 -0.1277 -0.1993 0.3107 21.003506 105.5422597 20190811062337 
1 -0.0184 0.0353 -0.2096 21.003506 105.5422597 20190811062337 
1 -0.2041 -0.0569 -0.3829 21.003506 105.5422597 20190811062337 
1 0.1334 -0.1346 0.6359 21.003506 105.5422597 20190811062337 
1 -0.4201 0.0414 0.0877 21.003506 105.5422597 20190811062337 
1 -0.1723 -0.1649 0.0791 21.003506 105.5422597 20190811062337 
1 0.3017 0.0655 0.0493 21.003506 105.5422597 20190811062337 
1 -0.5538 -0.0693 0.3610 21.003506 105.5422597 20190811062337 
1 -0.3243 0.0626 0.3454 21.003506 105.5422597 20190811062337 
1 0.5129 0.0824 -0.6741 21.003506 105.5422597 20190811062337 
1 -0.1083 -0.0763 -0.4478 21.003506 105.5422597 20190811062337 
1 0.1160 -0.0381 0.3554 21.003506 105.5422597 20190811062337 
1 -0.0514 0.0696 -0.1988 21.003506 105.5422597 20190811062337 
1 0.2179 -0.0852 -0.2084 21.003506 105.5422597 20190811062337 
1 -0.1479 -0.0562 -0.4838 21.003506 105.5422597 20190811062337 
1 0.3680 0.0641 -0.6293 21.003506 105.5422597 20190811062337 
1 0.0613 -0.1355 -0.5700 21.003506 105.5422597 20190811062337 
1 -0.0306 -0.1248 -0.0084 21.003506 105.5422597 20190811062337 
1 0.0812 -0.1280 0.2338 21.003506 105.5422597 20190811062337 
1 -0.0939 0.0536 0.0863 21.003506 105.5422597 20190811062337 
1 0.0665 -0.0068 0.0051 21.003506 105.5422597 20190811062337 
1 -0.1378 -0.0478 -0.2786 21.003506 105.5422597 20190811062337 
1 -0.1419 -0.0561 0.1915 21.003506 105.5422597 20190811062337 
1 -0.1561 0.0134 0.2654 21.003506 105.5422597 20190811062337 
1 0.0872 -0.1208 -0.0053 21.003506 105.5422597 20190811062337 
1 -0.3417 -0.3004 0.4876 21.003506 105.5422597 20190811062337 
1 0.1145 -0.3964 0.2527 21.003506 105.5422597 20190811062337 
1 -0.2630 -0.9222 0.2046 21.003506 105.5422597 20190811062337 
1 -0.1173 -0.7418 0.2919 21.0036055 105.5424147 20190811062337 
1 -0.2826 -1.1697 0.3958 21.0036055 105.5424147 20190811062337 
1 -0.0893 -1.1809 0.3138 21.0036055 105.5424147 20190811062337 
1 -0.5097 -1.5134 0.6103 21.0036055 105.5424147 20190811062337 
1 -0.2742 -1.4339 0.4847 21.0036055 105.5424147 20190811062337 
1 -0.5206 -1.5464 0.9364 21.0036055 105.5424147 20190811062337 
1 -0.8018 -1.5484 1.1681 21.0036055 105.5424147 20190811062337 
1 -0.1896 -1.1372 0.0706 21.0036055 105.5424147 20190811062337 
1 -0.3751 -1.5281 0.4401 21.0036055 105.5424147 20190811062337 
1 -0.6710 -1.3491 1.4212 21.0036055 105.5424147 20190811062337 
1 -0.1137 -1.2208 0.8920 21.0036055 105.5424147 20190811062337 
1 0.0771 -0.9201 -0.5041 21.0036055 105.5424147 20190811062337 
1 0.0536 -1.1238 -0.1807 21.0036055 105.5424147 20190811062337 
1 -0.1349 -1.3308 0.0573 21.0036055 105.5424147 20190811062337 
1 0.9272 -1.4163 -0.5071 21.0036055 105.5424147 20190811062338 
1 0.5280 -1.3124 -0.7772 21.0036055 105.5424147 20190811062338 
1 0.5398 -1.4552 0.1761 21.0036055 105.5424147 20190811062338 
1 0.4362 -1.3880 -0.8706 21.0036055 105.5424147 20190811062338 
1 0.7665 -1.4444 -1.9406 21.0036055 105.5424147 20190811062338 
1 0.8876 -1.4794 -1.7549 21.0036055 105.5424147 20190811062338 
1 0.6701 -1.4453 -0.7236 21.0036055 105.5424147 20190811062338 
1 0.2560 -1.6612 -0.6062 21.0036055 105.5424147 20190811062338 
1 0.9355 -1.3167 -1.3029 21.0036055 105.5424147 20190811062338 
1 0.3431 -1.4208 -0.9644 21.0036055 105.5424147 20190811062338 
1 0.2198 -1.4194 -0.0773 21.0036055 105.5424147 20190811062338 
1 0.3752 -1.1485 -0.6165 21.0036055 105.5424147 20190811062338 
1 0.3894 -0.5519 -1.5968 21.0036055 105.5424147 20190811062338 
1 0.1951 -0.1534 -0.3942 21.0036055 105.5424147 20190811062338 
1 0.6381 -1.2876 -0.3118 21.0036055 105.5424147 20190811062338 
1 -0.3350 -1.7021 -0.4679 21.0036055 105.5424147 20190811062338 
1 0.1745 -0.5031 0.2474 21.0036055 105.5424147 20190811062338 
1 0.5548 -0.6267 -0.0076 21.0036055 105.5424147 20190811062338 
1 -0.3953 -1.3322 -0.4922 21.0036055 105.5424147 20190811062338 
1 -0.0795 -1.1146 0.5087 21.0036055 105.5424147 20190811062338 
1 0.1577 -0.4709 0.7690 21.0036055 105.5424147 20190811062338 
1 0.6067 -0.5524 -0.2138 21.0036055 105.5424147 20190811062338 
1 -0.7123 -1.2000 0.8578 21.0036055 105.5424147 20190811062338 
1 -0.1108 -1.0675 1.6920 21.0036055 105.5424147 20190811062338 
1 0.3425 -0.4893 0.2267 21.0036055 105.5424147 20190811062338 
1 -0.0866 -0.3930 -0.0008 21.0036055 105.5424147 20190811062338 
1 0.3253 -0.7975 0.8982 21.0036055 105.5424147 20190811062338 
1 0.2167 -1.0716 0.2537 21.0036055 105.5424147 20190811062338 
1 0.4240 -0.7441 -0.3472 21.0036055 105.5424147 20190811062338 
1 0.5011 -0.5455 -0.4586 21.0036055 105.5424147 20190811062338 
1 0.3460 -0.8420 -0.0801 21.0036055 105.5424147 20190811062338 
1 0.4888 -0.9001 -0.0377 21.0036055 105.5424147 20190811062338 
1 0.8856 -0.6193 -0.7589 21.0036055 105.5424147 20190811062338 
1 0.2444 -0.6612 -0.7446 21.0036055 105.5424147 20190811062338 
1 0.6143 -0.9525 0.4400 21.0036055 105.5424147 20190811062338 
1 0.2471 -0.6783 -0.3151 21.0037123 105.5425753 20190811062338 
1 0.1116 -0.8048 -0.3678 21.0037123 105.5425753 20190811062338 
1 0.5806 -0.6269 -0.1384 21.0037123 105.5425753 20190811062338 
1 0.3435 -0.7970 0.0360 21.0037123 105.5425753 20190811062338 
1 0.1737 -0.8191 0.1161 21.0037123 105.5425753 20190811062338 
1 0.2624 -0.7359 0.0978 21.0037123 105.5425753 20190811062338 
1 0.0223 -0.8100 0.4805 21.0037123 105.5425753 20190811062338 
1 0.2621 -0.9432 0.5586 21.0037123 105.5425753 20190811062338 
1 -0.0247 -1.0756 0.6561 21.0037123 105.5425753 20190811062338 
1 0.0643 -0.9332 0.8980 21.0037123 105.5425753 20190811062338 
1 0.0962 -1.0509 0.7980 21.0037123 105.5425753 20190811062338 
1 -0.0317 -1.3500 0.9903 21.0037123 105.5425753 20190811062338 
1 0.0190 -1.2098 0.9581 21.0037123 105.5425753 20190811062338 
1 0.1311 -1.0890 0.5200 21.0037123 105.5425753 20190811062338 
1 -0.0709 -1.1608 0.7533 21.0037123 105.5425753 20190811062338 
1 0.0535 -1.2204 0.6635 21.0037123 105.5425753 20190811062339 
1 -0.0216 -1.2007 0.8043 21.0037123 105.5425753 20190811062339 
1 0.5866 -1.1135 0.7824 21.0037123 105.5425753 20190811062339 
1 -0.0601 -1.1936 0.4623 21.0037123 105.5425753 20190811062339 
1 0.5391 -1.2376 -0.0414 21.0037123 105.5425753 20190811062339 
1 0.0328 -1.5342 0.0201 21.0037123 105.5425753 20190811062339 
1 0.3533 -1.1140 0.0928 21.0037123 105.5425753 20190811062339 
1 0.3166 -1.0465 -0.3016 21.0037123 105.5425753 20190811062339 
1 0.2441 -1.2061 0.0283 21.0037123 105.5425753 20190811062339 
1 0.2771 -1.1764 0.0489 21.0037123 105.5425753 20190811062339 
1 -0.0268 -1.2062 -0.2030 21.0037123 105.5425753 20190811062339 
1 0.6440 -1.0426 -0.3758 21.0037123 105.5425753 20190811062339 
1 -0.2167 -1.2906 0.0527 21.0037123 105.5425753 20190811062339 
1 0.4702 -1.1351 -0.2998 21.0037123 105.5425753 20190811062339 
1 0.1496 -1.3116 -0.4245 21.0037123 105.5425753 20190811062339 
1 0.0715 -1.2738 -0.0426 21.0037123 105.5425753 20190811062339 
1 0.3782 -1.1393 -0.1181 21.0037123 105.5425753 20190811062339 
1 0.1524 -1.3337 -0.1663 21.0037123 105.5425753 20190811062339 
1 0.1532 -1.2765 -0.0096 21.0037123 105.5425753 20190811062339 
1 0.1746 -1.1850 -0.1766 21.0037123 105.5425753 20190811062339 
1 0.2580 -1.1683 -0.1829 21.0037123 105.5425753 20190811062339 
1 0.1445 -1.0611 -0.3608 21.0037123 105.5425753 20190811062339 
1 0.3085 -1.2280 -0.0150 21.0037123 105.5425753 20190811062339 
1 -0.0320 -1.0852 -0.0897 21.0037123 105.5425753 20190811062339 
1 0.3609 -1.1473 -0.1558 21.0037123 105.5425753 20190811062339 
1 0.2256 -1.0730 -0.3441 21.0037123 105.5425753 20190811062339 
1 0.0654 -1.1828 0.1239 21.0037123 105.5425753 20190811062339 
1 0.2031 -1.1677 -0.1173 21.0037123 105.5425753 20190811062339 
1 0.1679 -1.2766 -0.1703 21.0037123 105.5425753 20190811062339 
1 -0.1926 -1.3036 0.2470 21.0037123 105.5425753 20190811062339 
1 0.0669 -1.0652 -0.0262 21.0037123 105.5425753 20190811062339 
1 0.0605 -1.2881 -0.2091 21.0037123 105.5425753 20190811062339 
1 -0.0592 -1.1589 -0.0288 21.0037123 105.5425753 20190811062339 
1 -0.0366 -1.0407 -0.0189 21.0037123 105.5425753 20190811062339 
1 -0.0790 -0.9613 -0.0356 21.0037123 105.5425753 20190811062339 
1 -0.0981 -0.9801 0.3877 21.0038255 105.5427502 20190811062339 
1 -0.2149 -1.0142 0.2635 21.0038255 105.5427502 20190811062339 
1 0.0988 -1.0094 0.1292 21.0038255 105.5427502 20190811062339 
1 -0.6347 -1.0269 0.0182 21.0038255 105.5427502 20190811062339 
1 0.3883 -0.8221 -0.1884 21.0038255 105.5427502 20190811062339 
1 -0.1216 -0.9690 -0.2336 21.0038255 105.5427502 20190811062339 
1 -0.1663 -1.0088 0.3237 21.0038255 105.5427502 20190811062339 
1 0.1789 -0.8082 -0.4392 21.0038255 105.5427502 20190811062339 
1 -0.0343 -0.8334 -0.5129 21.0038255 105.5427502 20190811062339 
1 0.1208 -0.6381 -0.1849 21.0038255 105.5427502 20190811062339 
1 0.1155 -0.4079 -0.4220 21.0038255 105.5427502 20190811062339 
1 0.5514 -0.7037 -0.4386 21.0038255 105.5427502 20190811062339 
1 -0.3302 -0.7797 -0.2050 21.0038255 105.5427502 20190811062339 
1 0.3041 -0.5932 -0.4099 21.0038255 105.5427502 20190811062339 
1 -0.0055 -0.7265 -0.5775 21.0038255 105.5427502 20190811062340 
1 -0.0299 -0.9029 -0.4062 21.0038255 105.5427502 20190811062340 
1 0.1689 -0.9016 -0.2990 21.0038255 105.5427502 20190811062340 
1 -0.0189 -0.7462 -0.3975 21.0038255 105.5427502 20190811062340 
1 -0.0954 -0.7346 -0.2151 21.0038255 105.5427502 20190811062340 
1 -0.0228 -0.7576 0.1652 21.0038255 105.5427502 20190811062340 
1 0.0490 -0.7717 0.0060 21.0038255 105.5427502 20190811062340 
1 -0.4152 -0.8553 0.2406 21.0038255 105.5427502 20190811062340 
1 -0.1503 -0.7741 0.5501 21.0038255 105.5427502 20190811062340 
1 -0.2430 -0.6152 0.4829 21.0038255 105.5427502 20190811062340 
1 -0.2425 -0.8160 0.5396 21.0038255 105.5427502 20190811062340 
1 -0.2794 -0.8078 0.7609 21.0038255 105.5427502 20190811062340 
1 -0.3514 -0.6928 0.7954 21.0038255 105.5427502 20190811062340 
1 -0.1868 -0.5574 0.5436 21.0038255 105.5427502 20190811062340 
1 -0.3801 -0.6279 0.8888 21.0038255 105.5427502 20190811062340 
1 -0.2031 -0.6845 1.3173 21.0038255 105.5427502 20190811062340 
1 -0.6085 -0.5829 0.9947 21.0038255 105.5427502 20190811062340 
1 0.0285 -0.6783 0.9286 21.0038255 105.5427502 20190811062340 
1 -0.6905 -0.3391 -0.0002 21.0038255 105.5427502 20190811062340 
1 0.2314 -0.6545 0.6587 21.0038255 105.5427502 20190811062340 
1 -0.1578 -0.6876 0.8393 21.0038255 105.5427502 20190811062340 
1 -0.1568 -0.5038 0.6442 21.0038255 105.5427502 20190811062340 
1 0.0857 -0.2871 -0.2534 21.0038255 105.5427502 20190811062340 
1 -0.2841 -0.5299 0.2354 21.0038255 105.5427502 20190811062340 
1 0.2085 -0.4825 0.0397 21.0038255 105.5427502 20190811062340 
1 -0.1542 -0.5959 -0.4793 21.0038255 105.5427502 20190811062340 
1 0.2511 -0.3552 -0.3937 21.0038255 105.5427502 20190811062340 
1 0.3415 -0.5424 0.3317 21.0038255 105.5427502 20190811062340 
1 -0.6668 -0.6411 0.1160 21.0038255 105.5427502 20190811062340 
1 0.4091 -0.3157 -1.2737 21.0038255 105.5427502 20190811062340 
1 0.8372 -0.4287 -1.9223 21.0038255 105.5427502 20190811062340 
1 -0.2705 -0.8746 0.5175 21.0038255 105.5427502 20190811062340 
1 -0.5567 -0.4879 0.8340 21.0038255 105.5427502 20190811062340 
1 0.2230 -0.1064 -1.3857 21.0038255 105.5427502 20190811062340 
1 0.1705 -0.8684 -0.0850 21.0038255 105.5427502 20190811062340 
1 -0.4301 -0.7825 0.1969 21.0039361 105.5429041 20190811062340 
1 -0.0737 -0.1594 -2.2316 21.0039361 105.5429041 20190811062340 
1 0.8237 -0.7731 -2.0707 21.0039361 105.5429041 20190811062340 
1 -0.4821 -0.7036 0.2954 21.0039361 105.5429041 20190811062340 
1 -0.7354 -0.5351 0.5309 21.0039361 105.5429041 20190811062340 
1 -0.1889 -0.6400 -0.6414 21.0039361 105.5429041 20190811062340 
1 -0.3047 -0.9486 0.1672 21.0039361 105.5429041 20190811062340 
1 -0.3268 -0.6439 -0.3715 21.0039361 105.5429041 20190811062340 
1 -0.0553 -1.0465 -0.4080 21.0039361 105.5429041 20190811062340 
1 -0.0981 -0.9774 -0.3953 21.0039361 105.5429041 20190811062340 
1 -0.2313 -0.4068 0.0531 21.0039361 105.5429041 20190811062340 
1 -0.4060 -1.2073 2.5899 21.0039361 105.5429041 20190811062340 
1 -1.4583 -0.5956 2.5127 21.0039361 105.5429041 20190811062340 
1 -0.2388 0.3316 -0.1362 21.0039361 105.5429041 20190811062340 
1 -0.6208 -0.9533 1.1912 21.0039361 105.5429041 20190811062340 
1 0.6517 -0.5481 2.6074 21.0039361 105.5429041 20190811062341 
1 -1.3818 0.3350 -1.0115 21.0039361 105.5429041 20190811062341 
1 -0.4677 -1.1514 1.1040 21.0039361 105.5429041 20190811062341 
1 -0.6926 -0.6377 1.4520 21.0039361 105.5429041 20190811062341 
1 -0.5684 -0.0279 -1.1499 21.0039361 105.5429041 20190811062341 
1 -0.6887 -1.1608 -0.8841 21.0039361 105.5429041 20190811062341 
1 0.5046 -0.9395 0.5648 21.0039361 105.5429041 20190811062341 
1 -0.3271 -0.2116 -0.7792 21.0039361 105.5429041 20190811062341 
1 -0.2014 -0.6362 -0.6176 21.0039361 105.5429041 20190811062341 
1 -0.8797 -0.7761 1.5116 21.0039361 105.5429041 20190811062341 
1 0.2392 -0.2877 0.2239 21.0039361 105.5429041 20190811062341 
1 0.7879 -0.8665 -0.0747 21.0039361 105.5429041 20190811062341 
1 0.1957 -0.5589 1.0712 21.0039361 105.5429041 20190811062341 
1 -0.2289 -0.2022 -0.4274 21.0039361 105.5429041 20190811062341 
1 1.4538 -0.9029 -0.1863 21.0039361 105.5429041 20190811062341 
1 -1.1937 -0.8318 0.2664 21.0039361 105.5429041 20190811062341 
1 0.8681 -0.3527 0.3726 21.0039361 105.5429041 20190811062341 
1 -0.0338 -0.2369 -0.5046 21.0039361 105.5429041 20190811062341 
1 0.1744 -0.6282 0.7061 21.0039361 105.5429041 20190811062341 
1 0.1430 -0.4878 -0.0883 21.0039361 105.5429041 20190811062341 
1 0.7649 0.2189 -2.3239 21.0039361 105.5429041 20190811062341 
1 0.0829 -0.7205 -0.6504 21.0039361 105.5429041 20190811062341 
1 0.5745 -0.2961 0.5670 21.0039361 105.5429041 20190811062341 
1 -0.4673 -0.2705 -1.4563 21.0039361 105.5429041 20190811062341 
1 0.3450 -0.7724 -1.9053 21.0039361 105.5429041 20190811062341 
1 0.2966 -0.5477 -1.9441 21.0039361 105.5429041 20190811062341 
1 -0.4863 -0.6395 -1.4933 21.0039361 105.5429041 20190811062341 
1 1.0179 -0.6900 -2.0526 21.0039361 105.5429041 20190811062341 
1 0.2446 -0.8801 -1.9680 21.0039361 105.5429041 20190811062341 
1 -0.6926 -0.7721 -0.4652 21.0039361 105.5429041 20190811062341 
1 0.5526 -0.5271 -0.8752 21.0039361 105.5429041 20190811062341 
1 0.1223 -0.8398 -0.7450 21.0039361 105.5429041 20190811062341 
1 -0.1854 -0.5626 0.4196 21.0039361 105.5429041 20190811062341 
1 0.2598 -0.7785 0.9165 21.0040403 105.543067 20190811062341 
1 0.0444 -0.6842 -0.1549 21.0040403 105.543067 20190811062341 
1 -0.1121 -0.7482 0.7650 21.0040403 105.543067 20190811062341 
1 -0.5917 -0.0821 -0.6543 21.0040403 105.543067 20190811062341 
1 -0.4209 -1.3251 1.2970 21.0040403 105.543067 20190811062341 
1 0.2262 -0.4441 1.2607 21.0040403 105.543067 20190811062341 
1 0.1953 -0.3660 0.6555 21.0040403 105.543067 20190811062341 
1 -0.4079 -0.9056 1.5277 21.0040403 105.543067 20190811062341 
1 0.7386 -0.7399 1.4721 21.0040403 105.543067 20190811062341 
1 -0.6730 -0.2017 -0.8538 21.0040403 105.543067 20190811062341 
1 0.1290 -0.4062 -1.8328 21.0040403 105.543067 20190811062341 
1 0.1692 -1.0305 0.3705 21.0040403 105.543067 20190811062341 
1 0.9338 -0.2041 -0.5973 21.0040403 105.543067 20190811062341 
1 0.0578 -0.5828 -0.5881 21.0040403 105.543067 20190811062341 
1 0.2724 -0.4334 -0.6505 21.0040403 105.543067 20190811062342 
1 1.8310 -0.7565 -0.8838 21.0040403 105.543067 20190811062342 
1 -1.4224 -1.3549 -0.8822 21.0040403 105.543067 20190811062342 
1 -1.9316 0.5044 -3.4347 21.0040403 105.543067 20190811062342 
1 3.9360 -1.3487 -1.6939 21.0040403 105.543067 20190811062342 
1 -0.3367 -0.4036 -2.6221 21.0040403 105.543067 20190811062342 
1 -0.0026 -0.1940 -0.6860 21.0040403 105.543067 20190811062342 
1 0.3215 -0.8592 -1.1406 21.0040403 105.543067 20190811062342 
1 0.0142 -0.6452 -0.5458 21.0040403 105.543067 20190811062342 
1 -0.1017 -0.2102 -3.7639 21.0040403 105.543067 20190811062342 
1 -0.7082 0.0378 -1.1808 21.0040403 105.543067 20190811062342 
1 0.6356 -1.5442 0.5165 21.0040403 105.543067 20190811062342 
1 2.4878 -0.1374 -1.5758 21.0040403 105.543067 20190811062342 
