1 -0.4785 -0.6017 -0.1501 21.0030754 105.5415799 20190811062331 
1 -0.0042 -1.0585 0.0327 21.0030754 105.5415799 20190811062331 
1 -0.4299 -1.1828 0.1608 21.0030754 105.5415799 20190811062331 
1 0.1851 -1.2387 0.0941 21.0030754 105.5415799 20190811062331 
1 -0.3352 -1.4580 -0.2493 21.0030754 105.5415799 20190811062331 
1 -0.0047 -1.6568 -0.3985 21.0030754 105.5415799 20190811062331 
1 -0.0788 -1.9303 -0.5060 21.0030754 105.5415799 20190811062331 
1 -0.0446 -1.7086 -0.2791 21.0030754 105.5415799 20190811062332 
1 -0.1183 -1.5218 -0.5944 21.0030754 105.5415799 20190811062332 
1 -0.2491 -1.7123 -0.6201 21.0030754 105.5415799 20190811062332 
1 0.1369 -1.6443 -0.6080 21.0030754 105.5415799 20190811062332 
1 -0.2458 -1.5913 -0.4072 21.0030754 105.5415799 20190811062332 
1 -0.1176 -1.3534 -0.4170 21.0030754 105.5415799 20190811062332 
1 -0.4836 -1.0997 -0.8952 21.0030754 105.5415799 20190811062332 
1 -0.0001 -1.1519 -0.5891 21.0030754 105.5415799 20190811062332 
1 -0.2856 -1.0947 -0.3564 21.0030754 105.5415799 20190811062332 
1 0.0073 -1.0585 -0.2887 21.0030754 105.5415799 20190811062332 
1 -0.0543 -1.0645 -0.3026 21.0030754 105.5415799 20190811062332 
1 -0.2437 -1.1841 0.0486 21.0030754 105.5415799 20190811062332 
1 0.1377 -1.1420 -0.1440 21.0030754 105.5415799 20190811062332 
1 -0.2867 -1.2518 -0.0218 21.0030754 105.5415799 20190811062332 
1 -0.2166 -1.3125 0.3742 21.0030754 105.5415799 20190811062332 
1 -0.3104 -1.2119 -0.0031 21.0030754 105.5415799 20190811062332 
1 0.1020 -0.9098 -0.1741 21.0030754 105.5415799 20190811062332 
1 -0.2125 -0.7176 -0.2757 21.0030754 105.5415799 20190811062332 
1 0.0249 -0.8670 -0.0475 21.0030754 105.5415799 20190811062332 
1 -0.3799 -0.8093 0.1728 21.0030754 105.5415799 20190811062332 
1 -0.1390 -0.6803 0.2133 21.0030754 105.5415799 20190811062332 
1 -0.3030 -0.6354 0.0331 21.0030754 105.5415799 20190811062332 
1 0.1442 -0.5228 0.2547 21.0030754 105.5415799 20190811062332 
1 -0.4471 -0.6021 0.0686 21.0030754 105.5415799 20190811062332 
1 0.1647 -0.4904 0.0678 21.0030754 105.5415799 20190811062332 
1 -0.2081 -0.4262 0.0709 21.0030754 105.5415799 20190811062332 
1 0.0555 -0.3728 0.2983 21.0030754 105.5415799 20190811062332 
1 -0.2746 -0.2710 -0.0217 21.0030754 105.5415799 20190811062332 
1 0.1487 -0.2843 -0.2027 21.0030754 105.5415799 20190811062332 
1 -0.2524 -0.4565 0.0310 21.0030754 105.5415799 20190811062332 
1 -0.1628 -0.3116 0.1481 21.0030754 105.5415799 20190811062332 
1 0.3155 -0.2431 -0.0495 21.0030754 105.5415799 20190811062332 
1 -0.2850 -0.3048 -0.0091 21.0030754 105.5415799 20190811062332 
1 -0.0538 -0.4070 0.1888 21.0030754 105.5415799 20190811062332 
1 -0.0566 -0.3752 0.1163 21.0030754 105.5415799 20190811062332 
1 0.2083 -0.3344 -0.0871 21.0030754 105.5415799 20190811062332 
1 -0.4545 -0.4045 -0.3189 21.0031489 105.5417019 20190811062332 
1 0.2013 -0.1936 -0.3228 21.0031489 105.5417019 20190811062332 
1 -0.2212 -0.3012 -0.1434 21.0031489 105.5417019 20190811062332 
1 -0.2882 -0.1632 0.3133 21.0031489 105.5417019 20190811062332 
1 0.0680 -0.2325 -0.1576 21.0031489 105.5417019 20190811062332 
1 -0.1631 -0.1253 -0.0531 21.0031489 105.5417019 20190811062332 
1 -0.0452 -0.0367 -0.0352 21.0031489 105.5417019 20190811062332 
1 -0.1651 -0.5583 0.3426 21.0031489 105.5417019 20190811062332 
1 -0.0015 -0.2254 0.3811 21.0031489 105.5417019 20190811062332 
1 -0.3476 -0.2027 -0.0383 21.0031489 105.5417019 20190811062332 
1 -0.0066 -0.2068 -0.1189 21.0031489 105.5417019 20190811062332 
1 -0.5253 -0.2373 0.5636 21.0031489 105.5417019 20190811062332 
1 -0.1143 -0.0429 0.3613 21.0031489 105.5417019 20190811062332 
1 -0.1316 -0.1298 0.0879 21.0031489 105.5417019 20190811062333 
1 -0.1460 -0.1350 0.0435 21.0031489 105.5417019 20190811062333 
1 -0.3556 -0.2055 0.1979 21.0031489 105.5417019 20190811062333 
1 0.2454 -0.0599 0.0657 21.0031489 105.5417019 20190811062333 
1 -0.3287 -0.2015 0.1331 21.0031489 105.5417019 20190811062333 
1 -0.1312 -0.2171 0.3698 21.0031489 105.5417019 20190811062333 
1 -0.1417 -0.2046 0.1195 21.0031489 105.5417019 20190811062333 
1 -0.1809 -0.2317 0.0321 21.0031489 105.5417019 20190811062333 
1 -0.3501 -0.1791 -0.1887 21.0031489 105.5417019 20190811062333 
1 0.0995 -0.2339 -0.1117 21.0031489 105.5417019 20190811062333 
1 -0.3404 -0.1282 -0.4059 21.0031489 105.5417019 20190811062333 
1 0.2254 -0.3065 -0.3444 21.0031489 105.5417019 20190811062333 
1 -0.1618 -0.1354 -0.3395 21.0031489 105.5417019 20190811062333 
1 0.1404 -0.2253 -0.1078 21.0031489 105.5417019 20190811062333 
1 -0.2435 -0.1564 -0.1899 21.0031489 105.5417019 20190811062333 
1 0.1306 -0.1481 0.0692 21.0031489 105.5417019 20190811062333 
1 -0.4176 -0.2342 -0.1013 21.0031489 105.5417019 20190811062333 
1 0.3768 -0.1095 0.0545 21.0031489 105.5417019 20190811062333 
1 -0.4622 -0.2674 -0.2352 21.0031489 105.5417019 20190811062333 
1 0.2405 -0.1648 -0.1349 21.0031489 105.5417019 20190811062333 
1 -0.4336 -0.2165 -0.0188 21.0031489 105.5417019 20190811062333 
1 0.1439 -0.1027 -0.0210 21.0031489 105.5417019 20190811062333 
1 0.0290 -0.1788 -0.2200 21.0031489 105.5417019 20190811062333 
1 -0.0696 -0.1547 0.2640 21.0031489 105.5417019 20190811062333 
1 0.0852 -0.2032 0.0694 21.0031489 105.5417019 20190811062333 
1 -0.0973 -0.2076 0.1484 21.0031489 105.5417019 20190811062333 
1 -0.1362 -0.0674 0.1148 21.0031489 105.5417019 20190811062333 
1 -0.0070 -0.2714 0.0124 21.0031489 105.5417019 20190811062333 
1 -0.3358 -0.1747 0.2970 21.0031489 105.5417019 20190811062333 
1 0.0281 -0.1108 0.0843 21.0031489 105.5417019 20190811062333 
1 -0.0147 -0.2099 -0.2869 21.0031489 105.5417019 20190811062333 
1 -0.0209 -0.1926 0.0163 21.0031489 105.5417019 20190811062333 
1 -0.0871 -0.2007 0.1762 21.0031489 105.5417019 20190811062333 
1 0.0596 -0.1342 0.4981 21.0031489 105.5417019 20190811062333 
1 -0.2496 -0.1370 -0.1919 21.0031489 105.5417019 20190811062333 
1 0.2456 -0.1316 -0.2613 21.0031489 105.5417019 20190811062333 
1 -0.0920 -0.2779 0.2843 21.0031489 105.5417019 20190811062333 
1 -0.2668 -0.1334 0.2096 21.0032323 105.5418324 20190811062333 
1 0.0825 -0.1341 0.0400 21.0032323 105.5418324 20190811062333 
1 -0.1326 -0.1439 -0.1581 21.0032323 105.5418324 20190811062333 
1 -0.1988 -0.1979 -0.2464 21.0032323 105.5418324 20190811062333 
1 0.2398 -0.1013 0.2248 21.0032323 105.5418324 20190811062333 
1 -0.3250 -0.1299 0.0055 21.0032323 105.5418324 20190811062333 
1 0.0728 -0.2355 -0.3669 21.0032323 105.5418324 20190811062333 
1 -0.2222 -0.1943 0.1365 21.0032323 105.5418324 20190811062333 
1 0.0263 -0.0879 -0.2060 21.0032323 105.5418324 20190811062333 
1 -0.2072 -0.2443 -0.2321 21.0032323 105.5418324 20190811062333 
1 -0.0163 -0.1012 0.0312 21.0032323 105.5418324 20190811062333 
1 -0.1289 -0.1578 -0.4251 21.0032323 105.5418324 20190811062333 
1 -0.0802 -0.2290 0.0656 21.0032323 105.5418324 20190811062333 
1 -0.2769 -0.1573 0.1789 21.0032323 105.5418324 20190811062333 
1 -0.0342 -0.2232 -0.0773 21.0032323 105.5418324 20190811062334 
1 -0.4446 -0.2063 0.4021 21.0032323 105.5418324 20190811062334 
1 0.3476 -0.0791 0.1129 21.0032323 105.5418324 20190811062334 
1 -0.1477 -0.2904 -0.0607 21.0032323 105.5418324 20190811062334 
1 -0.0905 -0.1176 0.1350 21.0032323 105.5418324 20190811062334 
1 -0.3028 -0.2759 -0.0502 21.0032323 105.5418324 20190811062334 
1 0.0156 -0.1590 0.4932 21.0032323 105.5418324 20190811062334 
1 -0.4973 -0.1007 0.4450 21.0032323 105.5418324 20190811062334 
1 0.2232 -0.1343 0.0422 21.0032323 105.5418324 20190811062334 
1 -0.1941 -0.2128 0.0648 21.0032323 105.5418324 20190811062334 
1 0.0875 -0.1239 0.0531 21.0032323 105.5418324 20190811062334 
1 -0.2782 -0.2348 0.1570 21.0032323 105.5418324 20190811062334 
1 0.0398 -0.2033 0.3474 21.0032323 105.5418324 20190811062334 
1 -0.1302 -0.1846 0.2461 21.0032323 105.5418324 20190811062334 
1 -0.0953 -0.1801 0.1886 21.0032323 105.5418324 20190811062334 
1 0.0842 -0.1515 -0.0612 21.0032323 105.5418324 20190811062334 
1 -0.0093 -0.1506 -0.1427 21.0032323 105.5418324 20190811062334 
1 -0.1643 -0.0818 -0.0386 21.0032323 105.5418324 20190811062334 
1 0.1684 0.0552 -0.1149 21.0032323 105.5418324 20190811062334 
1 -0.0678 0.0688 0.0638 21.0032323 105.5418324 20190811062334 
1 0.0044 0.0389 0.3616 21.0032323 105.5418324 20190811062334 
1 0.3546 0.0485 -0.1287 21.0032323 105.5418324 20190811062334 
1 -0.2325 -0.0841 -0.1934 21.0032323 105.5418324 20190811062334 
1 0.0841 -0.1047 -0.0147 21.0032323 105.5418324 20190811062334 
1 -0.0417 -0.1375 -0.1067 21.0032323 105.5418324 20190811062334 
1 -0.0011 -0.1666 -0.0069 21.0032323 105.5418324 20190811062334 
1 -0.0623 -0.2190 -0.1271 21.0032323 105.5418324 20190811062334 
1 0.1474 -0.1439 0.1426 21.0032323 105.5418324 20190811062334 
1 -0.2396 -0.0256 0.0205 21.0032323 105.5418324 20190811062334 
1 -0.1379 -0.1340 -0.0000 21.0032323 105.5418324 20190811062334 
1 -0.1981 0.0608 0.1000 21.0032323 105.5418324 20190811062334 
1 -0.1085 -0.1222 -0.0168 21.0032323 105.5418324 20190811062334 
1 -0.2605 0.0208 -0.2978 21.0032323 105.5418324 20190811062334 
1 -0.0171 -0.0529 -0.0417 21.0032323 105.5418324 20190811062334 
1 -0.0072 -0.1044 0.1157 21.0032323 105.5418324 20190811062334 
1 -0.2248 -0.0513 0.1438 21.0032323 105.5418324 20190811062334 
1 -0.0506 -0.0440 -0.1092 21.0033178 105.5419714 20190811062334 
1 -0.5027 -0.1305 0.1093 21.0033178 105.5419714 20190811062334 
1 0.3689 -0.0349 0.3466 21.0033178 105.5419714 20190811062334 
1 -0.5567 -0.0967 0.0444 21.0033178 105.5419714 20190811062334 
1 -0.0863 0.0600 -0.6067 21.0033178 105.5419714 20190811062334 
1 0.2304 -0.0965 -0.8110 21.0033178 105.5419714 20190811062334 
1 0.1086 -0.0701 -0.0903 21.0033178 105.5419714 20190811062334 
1 -0.0889 0.0150 0.0150 21.0033178 105.5419714 20190811062334 
1 0.3699 0.0655 -0.4043 21.0033178 105.5419714 20190811062334 
1 -0.1556 -0.0903 -0.5173 21.0033178 105.5419714 20190811062334 
1 0.0714 -0.1310 0.0938 21.0033178 105.5419714 20190811062334 
1 -0.0796 0.0089 -0.1489 21.0033178 105.5419714 20190811062334 
1 0.2740 -0.0088 -1.0934 21.0033178 105.5419714 20190811062334 
1 0.2651 -0.3081 -0.3952 21.0033178 105.5419714 20190811062335 
1 -0.2450 -0.0161 0.0357 21.0033178 105.5419714 20190811062335 
1 0.4052 -0.0058 -0.8434 21.0033178 105.5419714 20190811062335 
1 -0.2579 -0.1740 -0.2227 21.0033178 105.5419714 20190811062335 
1 0.1103 -0.0044 0.2492 21.0033178 105.5419714 20190811062335 
1 -0.1229 -0.1347 0.2868 21.0033178 105.5419714 20190811062335 
1 -0.0144 0.2650 -0.2172 21.0033178 105.5419714 20190811062335 
1 0.0080 -0.1874 -0.2782 21.0033178 105.5419714 20190811062335 
1 -0.0250 -0.1297 0.4597 21.0033178 105.5419714 20190811062335 
1 -0.3611 0.1308 -0.2073 21.0033178 105.5419714 20190811062335 
1 0.2233 -0.2159 -0.1360 21.0033178 105.5419714 20190811062335 
1 -0.5518 -0.0483 0.5418 21.0033178 105.5419714 20190811062335 
1 -0.0029 0.0472 0.0707 21.0033178 105.5419714 20190811062335 
1 -0.1967 -0.0629 -0.0431 21.0033178 105.5419714 20190811062335 
1 0.0623 0.1176 -0.1299 21.0033178 105.5419714 20190811062335 
1 -0.0983 -0.2530 -0.3497 21.0033178 105.5419714 20190811062335 
1 0.0405 0.0693 0.1344 21.0033178 105.5419714 20190811062335 
1 -0.1243 0.0742 -0.3114 21.0033178 105.5419714 20190811062335 
1 -0.1504 -0.1916 -0.0036 21.0033178 105.5419714 20190811062335 
1 -0.1530 -0.0158 0.1786 21.0033178 105.5419714 20190811062335 
1 -0.0623 0.0185 -0.3683 21.0033178 105.5419714 20190811062335 
1 0.0295 -0.2369 -0.0485 21.0033178 105.5419714 20190811062335 
1 0.1673 0.0679 -0.2898 21.0033178 105.5419714 20190811062335 
1 -0.1017 -0.1088 -0.3331 21.0033178 105.5419714 20190811062335 
1 -0.1420 -0.1374 0.2302 21.0033178 105.5419714 20190811062335 
1 0.0073 0.0176 -0.2861 21.0033178 105.5419714 20190811062335 
1 -0.0590 -0.1358 -0.0923 21.0033178 105.5419714 20190811062335 
1 -0.2922 -0.0060 0.2044 21.0033178 105.5419714 20190811062335 
1 0.2017 -0.0497 -0.1577 21.0033178 105.5419714 20190811062335 
1 -0.1875 -0.0644 -0.3084 21.0033178 105.5419714 20190811062335 
1 0.2861 0.0403 -0.3669 21.0033178 105.5419714 20190811062335 
1 -0.4586 -0.0961 -0.1498 21.0033178 105.5419714 20190811062335 
1 0.1660 -0.0995 0.8289 21.0033178 105.5419714 20190811062335 
1 0.1068 0.1372 -0.4652 21.0033178 105.5419714 20190811062335 
1 -0.3858 -0.2368 -0.1791 21.0033178 105.5419714 20190811062335 
1 0.1285 0.0738 -0.1206 21.0033178 105.5419714 20190811062335 
1 0.0328 -0.2162 -0.1405 21.0034107 105.5421141 20190811062335 
1 -0.1271 0.0049 -0.3146 21.0034107 105.5421141 20190811062335 
1 0.0299 -0.1997 -0.2158 21.0034107 105.5421141 20190811062335 
1 -0.1133 -0.0652 0.5186 21.0034107 105.5421141 20190811062335 
1 -0.0319 0.0780 -0.1428 21.0034107 105.5421141 20190811062335 
1 0.1242 -0.3263 0.1820 21.0034107 105.5421141 20190811062335 
1 -0.3647 -0.2230 0.8129 21.0034107 105.5421141 20190811062335 
1 -0.1967 0.0602 -0.1526 21.0034107 105.5421141 20190811062335 
1 -0.0098 -0.0984 -0.6661 21.0034107 105.5421141 20190811062335 
1 -0.1991 -0.3655 0.7638 21.0034107 105.5421141 20190811062335 
1 -0.1142 0.0354 0.8081 21.0034107 105.5421141 20190811062335 
1 0.2426 0.1605 -0.4192 21.0034107 105.5421141 20190811062335 
1 -0.4187 -0.3117 0.6046 21.0034107 105.5421141 20190811062335 
1 0.2832 -0.1017 1.4968 21.0034107 105.5421141 20190811062336 
1 -0.7873 0.2205 0.4216 21.0034107 105.5421141 20190811062336 
1 0.4143 -0.1202 -0.0970 21.0034107 105.5421141 20190811062336 
1 0.0071 -0.2702 -0.1158 21.0034107 105.5421141 20190811062336 
1 -0.3150 -0.0942 0.5023 21.0034107 105.5421141 20190811062336 
1 -0.0419 0.0486 0.2967 21.0034107 105.5421141 20190811062336 
1 -0.1359 -0.2118 0.0067 21.0034107 105.5421141 20190811062336 
1 -0.2712 -0.3849 0.5529 21.0034107 105.5421141 20190811062336 
1 -0.2181 0.0030 0.2899 21.0034107 105.5421141 20190811062336 
1 -0.3625 -0.1398 0.3499 21.0034107 105.5421141 20190811062336 
1 -0.5585 -0.2959 0.8971 21.0034107 105.5421141 20190811062336 
1 -0.6475 -0.0022 0.2246 21.0034107 105.5421141 20190811062336 
1 -0.0518 -0.0197 -0.0777 21.0034107 105.5421141 20190811062336 
1 -0.3481 -0.1211 0.6744 21.0034107 105.5421141 20190811062336 
1 -0.4655 0.0750 0.2801 21.0034107 105.5421141 20190811062336 
1 -0.1585 -0.0498 -0.0002 21.0034107 105.5421141 20190811062336 
1 -0.3774 0.0350 0.0611 21.0034107 105.5421141 20190811062336 
1 -0.4986 -0.0611 0.0465 21.0034107 105.5421141 20190811062336 
1 0.2864 0.0219 -0.7799 21.0034107 105.5421141 20190811062336 
1 -0.4780 -0.1258 -0.6899 21.0034107 105.5421141 20190811062336 
1 0.4499 -0.0076 -0.3378 21.0034107 105.5421141 20190811062336 
1 -0.2861 -0.0005 -0.8931 21.0034107 105.5421141 20190811062336 
1 0.0516 -0.0826 -0.5034 21.0034107 105.5421141 20190811062336 
1 -0.0546 -0.0648 -0.5983 21.0034107 105.5421141 20190811062336 
1 0.0734 -0.0910 -0.9903 21.0034107 105.5421141 20190811062336 
1 -0.0702 -0.1090 -0.8831 21.0034107 105.5421141 20190811062336 
1 -0.0867 -0.2197 -0.3194 21.0034107 105.5421141 20190811062336 
1 0.0109 -0.1574 -0.5735 21.0034107 105.5421141 20190811062336 
1 0.0517 -0.1107 -0.6713 21.0034107 105.5421141 20190811062336 
1 -0.3751 -0.1454 -0.2960 21.0034107 105.5421141 20190811062336 
1 0.0275 -0.1037 0.2101 21.0034107 105.5421141 20190811062336 
1 -0.1801 0.0054 -0.2933 21.0034107 105.5421141 20190811062336 
1 -0.3640 -0.1069 -0.0983 21.0034107 105.5421141 20190811062336 
1 0.2026 -0.0740 -0.1911 21.0034107 105.5421141 20190811062336 
1 -0.4888 -0.0834 0.1065 21.0034107 105.5421141 20190811062336 
1 0.0396 -0.0199 0.4906 21.0034107 105.5421141 20190811062336 
1 -0.2153 0.0244 -0.2921 21.003506 105.5422597 20190811062336 
1 -0.1411 -0.1534 -0.0102 21.003506 105.5422597 20190811062336 
1 -0.0399 -0.0182 0.4205 21.003506 105.5422597 20190811062336 
1 -0.0400 -0.0082 0.1702 21.003506 105.5422597 20190811062336 
1 -0.1630 -0.0567 0.0860 21.003506 105.5422597 20190811062336 
1 -0.2811 -0.0869 0.3579 21.003506 105.5422597 20190811062336 
1 -0.1596 -0.0181 0.4977 21.003506 105.5422597 20190811062336 
1 0.3010 -0.0235 0.0145 21.003506 105.5422597 20190811062336 
1 -0.4908 -0.1245 0.0247 21.003506 105.5422597 20190811062336 
1 0.0143 -0.0283 0.5303 21.003506 105.5422597 20190811062336 
1 -0.4073 -0.0480 0.3714 21.003506 105.5422597 20190811062336 
1 -0.0629 0.0518 0.0676 21.003506 105.5422597 20190811062336 
1 0.0026 -0.1820 0.1467 21.003506 105.5422597 20190811062336 
1 -0.0466 -0.0008 0.3828 21.003506 105.5422597 20190811062336 
1 -0.1362 0.0072 -0.2370 21.003506 105.5422597 20190811062336 
1 0.1040 -0.1271 0.1510 21.003506 105.5422597 20190811062337 
1 -0.3633 -0.0066 0.3385 21.003506 105.5422597 20190811062337 
1 0.2960 -0.0671 -0.0698 21.003506 105.5422597 20190811062337 
1 0.1321 0.0622 -0.3996 21.003506 105.5422597 20190811062337 
1 -0.1553 -0.0551 0.0493 21.003506 105.5422597 20190811062337 
1 -0.1069 -0.0960 0.3741 21.003506 105.5422597 20190811062337 
1 0.1081 0.0610 -0.0055 21.003506 105.5422597 20190811062337 
1 -0.1277 -0.1993 0.3107 21.003506 105.5422597 20190811062337 
1 -0.0184 0.0353 -0.2096 21.003506 105.5422597 20190811062337 
1 -0.2041 -0.0569 -0.3829 21.003506 105.5422597 20190811062337 
1 0.1334 -0.1346 0.6359 21.003506 105.5422597 20190811062337 
1 -0.4201 0.0414 0.0877 21.003506 105.5422597 20190811062337 
1 -0.1723 -0.1649 0.0791 21.003506 105.5422597 20190811062337 
1 0.3017 0.0655 0.0493 21.003506 105.5422597 20190811062337 
1 -0.5538 -0.0693 0.3610 21.003506 105.5422597 20190811062337 
1 -0.3243 0.0626 0.3454 21.003506 105.5422597 20190811062337 
1 0.5129 0.0824 -0.6741 21.003506 105.5422597 20190811062337 
1 -0.1083 -0.0763 -0.4478 21.003506 105.5422597 20190811062337 
1 0.1160 -0.0381 0.3554 21.003506 105.5422597 20190811062337 
1 -0.0514 0.0696 -0.1988 21.003506 105.5422597 20190811062337 
1 0.2179 -0.0852 -0.2084 21.003506 105.5422597 20190811062337 
1 -0.1479 -0.0562 -0.4838 21.003506 105.5422597 20190811062337 
1 0.3680 0.0641 -0.6293 21.003506 105.5422597 20190811062337 
1 0.0613 -0.1355 -0.5700 21.003506 105.5422597 20190811062337 
1 -0.0306 -0.1248 -0.0084 21.003506 105.5422597 20190811062337 
1 0.0812 -0.1280 0.2338 21.003506 105.5422597 20190811062337 
1 -0.0939 0.0536 0.0863 21.003506 105.5422597 20190811062337 
1 0.0665 -0.0068 0.0051 21.003506 105.5422597 20190811062337 
1 -0.1378 -0.0478 -0.2786 21.003506 105.5422597 20190811062337 
1 -0.1419 -0.0561 0.1915 21.003506 105.5422597 20190811062337 
1 -0.1561 0.0134 0.2654 21.003506 105.5422597 20190811062337 
1 0.0872 -0.1208 -0.0053 21.003506 105.5422597 20190811062337 
1 -0.3417 -0.3004 0.4876 21.003506 105.5422597 20190811062337 
1 0.1145 -0.3964 0.2527 21.003506 105.5422597 20190811062337 
1 -0.2630 -0.9222 0.2046 21.003506 105.5422597 20190811062337 
1 -0.1173 -0.7418 0.2919 21.0036055 105.5424147 20190811062337 
1 -0.2826 -1.1697 0.3958 21.0036055 105.5424147 20190811062337 
1 -0.0893 -1.1809 0.3138 21.0036055 105.5424147 20190811062337 
1 -0.5097 -1.5134 0.6103 21.0036055 105.5424147 20190811062337 
1 -0.2742 -1.4339 0.4847 21.0036055 105.5424147 20190811062337 
1 -0.5206 -1.5464 0.9364 21.0036055 105.5424147 20190811062337 
1 -0.8018 -1.5484 1.1681 21.0036055 105.5424147 20190811062337 
1 -0.1896 -1.1372 0.0706 21.0036055 105.5424147 20190811062337 
1 -0.3751 -1.5281 0.4401 21.0036055 105.5424147 20190811062337 
1 -0.6710 -1.3491 1.4212 21.0036055 105.5424147 20190811062337 
1 -0.1137 -1.2208 0.8920 21.0036055 105.5424147 20190811062337 
1 0.0771 -0.9201 -0.5041 21.0036055 105.5424147 20190811062337 
1 0.0536 -1.1238 -0.1807 21.0036055 105.5424147 20190811062337 
1 -0.1349 -1.3308 0.0573 21.0036055 105.5424147 20190811062337 
1 0.9272 -1.4163 -0.5071 21.0036055 105.5424147 20190811062338 
1 0.5280 -1.3124 -0.7772 21.0036055 105.5424147 20190811062338 
1 0.5398 -1.4552 0.1761 21.0036055 105.5424147 20190811062338 
1 0.4362 -1.3880 -0.8706 21.0036055 105.5424147 20190811062338 
1 0.7665 -1.4444 -1.9406 21.0036055 105.5424147 20190811062338 
1 0.8876 -1.4794 -1.7549 21.0036055 105.5424147 20190811062338 
1 0.6701 -1.4453 -0.7236 21.0036055 105.5424147 20190811062338 
1 0.2560 -1.6612 -0.6062 21.0036055 105.5424147 20190811062338 
1 0.9355 -1.3167 -1.3029 21.0036055 105.5424147 20190811062338 
1 0.3431 -1.4208 -0.9644 21.0036055 105.5424147 20190811062338 
1 0.2198 -1.4194 -0.0773 21.0036055 105.5424147 20190811062338 
1 0.3752 -1.1485 -0.6165 21.0036055 105.5424147 20190811062338 
1 0.3894 -0.5519 -1.5968 21.0036055 105.5424147 20190811062338 
1 0.1951 -0.1534 -0.3942 21.0036055 105.5424147 20190811062338 
1 0.6381 -1.2876 -0.3118 21.0036055 105.5424147 20190811062338 
1 -0.3350 -1.7021 -0.4679 21.0036055 105.5424147 20190811062338 
1 0.1745 -0.5031 0.2474 21.0036055 105.5424147 20190811062338 
1 0.5548 -0.6267 -0.0076 21.0036055 105.5424147 20190811062338 
1 -0.3953 -1.3322 -0.4922 21.0036055 105.5424147 20190811062338 
1 -0.0795 -1.1146 0.5087 21.0036055 105.5424147 20190811062338 
1 0.1577 -0.4709 0.7690 21.0036055 105.5424147 20190811062338 
1 0.6067 -0.5524 -0.2138 21.0036055 105.5424147 20190811062338 
1 -0.7123 -1.2000 0.8578 21.0036055 105.5424147 20190811062338 
1 -0.1108 -1.0675 1.6920 21.0036055 105.5424147 20190811062338 
1 0.3425 -0.4893 0.2267 21.0036055 105.5424147 20190811062338 
1 -0.0866 -0.3930 -0.0008 21.0036055 105.5424147 20190811062338 
1 0.3253 -0.7975 0.8982 21.0036055 105.5424147 20190811062338 
1 0.2167 -1.0716 0.2537 21.0036055 105.5424147 20190811062338 
1 0.4240 -0.7441 -0.3472 21.0036055 105.5424147 20190811062338 
1 0.5011 -0.5455 -0.4586 21.0036055 105.5424147 20190811062338 
1 0.3460 -0.8420 -0.0801 21.0036055 105.5424147 20190811062338 
1 0.4888 -0.9001 -0.0377 21.0036055 105.5424147 20190811062338 
1 0.8856 -0.6193 -0.7589 21.0036055 105.5424147 20190811062338 
1 0.2444 -0.6612 -0.7446 21.0036055 105.5424147 20190811062338 
1 0.6143 -0.9525 0.4400 21.0036055 105.5424147 20190811062338 
1 0.2471 -0.6783 -0.3151 21.0037123 105.5425753 20190811062338 
1 0.1116 -0.8048 -0.3678 21.0037123 105.5425753 20190811062338 
1 0.5806 -0.6269 -0.1384 21.0037123 105.5425753 20190811062338 
1 0.3435 -0.7970 0.0360 21.0037123 105.5425753 20190811062338 
1 0.1737 -0.8191 0.1161 21.0037123 105.5425753 20190811062338 
1 0.2624 -0.7359 0.0978 21.0037123 105.5425753 20190811062338 
1 0.0223 -0.8100 0.4805 21.0037123 105.5425753 20190811062338 
1 0.2621 -0.9432 0.5586 21.0037123 105.5425753 20190811062338 
1 -0.0247 -1.0756 0.6561 21.0037123 105.5425753 20190811062338 
1 0.0643 -0.9332 0.8980 21.0037123 105.5425753 20190811062338 
1 0.0962 -1.0509 0.7980 21.0037123 105.5425753 20190811062338 
1 -0.0317 -1.3500 0.9903 21.0037123 105.5425753 20190811062338 
1 0.0190 -1.2098 0.9581 21.0037123 105.5425753 20190811062338 
1 0.1311 -1.0890 0.5200 21.0037123 105.5425753 20190811062338 
1 -0.0709 -1.1608 0.7533 21.0037123 105.5425753 20190811062338 
1 0.0535 -1.2204 0.6635 21.0037123 105.5425753 20190811062339 
1 -0.0216 -1.2007 0.8043 21.0037123 105.5425753 20190811062339 
1 0.5866 -1.1135 0.7824 21.0037123 105.5425753 20190811062339 
1 -0.0601 -1.1936 0.4623 21.0037123 105.5425753 20190811062339 
1 0.5391 -1.2376 -0.0414 21.0037123 105.5425753 20190811062339 
1 0.0328 -1.5342 0.0201 21.0037123 105.5425753 20190811062339 
1 0.3533 -1.1140 0.0928 21.0037123 105.5425753 20190811062339 
1 0.3166 -1.0465 -0.3016 21.0037123 105.5425753 20190811062339 
1 0.2441 -1.2061 0.0283 21.0037123 105.5425753 20190811062339 
1 0.2771 -1.1764 0.0489 21.0037123 105.5425753 20190811062339 
1 -0.0268 -1.2062 -0.2030 21.0037123 105.5425753 20190811062339 
1 0.6440 -1.0426 -0.3758 21.0037123 105.5425753 20190811062339 
1 -0.2167 -1.2906 0.0527 21.0037123 105.5425753 20190811062339 
1 0.4702 -1.1351 -0.2998 21.0037123 105.5425753 20190811062339 
1 0.1496 -1.3116 -0.4245 21.0037123 105.5425753 20190811062339 
1 0.0715 -1.2738 -0.0426 21.0037123 105.5425753 20190811062339 
1 0.3782 -1.1393 -0.1181 21.0037123 105.5425753 20190811062339 
1 0.1524 -1.3337 -0.1663 21.0037123 105.5425753 20190811062339 
1 0.1532 -1.2765 -0.0096 21.0037123 105.5425753 20190811062339 
1 0.1746 -1.1850 -0.1766 21.0037123 105.5425753 20190811062339 
1 0.2580 -1.1683 -0.1829 21.0037123 105.5425753 20190811062339 
1 0.1445 -1.0611 -0.3608 21.0037123 105.5425753 20190811062339 
1 0.3085 -1.2280 -0.0150 21.0037123 105.5425753 20190811062339 
1 -0.0320 -1.0852 -0.0897 21.0037123 105.5425753 20190811062339 
1 0.3609 -1.1473 -0.1558 21.0037123 105.5425753 20190811062339 
1 0.2256 -1.0730 -0.3441 21.0037123 105.5425753 20190811062339 
1 0.0654 -1.1828 0.1239 21.0037123 105.5425753 20190811062339 
1 0.2031 -1.1677 -0.1173 21.0037123 105.5425753 20190811062339 
1 0.1679 -1.2766 -0.1703 21.0037123 105.5425753 20190811062339 
1 -0.1926 -1.3036 0.2470 21.0037123 105.5425753 20190811062339 
1 0.0669 -1.0652 -0.0262 21.0037123 105.5425753 20190811062339 
1 0.0605 -1.2881 -0.2091 21.0037123 105.5425753 20190811062339 
1 -0.0592 -1.1589 -0.0288 21.0037123 105.5425753 20190811062339 
1 -0.0366 -1.0407 -0.0189 21.0037123 105.5425753 20190811062339 
1 -0.0790 -0.9613 -0.0356 21.0037123 105.5425753 20190811062339 
1 -0.0981 -0.9801 0.3877 21.0038255 105.5427502 20190811062339 
1 -0.2149 -1.0142 0.2635 21.0038255 105.5427502 20190811062339 
1 0.0988 -1.0094 0.1292 21.0038255 105.5427502 20190811062339 
1 -0.6347 -1.0269 0.0182 21.0038255 105.5427502 20190811062339 
1 0.3883 -0.8221 -0.1884 21.0038255 105.5427502 20190811062339 
1 -0.1216 -0.9690 -0.2336 21.0038255 105.5427502 20190811062339 
1 -0.1663 -1.0088 0.3237 21.0038255 105.5427502 20190811062339 
1 0.1789 -0.8082 -0.4392 21.0038255 105.5427502 20190811062339 
1 -0.0343 -0.8334 -0.5129 21.0038255 105.5427502 20190811062339 
1 0.1208 -0.6381 -0.1849 21.0038255 105.5427502 20190811062339 
1 0.1155 -0.4079 -0.4220 21.0038255 105.5427502 20190811062339 
1 0.5514 -0.7037 -0.4386 21.0038255 105.5427502 20190811062339 
1 -0.3302 -0.7797 -0.2050 21.0038255 105.5427502 20190811062339 
1 0.3041 -0.5932 -0.4099 21.0038255 105.5427502 20190811062339 
1 -0.0055 -0.7265 -0.5775 21.0038255 105.5427502 20190811062340 
1 -0.0299 -0.9029 -0.4062 21.0038255 105.5427502 20190811062340 
1 0.1689 -0.9016 -0.2990 21.0038255 105.5427502 20190811062340 
1 -0.0189 -0.7462 -0.3975 21.0038255 105.5427502 20190811062340 
1 -0.0954 -0.7346 -0.2151 21.0038255 105.5427502 20190811062340 
1 -0.0228 -0.7576 0.1652 21.0038255 105.5427502 20190811062340 
1 0.0490 -0.7717 0.0060 21.0038255 105.5427502 20190811062340 
1 -0.4152 -0.8553 0.2406 21.0038255 105.5427502 20190811062340 
1 -0.1503 -0.7741 0.5501 21.0038255 105.5427502 20190811062340 
1 -0.2430 -0.6152 0.4829 21.0038255 105.5427502 20190811062340 
1 -0.2425 -0.8160 0.5396 21.0038255 105.5427502 20190811062340 
1 -0.2794 -0.8078 0.7609 21.0038255 105.5427502 20190811062340 
1 -0.3514 -0.6928 0.7954 21.0038255 105.5427502 20190811062340 
1 -0.1868 -0.5574 0.5436 21.0038255 105.5427502 20190811062340 
1 -0.3801 -0.6279 0.8888 21.0038255 105.5427502 20190811062340 
1 -0.2031 -0.6845 1.3173 21.0038255 105.5427502 20190811062340 
1 -0.6085 -0.5829 0.9947 21.0038255 105.5427502 20190811062340 
1 0.0285 -0.6783 0.9286 21.0038255 105.5427502 20190811062340 
1 -0.6905 -0.3391 -0.0002 21.0038255 105.5427502 20190811062340 
1 0.2314 -0.6545 0.6587 21.0038255 105.5427502 20190811062340 
1 -0.1578 -0.6876 0.8393 21.0038255 105.5427502 20190811062340 
1 -0.1568 -0.5038 0.6442 21.0038255 105.5427502 20190811062340 
1 0.0857 -0.2871 -0.2534 21.0038255 105.5427502 20190811062340 
1 -0.2841 -0.5299 0.2354 21.0038255 105.5427502 20190811062340 
1 0.2085 -0.4825 0.0397 21.0038255 105.5427502 20190811062340 
1 -0.1542 -0.5959 -0.4793 21.0038255 105.5427502 20190811062340 
1 0.2511 -0.3552 -0.3937 21.0038255 105.5427502 20190811062340 
1 0.3415 -0.5424 0.3317 21.0038255 105.5427502 20190811062340 
1 -0.6668 -0.6411 0.1160 21.0038255 105.5427502 20190811062340 
1 0.4091 -0.3157 -1.2737 21.0038255 105.5427502 20190811062340 
1 0.8372 -0.4287 -1.9223 21.0038255 105.5427502 20190811062340 
1 -0.2705 -0.8746 0.5175 21.0038255 105.5427502 20190811062340 
1 -0.5567 -0.4879 0.8340 21.0038255 105.5427502 20190811062340 
1 0.2230 -0.1064 -1.3857 21.0038255 105.5427502 20190811062340 
1 0.1705 -0.8684 -0.0850 21.0038255 105.5427502 20190811062340 
1 -0.4301 -0.7825 0.1969 21.0039361 105.5429041 20190811062340 
1 -0.0737 -0.1594 -2.2316 21.0039361 105.5429041 20190811062340 
1 0.8237 -0.7731 -2.0707 21.0039361 105.5429041 20190811062340 
1 -0.4821 -0.7036 0.2954 21.0039361 105.5429041 20190811062340 
1 -0.7354 -0.5351 0.5309 21.0039361 105.5429041 20190811062340 
1 -0.1889 -0.6400 -0.6414 21.0039361 105.5429041 20190811062340 
1 -0.3047 -0.9486 0.1672 21.0039361 105.5429041 20190811062340 
1 -0.3268 -0.6439 -0.3715 21.0039361 105.5429041 20190811062340 
1 -0.0553 -1.0465 -0.4080 21.0039361 105.5429041 20190811062340 
1 -0.0981 -0.9774 -0.3953 21.0039361 105.5429041 20190811062340 
1 -0.2313 -0.4068 0.0531 21.0039361 105.5429041 20190811062340 
1 -0.4060 -1.2073 2.5899 21.0039361 105.5429041 20190811062340 
1 -1.4583 -0.5956 2.5127 21.0039361 105.5429041 20190811062340 
1 -0.2388 0.3316 -0.1362 21.0039361 105.5429041 20190811062340 
1 -0.6208 -0.9533 1.1912 21.0039361 105.5429041 20190811062340 
1 0.6517 -0.5481 2.6074 21.0039361 105.5429041 20190811062341 
1 -1.3818 0.3350 -1.0115 21.0039361 105.5429041 20190811062341 
1 -0.4677 -1.1514 1.1040 21.0039361 105.5429041 20190811062341 
1 -0.6926 -0.6377 1.4520 21.0039361 105.5429041 20190811062341 
1 -0.5684 -0.0279 -1.1499 21.0039361 105.5429041 20190811062341 
1 -0.6887 -1.1608 -0.8841 21.0039361 105.5429041 20190811062341 
1 0.5046 -0.9395 0.5648 21.0039361 105.5429041 20190811062341 
1 -0.3271 -0.2116 -0.7792 21.0039361 105.5429041 20190811062341 
1 -0.2014 -0.6362 -0.6176 21.0039361 105.5429041 20190811062341 
1 -0.8797 -0.7761 1.5116 21.0039361 105.5429041 20190811062341 
1 0.2392 -0.2877 0.2239 21.0039361 105.5429041 20190811062341 
1 0.7879 -0.8665 -0.0747 21.0039361 105.5429041 20190811062341 
1 0.1957 -0.5589 1.0712 21.0039361 105.5429041 20190811062341 
1 -0.2289 -0.2022 -0.4274 21.0039361 105.5429041 20190811062341 
1 1.4538 -0.9029 -0.1863 21.0039361 105.5429041 20190811062341 
1 -1.1937 -0.8318 0.2664 21.0039361 105.5429041 20190811062341 
1 0.8681 -0.3527 0.3726 21.0039361 105.5429041 20190811062341 
1 -0.0338 -0.2369 -0.5046 21.0039361 105.5429041 20190811062341 
1 0.1744 -0.6282 0.7061 21.0039361 105.5429041 20190811062341 
1 0.1430 -0.4878 -0.0883 21.0039361 105.5429041 20190811062341 
1 0.7649 0.2189 -2.3239 21.0039361 105.5429041 20190811062341 
1 0.0829 -0.7205 -0.6504 21.0039361 105.5429041 20190811062341 
1 0.5745 -0.2961 0.5670 21.0039361 105.5429041 20190811062341 
1 -0.4673 -0.2705 -1.4563 21.0039361 105.5429041 20190811062341 
1 0.3450 -0.7724 -1.9053 21.0039361 105.5429041 20190811062341 
1 0.2966 -0.5477 -1.9441 21.0039361 105.5429041 20190811062341 
1 -0.4863 -0.6395 -1.4933 21.0039361 105.5429041 20190811062341 
1 1.0179 -0.6900 -2.0526 21.0039361 105.5429041 20190811062341 
1 0.2446 -0.8801 -1.9680 21.0039361 105.5429041 20190811062341 
1 -0.6926 -0.7721 -0.4652 21.0039361 105.5429041 20190811062341 
1 0.5526 -0.5271 -0.8752 21.0039361 105.5429041 20190811062341 
1 0.1223 -0.8398 -0.7450 21.0039361 105.5429041 20190811062341 
1 -0.1854 -0.5626 0.4196 21.0039361 105.5429041 20190811062341 
1 0.2598 -0.7785 0.9165 21.0040403 105.543067 20190811062341 
1 0.0444 -0.6842 -0.1549 21.0040403 105.543067 20190811062341 
1 -0.1121 -0.7482 0.7650 21.0040403 105.543067 20190811062341 
1 -0.5917 -0.0821 -0.6543 21.0040403 105.543067 20190811062341 
1 -0.4209 -1.3251 1.2970 21.0040403 105.543067 20190811062341 
1 0.2262 -0.4441 1.2607 21.0040403 105.543067 20190811062341 
1 0.1953 -0.3660 0.6555 21.0040403 105.543067 20190811062341 
1 -0.4079 -0.9056 1.5277 21.0040403 105.543067 20190811062341 
1 0.7386 -0.7399 1.4721 21.0040403 105.543067 20190811062341 
1 -0.6730 -0.2017 -0.8538 21.0040403 105.543067 20190811062341 
1 0.1290 -0.4062 -1.8328 21.0040403 105.543067 20190811062341 
1 0.1692 -1.0305 0.3705 21.0040403 105.543067 20190811062341 
1 0.9338 -0.2041 -0.5973 21.0040403 105.543067 20190811062341 
1 0.0578 -0.5828 -0.5881 21.0040403 105.543067 20190811062341 
1 0.2724 -0.4334 -0.6505 21.0040403 105.543067 20190811062342 
1 1.8310 -0.7565 -0.8838 21.0040403 105.543067 20190811062342 
1 -1.4224 -1.3549 -0.8822 21.0040403 105.543067 20190811062342 
1 -1.9316 0.5044 -3.4347 21.0040403 105.543067 20190811062342 
1 3.9360 -1.3487 -1.6939 21.0040403 105.543067 20190811062342 
1 -0.3367 -0.4036 -2.6221 21.0040403 105.543067 20190811062342 
1 -0.0026 -0.1940 -0.6860 21.0040403 105.543067 20190811062342 
1 0.3215 -0.8592 -1.1406 21.0040403 105.543067 20190811062342 
1 0.0142 -0.6452 -0.5458 21.0040403 105.543067 20190811062342 
1 -0.1017 -0.2102 -3.7639 21.0040403 105.543067 20190811062342 
1 -0.7082 0.0378 -1.1808 21.0040403 105.543067 20190811062342 
1 0.6356 -1.5442 0.5165 21.0040403 105.543067 20190811062342 
1 2.4878 -0.1374 -1.5758 21.0040403 105.543067 20190811062342 
1 -1.4904 -0.2706 -3.3459 21.0040403 105.543067 20190811062342 
1 -1.2198 -0.8957 0.0437 21.0040403 105.543067 20190811062342 
1 1.8146 -0.7408 -0.5273 21.0040403 105.543067 20190811062342 
1 -0.0238 -0.6552 -1.6843 21.0040403 105.543067 20190811062342 
1 -0.8124 -0.6029 0.3872 21.0040403 105.543067 20190811062342 
1 0.1794 -0.9493 1.5084 21.0040403 105.543067 20190811062342 
1 0.8019 -0.5556 0.0660 21.0040403 105.543067 20190811062342 
1 0.1266 -0.5275 1.0747 21.0040403 105.543067 20190811062342 
1 -0.3817 -0.7915 2.1152 21.0040403 105.543067 20190811062342 
1 -0.0018 -0.7750 1.6688 21.0040403 105.543067 20190811062342 
1 0.3164 -0.3943 1.5153 21.0040403 105.543067 20190811062342 
1 0.2447 -0.4819 1.8167 21.0040403 105.543067 20190811062342 
1 -0.5171 -0.5571 2.0127 21.0040403 105.543067 20190811062342 
1 0.6709 -0.4020 1.5913 21.0040403 105.543067 20190811062342 
1 0.3425 -0.6776 1.3727 21.0040403 105.543067 20190811062342 
1 0.0483 -0.4617 1.0673 21.0040403 105.543067 20190811062342 
1 0.2129 -0.3209 0.5834 21.0040403 105.543067 20190811062342 
1 0.2073 -0.5491 0.3385 21.0040403 105.543067 20190811062342 
1 -0.0628 -0.5141 0.0096 21.0040403 105.543067 20190811062342 
1 0.4550 -0.4185 -0.6161 21.0040403 105.543067 20190811062342 
1 -0.0053 -0.4982 -0.5876 21.0040403 105.543067 20190811062342 
1 0.2329 -0.5234 0.2281 21.0040403 105.543067 20190811062342 
1 0.1259 -0.3051 -0.5730 21.0040403 105.543067 20190811062342 
1 -0.1096 -0.7301 -0.7947 21.0041476 105.5432301 20190811062342 
1 -0.2161 -0.8389 0.0418 21.0041476 105.5432301 20190811062342 
1 0.1694 -0.2776 -0.7893 21.0041476 105.5432301 20190811062342 
1 0.3362 -0.4315 -1.3967 21.0041476 105.5432301 20190811062342 
1 -0.0673 -0.6282 -0.3521 21.0041476 105.5432301 20190811062342 
1 -0.1811 -0.5547 0.0914 21.0041476 105.5432301 20190811062342 
1 -0.2827 -0.4793 -0.6251 21.0041476 105.5432301 20190811062342 
1 -0.0135 -0.4396 -0.5450 21.0041476 105.5432301 20190811062342 
1 0.0263 -0.4114 -0.5426 21.0041476 105.5432301 20190811062342 
1 0.1202 -0.6886 -0.5394 21.0041476 105.5432301 20190811062342 
1 0.0719 -0.5638 -0.8338 21.0041476 105.5432301 20190811062342 
1 0.2717 -0.5379 -0.2268 21.0041476 105.5432301 20190811062342 
1 0.0825 -0.3377 -0.2244 21.0041476 105.5432301 20190811062342 
1 0.0792 -0.5511 0.0309 21.0041476 105.5432301 20190811062342 
1 -0.0966 -0.7554 0.0381 21.0041476 105.5432301 20190811062342 
1 0.5407 -0.4051 -0.7066 21.0041476 105.5432301 20190811062342 
1 -0.1823 -0.6537 -0.5724 21.0041476 105.5432301 20190811062343 
1 0.1114 -0.3973 -0.1195 21.0041476 105.5432301 20190811062343 
1 0.4133 -0.5951 0.0096 21.0041476 105.5432301 20190811062343 
1 -0.1924 -0.6051 0.0982 21.0041476 105.5432301 20190811062343 
1 0.0349 -0.3619 0.1943 21.0041476 105.5432301 20190811062343 
1 0.0671 -0.4083 -0.1715 21.0041476 105.5432301 20190811062343 
1 0.1716 -0.5721 0.3987 21.0041476 105.5432301 20190811062343 
1 0.1127 -0.5286 0.0873 21.0041476 105.5432301 20190811062343 
1 -0.1280 -0.4158 -0.6771 21.0041476 105.5432301 20190811062343 
1 -0.1233 -0.4637 -0.2090 21.0041476 105.5432301 20190811062343 
1 0.0752 -0.4827 0.2991 21.0041476 105.5432301 20190811062343 
1 0.0186 -0.3373 -0.2652 21.0041476 105.5432301 20190811062343 
1 0.1464 -0.5223 -0.3773 21.0041476 105.5432301 20190811062343 
1 0.3354 -0.4681 -0.0608 21.0041476 105.5432301 20190811062343 
1 0.2135 -0.4282 -0.1065 21.0041476 105.5432301 20190811062343 
1 -0.4337 -0.5607 -0.1865 21.0041476 105.5432301 20190811062343 
1 0.5190 -0.3876 -0.2148 21.0041476 105.5432301 20190811062343 
1 0.0499 -0.4232 -0.2363 21.0041476 105.5432301 20190811062343 
1 -0.0599 -0.4762 0.3379 21.0041476 105.5432301 20190811062343 
1 0.1798 -0.5086 0.1259 21.0041476 105.5432301 20190811062343 
1 -0.0263 -0.4082 -0.1711 21.0041476 105.5432301 20190811062343 
1 -0.0341 -0.3785 0.3314 21.0041476 105.5432301 20190811062343 
1 -0.1664 -0.4561 0.4496 21.0041476 105.5432301 20190811062343 
1 -0.0158 -0.4035 0.1317 21.0041476 105.5432301 20190811062343 
1 -0.0358 -0.4499 0.2237 21.0041476 105.5432301 20190811062343 
1 -0.4090 -0.3129 0.1161 21.0041476 105.5432301 20190811062343 
1 -0.1238 -0.3179 0.1084 21.0041476 105.5432301 20190811062343 
1 -0.1851 -0.5586 0.4093 21.0041476 105.5432301 20190811062343 
1 -0.3273 -0.5202 0.4581 21.0041476 105.5432301 20190811062343 
1 -0.4708 -0.3677 -0.1684 21.0041476 105.5432301 20190811062343 
1 0.0934 -0.3415 -0.2813 21.0041476 105.5432301 20190811062343 
1 -0.0811 -0.5078 0.4492 21.0041476 105.5432301 20190811062343 
1 -0.4190 -0.4823 0.3809 21.0041476 105.5432301 20190811062343 
1 0.1347 -0.3624 -0.2044 21.0041476 105.5432301 20190811062343 
1 -0.2827 -0.5763 0.5668 21.0042479 105.5433789 20190811062343 
1 -0.2646 -0.3046 0.8580 21.0042479 105.5433789 20190811062343 
1 0.1814 -0.2270 -0.1411 21.0042479 105.5433789 20190811062343 
1 -0.1308 -0.5306 0.1482 21.0042479 105.5433789 20190811062343 
1 -0.0464 -0.4663 0.9985 21.0042479 105.5433789 20190811062343 
1 0.0287 -0.4672 0.3998 21.0042479 105.5433789 20190811062343 
1 -0.0786 -0.3143 0.0260 21.0042479 105.5433789 20190811062343 
1 0.1122 -0.2321 0.2112 21.0042479 105.5433789 20190811062343 
1 0.0064 -0.5558 0.6397 21.0042479 105.5433789 20190811062343 
1 -0.0058 -0.3974 0.4007 21.0042479 105.5433789 20190811062343 
1 0.1733 -0.1493 -0.2628 21.0042479 105.5433789 20190811062343 
1 -0.1066 -0.0865 -0.1780 21.0042479 105.5433789 20190811062343 
1 -0.1778 -0.1415 0.2888 21.0042479 105.5433789 20190811062343 
1 0.0590 -0.2723 0.2277 21.0042479 105.5433789 20190811062343 
1 0.2968 0.0551 -0.5697 21.0042479 105.5433789 20190811062343 
1 -0.3256 -0.2701 0.0332 21.0042479 105.5433789 20190811062344 
1 0.1728 -0.0415 0.1822 21.0042479 105.5433789 20190811062344 
1 0.1999 0.0038 -0.6567 21.0042479 105.5433789 20190811062344 
1 -0.0324 -0.4028 -0.2889 21.0042479 105.5433789 20190811062344 
1 0.0027 -0.1940 0.0114 21.0042479 105.5433789 20190811062344 
1 -0.0047 -0.1342 -0.2490 21.0042479 105.5433789 20190811062344 
1 0.1068 -0.0691 -0.4743 21.0042479 105.5433789 20190811062344 
1 -0.1876 -0.3019 0.2424 21.0042479 105.5433789 20190811062344 
1 0.0541 -0.2136 0.0755 21.0042479 105.5433789 20190811062344 
1 0.1648 -0.1916 0.0596 21.0042479 105.5433789 20190811062344 
1 -0.3187 -0.4503 0.4503 21.0042479 105.5433789 20190811062344 
1 0.0909 -0.0184 0.0664 21.0042479 105.5433789 20190811062344 
1 0.2103 -0.2380 0.2860 21.0042479 105.5433789 20190811062344 
1 -0.0664 -0.4835 1.0407 21.0042479 105.5433789 20190811062344 
1 -0.1532 -0.2041 0.9628 21.0042479 105.5433789 20190811062344 
1 0.0862 -0.1477 0.1200 21.0042479 105.5433789 20190811062344 
1 -0.1268 -0.2908 0.7984 21.0042479 105.5433789 20190811062344 
1 -0.2408 -0.1957 1.0641 21.0042479 105.5433789 20190811062344 
1 0.0859 -0.1098 -0.0240 21.0042479 105.5433789 20190811062344 
1 0.0312 -0.2953 0.2568 21.0042479 105.5433789 20190811062344 
1 0.2600 -0.1351 0.4919 21.0042479 105.5433789 20190811062344 
1 -0.5773 -0.1673 0.4797 21.0042479 105.5433789 20190811062344 
1 0.4333 -0.0432 -0.2033 21.0042479 105.5433789 20190811062344 
1 0.2099 -0.1574 -0.1002 21.0042479 105.5433789 20190811062344 
1 -0.1502 -0.2661 0.5563 21.0042479 105.5433789 20190811062344 
1 -0.1314 -0.0612 -0.3641 21.0042479 105.5433789 20190811062344 
1 0.4440 -0.2486 -0.5801 21.0042479 105.5433789 20190811062344 
1 -0.1497 -0.3332 0.1991 21.0042479 105.5433789 20190811062344 
1 0.0888 -0.0982 -0.2195 21.0042479 105.5433789 20190811062344 
1 0.5944 -0.2124 -1.0193 21.0042479 105.5433789 20190811062344 
1 -0.0927 -0.2839 -0.0576 21.0042479 105.5433789 20190811062344 
1 0.1679 -0.0697 0.1550 21.0042479 105.5433789 20190811062344 
1 0.4029 -0.1070 -0.7429 21.0042479 105.5433789 20190811062344 
1 0.1697 -0.3430 0.1717 21.0042479 105.5433789 20190811062344 
1 0.2419 -0.2419 0.6302 21.0042479 105.5433789 20190811062344 
1 0.1004 0.0447 -0.6437 21.004354 105.5435279 20190811062344 
1 0.2112 -0.3171 -0.1883 21.004354 105.5435279 20190811062344 
1 0.2397 -0.2871 0.6698 21.004354 105.5435279 20190811062344 
1 0.1074 -0.0556 -0.0374 21.004354 105.5435279 20190811062344 
1 0.3186 -0.3002 -0.1447 21.004354 105.5435279 20190811062344 
1 0.1428 -0.1389 0.2171 21.004354 105.5435279 20190811062344 
1 -0.1411 -0.1599 0.3791 21.004354 105.5435279 20190811062344 
1 0.0439 -0.1503 -0.0649 21.004354 105.5435279 20190811062344 
1 0.1902 -0.1650 -0.2574 21.004354 105.5435279 20190811062344 
1 0.0336 -0.2606 0.3139 21.004354 105.5435279 20190811062344 
1 -0.0780 -0.0940 0.1056 21.004354 105.5435279 20190811062344 
1 0.0641 -0.2987 -0.1075 21.004354 105.5435279 20190811062344 
1 0.1441 -0.0874 0.0710 21.004354 105.5435279 20190811062344 
1 -0.2417 -0.1614 0.2138 21.004354 105.5435279 20190811062344 
1 -0.0274 -0.2320 -0.0595 21.004354 105.5435279 20190811062344 
1 0.2328 -0.1032 -0.1243 21.004354 105.5435279 20190811062345 
1 -0.1188 -0.2404 0.1849 21.004354 105.5435279 20190811062345 
1 -0.1947 -0.0373 0.2315 21.004354 105.5435279 20190811062345 
1 0.2644 0.0308 -0.2273 21.004354 105.5435279 20190811062345 
1 -0.3969 -0.4392 0.8612 21.004354 105.5435279 20190811062345 
1 -0.2698 -0.0595 0.7398 21.004354 105.5435279 20190811062345 
1 0.1773 0.2235 -1.2565 21.004354 105.5435279 20190811062345 
1 0.0186 -0.2979 -0.3156 21.004354 105.5435279 20190811062345 
1 0.0126 -0.0803 0.2146 21.004354 105.5435279 20190811062345 
1 0.2029 -0.2080 0.3141 21.004354 105.5435279 20190811062345 
1 0.0038 0.2568 -0.7258 21.004354 105.5435279 20190811062345 
1 -0.2104 -0.1864 0.0016 21.004354 105.5435279 20190811062345 
1 0.1026 -0.3251 0.5138 21.004354 105.5435279 20190811062345 
1 0.0196 -0.0064 -0.6073 21.004354 105.5435279 20190811062345 
1 0.2046 0.0018 -1.0337 21.004354 105.5435279 20190811062345 
1 0.4310 -0.0053 -0.4623 21.004354 105.5435279 20190811062345 
1 -0.2210 -0.2669 0.7730 21.004354 105.5435279 20190811062345 
1 0.1654 0.1947 -0.3842 21.004354 105.5435279 20190811062345 
1 0.5818 -0.0099 -0.9803 21.004354 105.5435279 20190811062345 
1 -0.0026 -0.3546 0.6821 21.004354 105.5435279 20190811062345 
1 0.2489 0.0281 0.8874 21.004354 105.5435279 20190811062345 
1 -0.0467 0.0271 -0.6850 21.004354 105.5435279 20190811062345 
1 0.3664 -0.4440 0.2252 21.004354 105.5435279 20190811062345 
1 0.0469 -0.0435 0.3494 21.004354 105.5435279 20190811062345 
1 0.0692 -0.2330 0.1108 21.004354 105.5435279 20190811062345 
1 0.1360 -0.4307 0.9407 21.004354 105.5435279 20190811062345 
1 0.2682 0.0279 0.3161 21.004354 105.5435279 20190811062345 
1 0.0653 0.0223 -0.1288 21.004354 105.5435279 20190811062345 
1 0.1715 -0.4090 1.1028 21.004354 105.5435279 20190811062345 
1 -0.0640 -0.0629 0.8702 21.004354 105.5435279 20190811062345 
1 0.4744 0.4749 -0.5111 21.004354 105.5435279 20190811062345 
1 -0.2299 -0.2464 0.6695 21.004354 105.5435279 20190811062345 
1 -0.1184 0.0237 1.4135 21.004354 105.5435279 20190811062345 
1 0.2242 0.4076 -0.4198 21.004354 105.5435279 20190811062345 
1 0.0779 0.0299 -1.2954 21.004354 105.5435279 20190811062345 
1 -0.3248 -0.2593 -0.4467 21.004354 105.5435279 20190811062345 
1 0.2177 -0.1072 -0.1889 21.0044547 105.5436883 20190811062345 
1 0.0227 0.0847 -1.1163 21.0044547 105.5436883 20190811062345 
1 0.0687 -0.2133 -1.0673 21.0044547 105.5436883 20190811062345 
1 0.1994 -0.2348 -0.3695 21.0044547 105.5436883 20190811062345 
1 0.1315 -0.0528 -0.5752 21.0044547 105.5436883 20190811062345 
1 0.0299 -0.2650 -0.5394 21.0044547 105.5436883 20190811062345 
1 -0.0311 -0.0042 -0.4195 21.0044547 105.5436883 20190811062345 
1 0.2113 0.0754 0.4099 21.0044547 105.5436883 20190811062345 
1 0.2716 0.1492 0.4519 21.0044547 105.5436883 20190811062345 
1 -0.3297 0.0736 0.2186 21.0044547 105.5436883 20190811062345 
1 0.2555 0.0576 0.6278 21.0044547 105.5436883 20190811062345 
1 0.4596 0.3037 0.3415 21.0044547 105.5436883 20190811062345 
1 -0.4559 -0.0062 0.7357 21.0044547 105.5436883 20190811062346 
1 0.1213 0.0196 0.7698 21.0044547 105.5436883 20190811062346 
1 0.3142 0.0494 0.2431 21.0044547 105.5436883 20190811062346 
1 -0.0989 0.0142 0.6986 21.0044547 105.5436883 20190811062346 
1 -0.1696 0.2719 0.2466 21.0044547 105.5436883 20190811062346 
1 0.1948 0.0502 0.6319 21.0044547 105.5436883 20190811062346 
1 0.0691 0.1682 0.5717 21.0044547 105.5436883 20190811062346 
1 -0.0858 0.1211 0.2689 21.0044547 105.5436883 20190811062346 
1 0.2023 0.2178 -0.0215 21.0044547 105.5436883 20190811062346 
1 0.1727 0.0862 0.2717 21.0044547 105.5436883 20190811062346 
1 -0.2572 0.1661 0.1540 21.0044547 105.5436883 20190811062346 
1 0.2505 0.4797 -0.6192 21.0044547 105.5436883 20190811062346 
1 0.1393 -0.1737 0.7769 21.0044547 105.5436883 20190811062346 
1 -0.0369 0.5318 -0.0798 21.0044547 105.5436883 20190811062346 
1 0.2183 0.4528 -1.2055 21.0044547 105.5436883 20190811062346 
1 0.1585 -0.0003 -0.0304 21.0044547 105.5436883 20190811062346 
1 0.0694 0.2587 0.8000 21.0044547 105.5436883 20190811062346 
1 -0.3219 0.4236 -0.5985 21.0044547 105.5436883 20190811062346 
1 0.4110 0.3814 -0.9481 21.0044547 105.5436883 20190811062346 
1 -0.3464 0.0691 0.2260 21.0044547 105.5436883 20190811062346 
1 0.3974 0.2873 -0.1927 21.0044547 105.5436883 20190811062346 
1 0.1051 0.3321 -1.2677 21.0044547 105.5436883 20190811062346 
1 -0.1456 0.1666 -0.0434 21.0044547 105.5436883 20190811062346 
1 0.1848 0.3333 0.3198 21.0044547 105.5436883 20190811062346 
1 -0.3489 0.2326 -0.7478 21.0044547 105.5436883 20190811062346 
1 -0.0559 0.2087 -0.1916 21.0044547 105.5436883 20190811062346 
1 0.2637 0.3539 -0.3589 21.0044547 105.5436883 20190811062346 
1 -0.3582 0.1029 0.0985 21.0044547 105.5436883 20190811062346 
1 0.0214 0.3595 0.4217 21.0044547 105.5436883 20190811062346 
1 -0.0247 0.4361 -0.4174 21.0044547 105.5436883 20190811062346 
1 -0.5497 0.1169 0.1387 21.0044547 105.5436883 20190811062346 
1 -0.1974 0.2986 0.3121 21.0044547 105.5436883 20190811062346 
1 -0.0987 0.2797 -0.3523 21.0044547 105.5436883 20190811062346 
1 -0.3530 0.1896 0.0540 21.0044547 105.5436883 20190811062346 
1 -0.2104 0.4016 -0.0047 21.0044547 105.5436883 20190811062346 
1 -0.0876 0.1428 0.0036 21.0045564 105.5438448 20190811062346 
1 -0.1287 0.3231 -0.1497 21.0045564 105.5438448 20190811062346 
1 -0.3946 0.2823 -0.0394 21.0045564 105.5438448 20190811062346 
1 -0.2211 0.2657 0.1688 21.0045564 105.5438448 20190811062346 
1 -0.4290 0.3167 -0.0728 21.0045564 105.5438448 20190811062346 
1 0.0450 0.1319 0.2334 21.0045564 105.5438448 20190811062346 
1 -0.2726 0.4540 -0.1652 21.0045564 105.5438448 20190811062346 
1 -0.1126 0.1992 0.1193 21.0045564 105.5438448 20190811062346 
1 0.0991 0.3728 0.2992 21.0045564 105.5438448 20190811062346 
1 -0.2327 0.3478 0.3952 21.0045564 105.5438448 20190811062346 
1 -0.0745 0.2510 0.4001 21.0045564 105.5438448 20190811062346 
1 -0.1758 0.5009 0.2922 21.0045564 105.5438448 20190811062346 
1 0.0405 0.3388 0.5118 21.0045564 105.5438448 20190811062347 
1 0.0075 0.4226 0.2626 21.0045564 105.5438448 20190811062347 
1 0.2246 0.3670 0.0830 21.0045564 105.5438448 20190811062347 
1 -0.2876 0.3295 0.4362 21.0045564 105.5438448 20190811062347 
1 0.2074 0.3853 0.6387 21.0045564 105.5438448 20190811062347 
1 0.0075 0.3954 0.0972 21.0045564 105.5438448 20190811062347 
1 -0.1838 0.3702 0.4299 21.0045564 105.5438448 20190811062347 
1 -0.2813 0.4270 0.1694 21.0045564 105.5438448 20190811062347 
1 0.0296 0.2687 -0.0533 21.0045564 105.5438448 20190811062347 
1 -0.0697 0.4560 -0.1614 21.0045564 105.5438448 20190811062347 
1 -0.3700 0.3963 0.0919 21.0045564 105.5438448 20190811062347 
1 0.1717 0.2908 0.5665 21.0045564 105.5438448 20190811062347 
1 -0.3388 0.4750 -0.0972 21.0045564 105.5438448 20190811062347 
1 0.0291 0.3145 -0.1463 21.0045564 105.5438448 20190811062347 
1 -0.3776 0.3237 0.1346 21.0045564 105.5438448 20190811062347 
1 -0.4381 0.4250 -0.1063 21.0045564 105.5438448 20190811062347 
1 -0.2267 0.3460 -0.2961 21.0045564 105.5438448 20190811062347 
1 -0.0482 0.3385 0.0351 21.0045564 105.5438448 20190811062347 
1 -0.2721 0.3590 -0.3632 21.0045564 105.5438448 20190811062347 
1 0.1801 0.3780 -0.5472 21.0045564 105.5438448 20190811062347 
1 -0.0141 0.2260 -0.1315 21.0045564 105.5438448 20190811062347 
1 -0.2504 0.2592 0.3139 21.0045564 105.5438448 20190811062347 
1 0.1647 0.2344 -0.3199 21.0045564 105.5438448 20190811062347 
1 -0.3376 -0.1426 -0.1684 21.0045564 105.5438448 20190811062347 
1 0.3087 0.0345 0.2112 21.0045564 105.5438448 20190811062347 
1 0.0659 0.1200 -0.4388 21.0045564 105.5438448 20190811062347 
1 0.0878 0.0864 -0.1151 21.0045564 105.5438448 20190811062347 
1 -0.1393 0.2462 0.3287 21.0045564 105.5438448 20190811062347 
1 0.2572 0.2420 0.1267 21.0045564 105.5438448 20190811062347 
1 -0.3018 0.1142 -0.2322 21.0045564 105.5438448 20190811062347 
1 0.3673 0.1573 0.0370 21.0045564 105.5438448 20190811062347 
1 -0.2042 0.0120 0.2552 21.0045564 105.5438448 20190811062347 
1 0.2093 -0.1043 0.4146 21.0045564 105.5438448 20190811062347 
1 -0.0693 -0.0459 0.0337 21.0045564 105.5438448 20190811062347 
1 0.0076 0.0416 0.1641 21.0045564 105.5438448 20190811062347 
1 -0.2432 -0.0419 0.4402 21.0045564 105.5438448 20190811062347 
1 0.1001 0.0143 0.1360 21.0045564 105.5438448 20190811062347 
1 0.2126 -0.0045 -0.1295 21.0045564 105.5438448 20190811062347 
1 -0.2374 -0.1893 0.1706 21.0046567 105.5439931 20190811062347 
1 0.3050 -0.1493 0.2718 21.0046567 105.5439931 20190811062347 
1 -0.0871 -0.2311 0.0787 21.0046567 105.5439931 20190811062347 
1 0.0690 -0.2592 0.1791 21.0046567 105.5439931 20190811062347 
1 -0.0461 -0.1623 0.0643 21.0046567 105.5439931 20190811062347 
1 0.0509 -0.2285 0.0436 21.0046567 105.5439931 20190811062347 
1 -0.0156 -0.3034 0.0858 21.0046567 105.5439931 20190811062347 
1 0.0476 -0.4161 0.1921 21.0046567 105.5439931 20190811062347 
1 -0.0971 -0.3741 0.1322 21.0046567 105.5439931 20190811062347 
1 0.0757 -0.5293 0.3581 21.0046567 105.5439931 20190811062347 
1 -0.2981 -0.4576 0.0769 21.0046567 105.5439931 20190811062347 
1 0.5063 -0.4090 0.1721 21.0046567 105.5439931 20190811062347 
1 -0.2449 -0.5636 0.3531 21.0046567 105.5439931 20190811062347 
1 -0.1763 -0.3794 0.1501 21.0046567 105.5439931 20190811062347 
1 0.2885 -0.5395 -0.1206 21.0046567 105.5439931 20190811062348 
1 -0.4349 -1.0420 -0.0735 21.0046567 105.5439931 20190811062348 
1 0.0870 -1.5667 0.4322 21.0046567 105.5439931 20190811062348 
1 0.1162 -1.2452 -0.5024 21.0046567 105.5439931 20190811062348 
1 -0.2269 -1.3853 -0.0293 21.0046567 105.5439931 20190811062348 
1 0.3653 -1.9149 0.7551 21.0046567 105.5439931 20190811062348 
1 -0.2347 -1.5397 -0.6106 21.0046567 105.5439931 20190811062348 
1 -0.0780 -1.7707 -0.4631 21.0046567 105.5439931 20190811062348 
1 0.4667 -1.8421 -0.2209 21.0046567 105.5439931 20190811062348 
1 -0.2512 -1.6522 -0.3838 21.0046567 105.5439931 20190811062348 
1 -0.0423 -1.8921 -0.4450 21.0046567 105.5439931 20190811062348 
1 0.2643 -1.7062 -0.6671 21.0046567 105.5439931 20190811062348 
1 -0.0163 -1.5779 -0.1475 21.0046567 105.5439931 20190811062348 
1 0.0147 -1.7457 0.0457 21.0046567 105.5439931 20190811062348 
1 0.0228 -1.7082 0.0588 21.0046567 105.5439931 20190811062348 
1 -0.0129 -1.7881 -0.0194 21.0046567 105.5439931 20190811062348 
1 -0.0028 -1.7945 0.2289 21.0046567 105.5439931 20190811062348 
1 0.0263 -1.9797 0.5081 21.0046567 105.5439931 20190811062348 
1 0.1519 -2.0496 -0.0065 21.0046567 105.5439931 20190811062348 
1 0.0723 -2.2441 -0.0126 21.0046567 105.5439931 20190811062348 
1 -0.5439 -2.4189 0.7347 21.0046567 105.5439931 20190811062348 
1 0.0297 -2.3917 0.9666 21.0046567 105.5439931 20190811062348 
1 0.2559 -2.1285 0.0452 21.0046567 105.5439931 20190811062348 
1 -0.5032 -2.6350 0.4629 21.0046567 105.5439931 20190811062348 
1 0.3697 -2.5200 0.5478 21.0046567 105.5439931 20190811062348 
1 -0.3103 -2.7423 0.1916 21.0046567 105.5439931 20190811062348 
1 0.1658 -2.6459 -0.0286 21.0046567 105.5439931 20190811062348 
1 -0.3241 -2.6794 -0.1399 21.0046567 105.5439931 20190811062348 
1 -0.1681 -2.9563 0.9306 21.0046567 105.5439931 20190811062348 
1 0.2035 -2.6496 0.1456 21.0046567 105.5439931 20190811062348 
1 -0.0673 -2.8864 -0.1552 21.0046567 105.5439931 20190811062348 
1 -0.3640 -2.7582 0.0139 21.0046567 105.5439931 20190811062348 
1 0.3229 -2.8193 0.4277 21.0046567 105.5439931 20190811062348 
1 -0.2165 -2.5597 -0.1626 21.0046567 105.5439931 20190811062348 
1 0.1136 -2.6574 -0.6267 21.0046567 105.5439931 20190811062348 
1 -0.0301 -2.9879 0.1253 21.0046567 105.5439931 20190811062348 
1 -0.4098 -2.6471 0.0694 21.0047668 105.5441505 20190811062348 
1 0.2934 -2.7960 -0.4074 21.0047668 105.5441505 20190811062348 
1 -0.2042 -2.6008 -0.3344 21.0047668 105.5441505 20190811062348 
1 -0.0288 -2.8617 0.1232 21.0047668 105.5441505 20190811062348 
1 -0.0806 -2.8818 -0.1556 21.0047668 105.5441505 20190811062348 
1 0.1544 -2.7463 -0.7574 21.0047668 105.5441505 20190811062348 
1 -0.2382 -3.1601 -0.1000 21.0047668 105.5441505 20190811062348 
1 0.0015 -2.9290 -0.2747 21.0047668 105.5441505 20190811062348 
1 0.1097 -2.8537 -0.6162 21.0047668 105.5441505 20190811062348 
1 0.0790 -3.2702 -0.1607 21.0047668 105.5441505 20190811062348 
1 -0.2407 -3.3052 0.5553 21.0047668 105.5441505 20190811062348 
1 0.3977 -2.9515 0.3564 21.0047668 105.5441505 20190811062348 
1 -0.1782 -3.2148 -0.1774 21.0047668 105.5441505 20190811062348 
1 0.0876 -3.0926 0.2300 21.0047668 105.5441505 20190811062349 
1 0.1336 -3.1192 0.0715 21.0047668 105.5441505 20190811062349 
1 0.2337 -3.2130 -0.2513 21.0047668 105.5441505 20190811062349 
1 -0.2236 -3.0131 0.2762 21.0047668 105.5441505 20190811062349 
1 0.0619 -2.8949 0.1697 21.0047668 105.5441505 20190811062349 
1 -0.1260 -3.0308 0.2356 21.0047668 105.5441505 20190811062349 
1 0.0287 -2.7956 0.3180 21.0047668 105.5441505 20190811062349 
1 0.0956 -3.0742 0.3628 21.0047668 105.5441505 20190811062349 
1 -0.0642 -2.7767 0.1415 21.0047668 105.5441505 20190811062349 
1 -0.1551 -2.6392 -0.2480 21.0047668 105.5441505 20190811062349 
1 0.1568 -2.9884 -0.3257 21.0047668 105.5441505 20190811062349 
1 -0.2101 -2.9737 -0.2950 21.0047668 105.5441505 20190811062349 
1 -0.0572 -2.6894 -0.6659 21.0047668 105.5441505 20190811062349 
1 -0.0971 -2.8390 -0.9805 21.0047668 105.5441505 20190811062349 
1 0.2594 -2.9710 -0.1484 21.0047668 105.5441505 20190811062349 
1 -0.3619 -2.7284 -0.0945 21.0047668 105.5441505 20190811062349 
1 0.2414 -2.9203 -0.2067 21.0047668 105.5441505 20190811062349 
1 -0.1565 -2.7938 -0.5135 21.0047668 105.5441505 20190811062349 
1 0.2517 -2.8831 -0.4941 21.0047668 105.5441505 20190811062349 
1 0.1433 -2.9315 -0.4609 21.0047668 105.5441505 20190811062349 
1 0.2538 -2.8180 0.0003 21.0047668 105.5441505 20190811062349 
1 -0.0752 -2.7869 -0.0281 21.0047668 105.5441505 20190811062349 
1 0.0797 -3.0493 0.0088 21.0047668 105.5441505 20190811062349 
1 0.2406 -3.0363 0.7968 21.0047668 105.5441505 20190811062349 
1 -0.0914 -2.7983 0.3781 21.0047668 105.5441505 20190811062349 
1 0.0521 -2.9389 0.3673 21.0047668 105.5441505 20190811062349 
1 0.0648 -3.0196 0.6097 21.0047668 105.5441505 20190811062349 
1 0.0414 -2.8093 0.2900 21.0047668 105.5441505 20190811062349 
1 0.2564 -2.8761 0.3982 21.0047668 105.5441505 20190811062349 
1 0.1196 -2.8790 0.0014 21.0047668 105.5441505 20190811062349 
1 0.1185 -3.1413 0.6613 21.0047668 105.5441505 20190811062349 
1 -0.1071 -2.6259 0.4425 21.0047668 105.5441505 20190811062349 
1 -0.0092 -2.8500 0.1445 21.0047668 105.5441505 20190811062349 
1 0.2778 -2.6992 0.0732 21.0047668 105.5441505 20190811062349 
1 -0.7983 -2.7689 0.2116 21.0047668 105.5441505 20190811062349 
1 0.4172 -2.9593 0.0092 21.0047668 105.5441505 20190811062349 
1 -0.1720 -2.6912 -0.1023 21.0048565 105.5442734 20190811062349 
1 -0.2765 -2.9055 -0.1225 21.0048565 105.5442734 20190811062349 
1 0.6370 -2.7330 -0.6639 21.0048565 105.5442734 20190811062349 
1 -0.3175 -3.0297 -0.5853 21.0048565 105.5442734 20190811062349 
1 -0.1029 -2.8044 0.2154 21.0048565 105.5442734 20190811062349 
1 0.2565 -2.5723 -0.3796 21.0048565 105.5442734 20190811062349 
1 -0.3677 -2.9619 -0.1169 21.0048565 105.5442734 20190811062349 
1 -0.0502 -3.0743 0.1771 21.0048565 105.5442734 20190811062349 
1 0.0829 -2.8603 -0.6784 21.0048565 105.5442734 20190811062349 
1 -0.1937 -2.9943 0.0900 21.0048565 105.5442734 20190811062349 
1 0.0347 -2.8665 0.3299 21.0048565 105.5442734 20190811062349 
1 -0.1295 -2.5667 -0.0210 21.0048565 105.5442734 20190811062349 
1 0.4129 -2.7802 0.3314 21.0048565 105.5442734 20190811062349 
1 -0.5756 -2.7519 0.3782 21.0048565 105.5442734 20190811062349 
1 0.5415 -2.8700 0.3152 21.0048565 105.5442734 20190811062350 
1 -0.0198 -2.8115 -0.0373 21.0048565 105.5442734 20190811062350 
1 -0.1827 -2.6082 0.4762 21.0048565 105.5442734 20190811062350 
1 0.1460 -2.7301 0.4438 21.0048565 105.5442734 20190811062350 
1 0.3569 -2.5843 0.1537 21.0048565 105.5442734 20190811062350 
1 -0.3065 -2.5187 0.2672 21.0048565 105.5442734 20190811062350 
1 0.0902 -2.4716 0.0543 21.0048565 105.5442734 20190811062350 
1 -0.0380 -2.6669 -0.0981 21.0048565 105.5442734 20190811062350 
1 0.0042 -2.7451 -0.2804 21.0048565 105.5442734 20190811062350 
1 -0.2495 -2.6353 -0.3503 21.0048565 105.5442734 20190811062350 
1 0.2278 -2.7043 -0.1528 21.0048565 105.5442734 20190811062350 
1 -0.0470 -2.6046 -0.1365 21.0048565 105.5442734 20190811062350 
1 -0.1506 -2.5704 -0.1608 21.0048565 105.5442734 20190811062350 
1 0.3154 -2.5399 0.1984 21.0048565 105.5442734 20190811062350 
1 -0.3202 -2.4521 -0.1457 21.0048565 105.5442734 20190811062350 
1 0.2122 -2.8895 0.0007 21.0048565 105.5442734 20190811062350 
1 -0.5063 -2.6168 -0.1149 21.0048565 105.5442734 20190811062350 
1 0.0662 -2.5112 -0.4575 21.0048565 105.5442734 20190811062350 
1 -0.1658 -2.6864 -0.0392 21.0048565 105.5442734 20190811062350 
1 -0.1726 -2.5000 0.0528 21.0048565 105.5442734 20190811062350 
1 -0.3384 -2.6040 0.2303 21.0048565 105.5442734 20190811062350 
1 0.1760 -2.1101 -0.1672 21.0048565 105.5442734 20190811062350 
1 -0.0852 -2.7046 0.1698 21.0048565 105.5442734 20190811062350 
1 -0.3359 -2.5224 0.5417 21.0048565 105.5442734 20190811062350 
1 0.1292 -2.7564 0.1555 21.0048565 105.5442734 20190811062350 
1 -0.2721 -2.2833 -0.2244 21.0048565 105.5442734 20190811062350 
1 0.0155 -2.4525 -0.0460 21.0048565 105.5442734 20190811062350 
1 0.2007 -2.5926 0.0478 21.0048565 105.5442734 20190811062350 
1 0.1448 -2.2754 0.0617 21.0048565 105.5442734 20190811062350 
1 -0.2700 -2.2692 -0.6450 21.0048565 105.5442734 20190811062350 
1 0.4824 -2.1741 -0.1969 21.0048565 105.5442734 20190811062350 
1 -0.7496 -2.5941 0.1241 21.0048565 105.5442734 20190811062350 
1 0.7424 -2.4111 0.1986 21.0048565 105.5442734 20190811062350 
1 -0.5865 -2.3338 -1.0390 21.0048565 105.5442734 20190811062350 
1 0.1606 -2.6780 0.3587 21.0049421 105.544408 20190811062350 
1 -0.3333 -2.4545 0.3862 21.0049421 105.544408 20190811062350 
1 -0.1412 -2.3505 -0.3839 21.0049421 105.544408 20190811062350 
1 0.1095 -2.3594 0.0538 21.0049421 105.544408 20190811062350 
1 -0.2928 -2.0952 -0.2555 21.0049421 105.544408 20190811062350 
1 0.6086 -2.3322 -0.4913 21.0049421 105.544408 20190811062350 
1 -0.0225 -2.4501 0.0150 21.0049421 105.544408 20190811062350 
1 -0.1788 -2.2028 -0.0535 21.0049421 105.544408 20190811062350 
1 0.3644 -2.4823 -0.7007 21.0049421 105.544408 20190811062350 
1 0.0264 -2.4966 -0.3216 21.0049421 105.544408 20190811062350 
1 -0.2951 -2.4813 0.4152 21.0049421 105.544408 20190811062350 
1 0.3335 -1.9851 -0.2497 21.0049421 105.544408 20190811062350 
1 -0.2225 -2.3296 -0.4701 21.0049421 105.544408 20190811062350 
1 0.0615 -2.3636 0.3368 21.0049421 105.544408 20190811062350 
1 -0.2836 -2.0155 0.1099 21.0049421 105.544408 20190811062350 
1 0.1867 -1.9475 -0.3630 21.0049421 105.544408 20190811062351 
1 -0.1745 -2.0666 0.1129 21.0049421 105.544408 20190811062351 
1 -0.0775 -2.0134 0.2039 21.0049421 105.544408 20190811062351 
1 0.1247 -1.6098 -0.3207 21.0049421 105.544408 20190811062351 
1 -0.0229 -1.7287 -0.6389 21.0049421 105.544408 20190811062351 
1 0.2275 -1.7378 0.2612 21.0049421 105.544408 20190811062351 
1 -0.0310 -1.4076 0.1532 21.0049421 105.544408 20190811062351 
1 -0.0629 -1.4070 -0.2157 21.0049421 105.544408 20190811062351 
1 -0.0441 -1.2914 -0.0566 21.0049421 105.544408 20190811062351 
1 -0.0361 -1.4358 0.0994 21.0049421 105.544408 20190811062351 
1 -0.0043 -1.3728 -0.0888 21.0049421 105.544408 20190811062351 
1 0.2206 -1.2632 -0.3701 21.0049421 105.544408 20190811062351 
1 -0.2594 -1.5200 0.2255 21.0049421 105.544408 20190811062351 
1 -0.2351 -1.5703 0.3882 21.0049421 105.544408 20190811062351 
1 -0.1217 -1.5917 -0.2474 21.0049421 105.544408 20190811062351 
1 0.0699 -1.6371 -0.2669 21.0049421 105.544408 20190811062351 
1 -0.1166 -1.6522 0.0211 21.0049421 105.544408 20190811062351 
1 -0.0409 -1.5772 0.2162 21.0049421 105.544408 20190811062351 
1 0.0952 -1.4450 -0.0973 21.0049421 105.544408 20190811062351 
1 0.1001 -1.5277 -0.2845 21.0049421 105.544408 20190811062351 
1 -0.0325 -1.4675 -0.1668 21.0049421 105.544408 20190811062351 
1 0.0425 -1.6467 0.2012 21.0049421 105.544408 20190811062351 
1 -0.0475 -1.1192 0.3209 21.0049421 105.544408 20190811062351 
1 -0.2931 -1.3687 0.2421 21.0049421 105.544408 20190811062351 
1 -0.2948 -1.4601 0.2915 21.0049421 105.544408 20190811062351 
1 -0.1721 -1.3138 -0.0916 21.0049421 105.544408 20190811062351 
1 -0.0700 -1.5537 -0.1948 21.0049421 105.544408 20190811062351 
1 0.0569 -1.4610 0.0999 21.0049421 105.544408 20190811062351 
1 -0.2223 -1.5493 0.1451 21.0049421 105.544408 20190811062351 
1 0.0027 -1.4798 0.3545 21.0049421 105.544408 20190811062351 
1 0.0469 -1.4633 0.1372 21.0049421 105.544408 20190811062351 
1 -0.1565 -1.5129 0.0249 21.0049421 105.544408 20190811062351 
1 -0.1191 -1.3523 0.0463 21.0049421 105.544408 20190811062351 
1 -0.0055 -1.3918 -0.1053 21.0049421 105.544408 20190811062351 
1 -0.0048 -1.4857 0.2752 21.0049421 105.544408 20190811062351 
1 -0.0801 -1.3065 0.2417 21.0049421 105.544408 20190811062351 
1 -0.1469 -1.3296 0.0824 21.0049833 105.5444781 20190811062351 
1 -0.2510 -1.2956 0.3986 21.0049833 105.5444781 20190811062351 
1 -0.2759 -1.3340 0.2069 21.0049833 105.5444781 20190811062351 
1 -0.3042 -1.2542 -0.3270 21.0049833 105.5444781 20190811062351 
1 -0.0918 -1.3703 -0.2556 21.0049833 105.5444781 20190811062351 
1 0.0017 -1.2455 0.0156 21.0049833 105.5444781 20190811062351 
1 -0.3936 -1.3591 -0.0622 21.0049833 105.5444781 20190811062351 
1 -0.1912 -0.8841 -0.8946 21.0049833 105.5444781 20190811062351 
1 0.0528 -1.2668 0.6116 21.0049833 105.5444781 20190811062351 
1 -0.4527 -1.2599 1.4139 21.0049833 105.5444781 20190811062351 
1 -0.0481 -0.7587 -0.8754 21.0049833 105.5444781 20190811062351 
1 0.1403 -0.7860 -2.2409 21.0049833 105.5444781 20190811062351 
1 -0.3891 -1.0080 1.7187 21.0049833 105.5444781 20190811062351 
1 0.1404 -0.8565 0.8224 21.0049833 105.5444781 20190811062352 
1 -0.1530 -0.5056 -1.6684 21.0049833 105.5444781 20190811062352 
1 -0.2920 -0.9055 0.1207 21.0049833 105.5444781 20190811062352 
1 -0.2393 -1.0481 1.0923 21.0049833 105.5444781 20190811062352 
